x tent1 tent2 tent3 tent4
0 0 0 0 0
0.0005 0.001 0.002 0.004 0.008
0.001 0.002 0.004 0.008 0.016
0.0015 0.003 0.006 0.012 0.024
0.002 0.004 0.008 0.016 0.032
0.0025 0.005 0.01 0.02 0.04
0.003 0.006 0.012 0.024 0.048
0.0035 0.007 0.014 0.028 0.056
0.004 0.008 0.016 0.032 0.064
0.0045 0.009 0.018 0.036 0.072
0.005 0.01 0.02 0.04 0.08
0.0055 0.011 0.022 0.044 0.088
0.006 0.012 0.024 0.048 0.096
0.0065 0.013 0.026 0.052 0.104
0.007 0.014 0.028 0.056 0.112
0.0075 0.015 0.03 0.06 0.12
0.008 0.016 0.032 0.064 0.128
0.0085 0.017 0.034 0.068 0.136
0.009 0.018 0.036 0.072 0.144
0.0095 0.019 0.038 0.076 0.152
0.01 0.02 0.04 0.08 0.16
0.0105 0.021 0.042 0.084 0.168
0.011 0.022 0.044 0.088 0.176
0.0115 0.023 0.046 0.092 0.184
0.012 0.024 0.048 0.096 0.192
0.0125 0.025 0.05 0.1 0.2
0.013 0.026 0.052 0.104 0.208
0.0135 0.027 0.054 0.108 0.216
0.014 0.028 0.056 0.112 0.224
0.0145 0.029 0.058 0.116 0.232
0.015 0.03 0.06 0.12 0.24
0.0155 0.031 0.062 0.124 0.248
0.016 0.032 0.064 0.128 0.256
0.0165 0.033 0.066 0.132 0.264
0.017 0.034 0.068 0.136 0.272
0.0175 0.035 0.07 0.14 0.28
0.018 0.036 0.072 0.144 0.288
0.0185 0.037 0.074 0.148 0.296
0.019 0.038 0.076 0.152 0.304
0.0195 0.039 0.078 0.156 0.312
0.02 0.04 0.08 0.16 0.32
0.0205 0.041 0.082 0.164 0.328
0.021 0.042 0.084 0.168 0.336
0.0215 0.043 0.086 0.172 0.344
0.022 0.044 0.088 0.176 0.352
0.0225 0.045 0.09 0.18 0.36
0.023 0.046 0.092 0.184 0.368
0.0235 0.047 0.094 0.188 0.376
0.024 0.048 0.096 0.192 0.384
0.0245 0.049 0.098 0.196 0.392
0.025 0.05 0.1 0.2 0.4
0.0255 0.051 0.102 0.204 0.408
0.026 0.052 0.104 0.208 0.416
0.0265 0.053 0.106 0.212 0.424
0.027 0.054 0.108 0.216 0.432
0.0275 0.055 0.11 0.22 0.44
0.028 0.056 0.112 0.224 0.448
0.0285 0.057 0.114 0.228 0.456
0.029 0.058 0.116 0.232 0.464
0.0295 0.059 0.118 0.236 0.472
0.03 0.06 0.12 0.24 0.48
0.0305 0.061 0.122 0.244 0.488
0.031 0.062 0.124 0.248 0.496
0.0315 0.063 0.126 0.252 0.504
0.032 0.064 0.128 0.256 0.512
0.0325 0.065 0.13 0.26 0.52
0.033 0.066 0.132 0.264 0.528
0.0335 0.067 0.134 0.268 0.536
0.034 0.068 0.136 0.272 0.544
0.0345 0.069 0.138 0.276 0.552
0.035 0.07 0.14 0.28 0.56
0.0355 0.071 0.142 0.284 0.568
0.036 0.072 0.144 0.288 0.576
0.0365 0.073 0.146 0.292 0.584
0.037 0.074 0.148 0.296 0.592
0.0375 0.075 0.15 0.3 0.6
0.038 0.076 0.152 0.304 0.608
0.0385 0.077 0.154 0.308 0.616
0.039 0.078 0.156 0.312 0.624
0.0395 0.079 0.158 0.316 0.632
0.04 0.08 0.16 0.32 0.64
0.0405 0.081 0.162 0.324 0.648
0.041 0.082 0.164 0.328 0.656
0.0415 0.083 0.166 0.332 0.664
0.042 0.084 0.168 0.336 0.672
0.0425 0.085 0.17 0.34 0.68
0.043 0.086 0.172 0.344 0.688
0.0435 0.087 0.174 0.348 0.696
0.044 0.088 0.176 0.352 0.704
0.0445 0.089 0.178 0.356 0.712
0.045 0.09 0.18 0.36 0.72
0.0455 0.091 0.182 0.364 0.728
0.046 0.092 0.184 0.368 0.736
0.0465 0.093 0.186 0.372 0.744
0.047 0.094 0.188 0.376 0.752
0.0475 0.095 0.19 0.38 0.76
0.048 0.096 0.192 0.384 0.768
0.0485 0.097 0.194 0.388 0.776
0.049 0.098 0.196 0.392 0.784
0.0495 0.099 0.198 0.396 0.792
0.05 0.1 0.2 0.4 0.8
0.0505 0.101 0.202 0.404 0.808
0.051 0.102 0.204 0.408 0.816
0.0515 0.103 0.206 0.412 0.824
0.052 0.104 0.208 0.416 0.832
0.0525 0.105 0.21 0.42 0.84
0.053 0.106 0.212 0.424 0.848
0.0535 0.107 0.214 0.428 0.856
0.054 0.108 0.216 0.432 0.864
0.0545 0.109 0.218 0.436 0.872
0.055 0.11 0.22 0.44 0.88
0.0555 0.111 0.222 0.444 0.888
0.056 0.112 0.224 0.448 0.896
0.0565 0.113 0.226 0.452 0.904
0.057 0.114 0.228 0.456 0.912
0.0575 0.115 0.23 0.46 0.92
0.058 0.116 0.232 0.464 0.928
0.0585 0.117 0.234 0.468 0.936
0.059 0.118 0.236 0.472 0.944
0.0595 0.119 0.238 0.476 0.952
0.06 0.12 0.24 0.48 0.96
0.0605 0.121 0.242 0.484 0.968
0.061 0.122 0.244 0.488 0.976
0.0615 0.123 0.246 0.492 0.984
0.062 0.124 0.248 0.496 0.992
0.0625 0.125 0.25 0.5 1
0.063 0.126 0.252 0.504 0.992
0.0635 0.127 0.254 0.508 0.984
0.064 0.128 0.256 0.512 0.976
0.0645 0.129 0.258 0.516 0.968
0.065 0.13 0.26 0.52 0.96
0.0655 0.131 0.262 0.524 0.952
0.066 0.132 0.264 0.528 0.944
0.0665 0.133 0.266 0.532 0.936
0.067 0.134 0.268 0.536 0.928
0.0675 0.135 0.27 0.54 0.92
0.068 0.136 0.272 0.544 0.912
0.0685 0.137 0.274 0.548 0.904
0.069 0.138 0.276 0.552 0.896
0.0695 0.139 0.278 0.556 0.888
0.07 0.14 0.28 0.56 0.88
0.0705 0.141 0.282 0.564 0.872
0.071 0.142 0.284 0.568 0.864
0.0715 0.143 0.286 0.572 0.856
0.072 0.144 0.288 0.576 0.848
0.0725 0.145 0.29 0.58 0.84
0.073 0.146 0.292 0.584 0.832
0.0735 0.147 0.294 0.588 0.824
0.074 0.148 0.296 0.592 0.816
0.0745 0.149 0.298 0.596 0.808
0.075 0.15 0.3 0.6 0.8
0.0755 0.151 0.302 0.604 0.792
0.076 0.152 0.304 0.608 0.784
0.0765 0.153 0.306 0.612 0.776
0.077 0.154 0.308 0.616 0.768
0.0775 0.155 0.31 0.62 0.76
0.078 0.156 0.312 0.624 0.752
0.0785 0.157 0.314 0.628 0.744
0.079 0.158 0.316 0.632 0.736
0.0795 0.159 0.318 0.636 0.728
0.08 0.16 0.32 0.64 0.72
0.0805 0.161 0.322 0.644 0.712
0.081 0.162 0.324 0.648 0.704
0.0815 0.163 0.326 0.652 0.696
0.082 0.164 0.328 0.656 0.688
0.0825 0.165 0.33 0.66 0.68
0.083 0.166 0.332 0.664 0.672
0.0835 0.167 0.334 0.668 0.664
0.084 0.168 0.336 0.672 0.656
0.0845 0.169 0.338 0.676 0.648
0.085 0.17 0.34 0.68 0.64
0.0855 0.171 0.342 0.684 0.632
0.086 0.172 0.344 0.688 0.624
0.0865 0.173 0.346 0.692 0.616
0.087 0.174 0.348 0.696 0.608
0.0875 0.175 0.35 0.7 0.6
0.088 0.176 0.352 0.704 0.592
0.0885 0.177 0.354 0.708 0.584
0.089 0.178 0.356 0.712 0.576
0.0895 0.179 0.358 0.716 0.568
0.09 0.18 0.36 0.72 0.56
0.0905 0.181 0.362 0.724 0.552
0.091 0.182 0.364 0.728 0.544
0.0915 0.183 0.366 0.732 0.536
0.092 0.184 0.368 0.736 0.528
0.0925 0.185 0.37 0.74 0.52
0.093 0.186 0.372 0.744 0.512
0.0935 0.187 0.374 0.748 0.504
0.094 0.188 0.376 0.752 0.496
0.0945 0.189 0.378 0.756 0.488
0.095 0.19 0.38 0.76 0.48
0.0955 0.191 0.382 0.764 0.472
0.096 0.192 0.384 0.768 0.464
0.0965 0.193 0.386 0.772 0.456
0.097 0.194 0.388 0.776 0.448
0.0975 0.195 0.39 0.78 0.44
0.098 0.196 0.392 0.784 0.432
0.0985 0.197 0.394 0.788 0.424
0.099 0.198 0.396 0.792 0.416
0.0995 0.199 0.398 0.796 0.408
0.1 0.2 0.4 0.8 0.4
0.1005 0.201 0.402 0.804 0.392
0.101 0.202 0.404 0.808 0.384
0.1015 0.203 0.406 0.812 0.376
0.102 0.204 0.408 0.816 0.368
0.1025 0.205 0.41 0.82 0.36
0.103 0.206 0.412 0.824 0.352
0.1035 0.207 0.414 0.828 0.344
0.104 0.208 0.416 0.832 0.336
0.1045 0.209 0.418 0.836 0.328
0.105 0.21 0.42 0.84 0.32
0.1055 0.211 0.422 0.844 0.312
0.106 0.212 0.424 0.848 0.304
0.1065 0.213 0.426 0.852 0.296
0.107 0.214 0.428 0.856 0.288
0.1075 0.215 0.43 0.86 0.28
0.108 0.216 0.432 0.864 0.272
0.1085 0.217 0.434 0.868 0.264
0.109 0.218 0.436 0.872 0.256
0.1095 0.219 0.438 0.876 0.248
0.11 0.22 0.44 0.88 0.24
0.1105 0.221 0.442 0.884 0.232
0.111 0.222 0.444 0.888 0.224
0.1115 0.223 0.446 0.892 0.216
0.112 0.224 0.448 0.896 0.208
0.1125 0.225 0.45 0.9 0.2
0.113 0.226 0.452 0.904 0.192
0.1135 0.227 0.454 0.908 0.184
0.114 0.228 0.456 0.912 0.176
0.1145 0.229 0.458 0.916 0.168
0.115 0.23 0.46 0.92 0.16
0.1155 0.231 0.462 0.924 0.152
0.116 0.232 0.464 0.928 0.144
0.1165 0.233 0.466 0.932 0.136
0.117 0.234 0.468 0.936 0.128
0.1175 0.235 0.47 0.94 0.12
0.118 0.236 0.472 0.944 0.112
0.1185 0.237 0.474 0.948 0.104
0.119 0.238 0.476 0.952 0.096
0.1195 0.239 0.478 0.956 0.088
0.12 0.24 0.48 0.96 0.08
0.1205 0.241 0.482 0.964 0.072
0.121 0.242 0.484 0.968 0.064
0.1215 0.243 0.486 0.972 0.056
0.122 0.244 0.488 0.976 0.048
0.1225 0.245 0.49 0.98 0.04
0.123 0.246 0.492 0.984 0.032
0.1235 0.247 0.494 0.988 0.024
0.124 0.248 0.496 0.992 0.016
0.1245 0.249 0.498 0.996 0.008
0.125 0.25 0.5 1 0
0.1255 0.251 0.502 0.996 0.008
0.126 0.252 0.504 0.992 0.016
0.1265 0.253 0.506 0.988 0.024
0.127 0.254 0.508 0.984 0.032
0.1275 0.255 0.51 0.98 0.04
0.128 0.256 0.512 0.976 0.048
0.1285 0.257 0.514 0.972 0.056
0.129 0.258 0.516 0.968 0.064
0.1295 0.259 0.518 0.964 0.072
0.13 0.26 0.52 0.96 0.08
0.1305 0.261 0.522 0.956 0.088
0.131 0.262 0.524 0.952 0.096
0.1315 0.263 0.526 0.948 0.104
0.132 0.264 0.528 0.944 0.112
0.1325 0.265 0.53 0.94 0.12
0.133 0.266 0.532 0.936 0.128
0.1335 0.267 0.534 0.932 0.136
0.134 0.268 0.536 0.928 0.144
0.1345 0.269 0.538 0.924 0.152
0.135 0.27 0.54 0.92 0.16
0.1355 0.271 0.542 0.916 0.168
0.136 0.272 0.544 0.912 0.176
0.1365 0.273 0.546 0.908 0.184
0.137 0.274 0.548 0.904 0.192
0.1375 0.275 0.55 0.9 0.2
0.138 0.276 0.552 0.896 0.208
0.1385 0.277 0.554 0.892 0.216
0.139 0.278 0.556 0.888 0.224
0.1395 0.279 0.558 0.884 0.232
0.14 0.28 0.56 0.88 0.24
0.1405 0.281 0.562 0.876 0.248
0.141 0.282 0.564 0.872 0.256
0.1415 0.283 0.566 0.868 0.264
0.142 0.284 0.568 0.864 0.272
0.1425 0.285 0.57 0.86 0.28
0.143 0.286 0.572 0.856 0.288
0.1435 0.287 0.574 0.852 0.296
0.144 0.288 0.576 0.848 0.304
0.1445 0.289 0.578 0.844 0.312
0.145 0.29 0.58 0.84 0.32
0.1455 0.291 0.582 0.836 0.328
0.146 0.292 0.584 0.832 0.336
0.1465 0.293 0.586 0.828 0.344
0.147 0.294 0.588 0.824 0.352
0.1475 0.295 0.59 0.82 0.36
0.148 0.296 0.592 0.816 0.368
0.1485 0.297 0.594 0.812 0.376
0.149 0.298 0.596 0.808 0.384
0.1495 0.299 0.598 0.804 0.392
0.15 0.3 0.6 0.8 0.4
0.1505 0.301 0.602 0.796 0.408
0.151 0.302 0.604 0.792 0.416
0.1515 0.303 0.606 0.788 0.424
0.152 0.304 0.608 0.784 0.432
0.1525 0.305 0.61 0.78 0.44
0.153 0.306 0.612 0.776 0.448
0.1535 0.307 0.614 0.772 0.456
0.154 0.308 0.616 0.768 0.464
0.1545 0.309 0.618 0.764 0.472
0.155 0.31 0.62 0.76 0.48
0.1555 0.311 0.622 0.756 0.488
0.156 0.312 0.624 0.752 0.496
0.1565 0.313 0.626 0.748 0.504
0.157 0.314 0.628 0.744 0.512
0.1575 0.315 0.63 0.74 0.52
0.158 0.316 0.632 0.736 0.528
0.1585 0.317 0.634 0.732 0.536
0.159 0.318 0.636 0.728 0.544
0.1595 0.319 0.638 0.724 0.552
0.16 0.32 0.64 0.72 0.56
0.1605 0.321 0.642 0.716 0.568
0.161 0.322 0.644 0.712 0.576
0.1615 0.323 0.646 0.708 0.584
0.162 0.324 0.648 0.704 0.592
0.1625 0.325 0.65 0.7 0.6
0.163 0.326 0.652 0.696 0.608
0.1635 0.327 0.654 0.692 0.616
0.164 0.328 0.656 0.688 0.624
0.1645 0.329 0.658 0.684 0.632
0.165 0.33 0.66 0.68 0.64
0.1655 0.331 0.662 0.676 0.648
0.166 0.332 0.664 0.672 0.656
0.1665 0.333 0.666 0.668 0.664
0.167 0.334 0.668 0.664 0.672
0.1675 0.335 0.67 0.66 0.68
0.168 0.336 0.672 0.656 0.688
0.1685 0.337 0.674 0.652 0.696
0.169 0.338 0.676 0.648 0.704
0.1695 0.339 0.678 0.644 0.712
0.17 0.34 0.68 0.64 0.72
0.1705 0.341 0.682 0.636 0.728
0.171 0.342 0.684 0.632 0.736
0.1715 0.343 0.686 0.628 0.744
0.172 0.344 0.688 0.624 0.752
0.1725 0.345 0.69 0.62 0.76
0.173 0.346 0.692 0.616 0.768
0.1735 0.347 0.694 0.612 0.776
0.174 0.348 0.696 0.608 0.784
0.1745 0.349 0.698 0.604 0.792
0.175 0.35 0.7 0.6 0.8
0.1755 0.351 0.702 0.596 0.808
0.176 0.352 0.704 0.592 0.816
0.1765 0.353 0.706 0.588 0.824
0.177 0.354 0.708 0.584 0.832
0.1775 0.355 0.71 0.58 0.84
0.178 0.356 0.712 0.576 0.848
0.1785 0.357 0.714 0.572 0.856
0.179 0.358 0.716 0.568 0.864
0.1795 0.359 0.718 0.564 0.872
0.18 0.36 0.72 0.56 0.88
0.1805 0.361 0.722 0.556 0.888
0.181 0.362 0.724 0.552 0.896
0.1815 0.363 0.726 0.548 0.904
0.182 0.364 0.728 0.544 0.912
0.1825 0.365 0.73 0.54 0.92
0.183 0.366 0.732 0.536 0.928
0.1835 0.367 0.734 0.532 0.936
0.184 0.368 0.736 0.528 0.944
0.1845 0.369 0.738 0.524 0.952
0.185 0.37 0.74 0.52 0.96
0.1855 0.371 0.742 0.516 0.968
0.186 0.372 0.744 0.512 0.976
0.1865 0.373 0.746 0.508 0.984
0.187 0.374 0.748 0.504 0.992
0.1875 0.375 0.75 0.5 1
0.188 0.376 0.752 0.496 0.992
0.1885 0.377 0.754 0.492 0.984
0.189 0.378 0.756 0.488 0.976
0.1895 0.379 0.758 0.484 0.968
0.19 0.38 0.76 0.48 0.96
0.1905 0.381 0.762 0.476 0.952
0.191 0.382 0.764 0.472 0.944
0.1915 0.383 0.766 0.468 0.936
0.192 0.384 0.768 0.464 0.928
0.1925 0.385 0.77 0.46 0.92
0.193 0.386 0.772 0.456 0.912
0.1935 0.387 0.774 0.452 0.904
0.194 0.388 0.776 0.448 0.896
0.1945 0.389 0.778 0.444 0.888
0.195 0.39 0.78 0.44 0.88
0.1955 0.391 0.782 0.436 0.872
0.196 0.392 0.784 0.432 0.864
0.1965 0.393 0.786 0.428 0.856
0.197 0.394 0.788 0.424 0.848
0.1975 0.395 0.79 0.42 0.84
0.198 0.396 0.792 0.416 0.832
0.1985 0.397 0.794 0.412 0.824
0.199 0.398 0.796 0.408 0.816
0.1995 0.399 0.798 0.404 0.808
0.2 0.4 0.8 0.4 0.8
0.2005 0.401 0.802 0.396 0.792
0.201 0.402 0.804 0.392 0.784
0.2015 0.403 0.806 0.388 0.776
0.202 0.404 0.808 0.384 0.768
0.2025 0.405 0.81 0.38 0.76
0.203 0.406 0.812 0.376 0.752
0.2035 0.407 0.814 0.372 0.744
0.204 0.408 0.816 0.368 0.736
0.2045 0.409 0.818 0.364 0.728
0.205 0.41 0.82 0.36 0.72
0.2055 0.411 0.822 0.356 0.712
0.206 0.412 0.824 0.352 0.704
0.2065 0.413 0.826 0.348 0.696
0.207 0.414 0.828 0.344 0.688
0.2075 0.415 0.83 0.34 0.68
0.208 0.416 0.832 0.336 0.672
0.2085 0.417 0.834 0.332 0.664
0.209 0.418 0.836 0.328 0.656
0.2095 0.419 0.838 0.324 0.648
0.21 0.42 0.84 0.32 0.64
0.2105 0.421 0.842 0.316 0.632
0.211 0.422 0.844 0.312 0.624
0.2115 0.423 0.846 0.308 0.616
0.212 0.424 0.848 0.304 0.608
0.2125 0.425 0.85 0.3 0.6
0.213 0.426 0.852 0.296 0.592
0.2135 0.427 0.854 0.292 0.584
0.214 0.428 0.856 0.288 0.576
0.2145 0.429 0.858 0.284 0.568
0.215 0.43 0.86 0.28 0.56
0.2155 0.431 0.862 0.276 0.552
0.216 0.432 0.864 0.272 0.544
0.2165 0.433 0.866 0.268 0.536
0.217 0.434 0.868 0.264 0.528
0.2175 0.435 0.87 0.26 0.52
0.218 0.436 0.872 0.256 0.512
0.2185 0.437 0.874 0.252 0.504
0.219 0.438 0.876 0.248 0.496
0.2195 0.439 0.878 0.244 0.488
0.22 0.44 0.88 0.24 0.48
0.2205 0.441 0.882 0.236 0.472
0.221 0.442 0.884 0.232 0.464
0.2215 0.443 0.886 0.228 0.456
0.222 0.444 0.888 0.224 0.448
0.2225 0.445 0.89 0.22 0.44
0.223 0.446 0.892 0.216 0.432
0.2235 0.447 0.894 0.212 0.424
0.224 0.448 0.896 0.208 0.416
0.2245 0.449 0.898 0.204 0.408
0.225 0.45 0.9 0.2 0.4
0.2255 0.451 0.902 0.196 0.392
0.226 0.452 0.904 0.192 0.384
0.2265 0.453 0.906 0.188 0.376
0.227 0.454 0.908 0.184 0.368
0.2275 0.455 0.91 0.18 0.36
0.228 0.456 0.912 0.176 0.352
0.2285 0.457 0.914 0.172 0.344
0.229 0.458 0.916 0.168 0.336
0.2295 0.459 0.918 0.164 0.328
0.23 0.46 0.92 0.16 0.32
0.2305 0.461 0.922 0.156 0.312
0.231 0.462 0.924 0.152 0.304
0.2315 0.463 0.926 0.148 0.296
0.232 0.464 0.928 0.144 0.288
0.2325 0.465 0.93 0.14 0.28
0.233 0.466 0.932 0.136 0.272
0.2335 0.467 0.934 0.132 0.264
0.234 0.468 0.936 0.128 0.256
0.2345 0.469 0.938 0.124 0.248
0.235 0.47 0.94 0.12 0.24
0.2355 0.471 0.942 0.116 0.232
0.236 0.472 0.944 0.112 0.224
0.2365 0.473 0.946 0.108 0.216
0.237 0.474 0.948 0.104 0.208
0.2375 0.475 0.95 0.1 0.2
0.238 0.476 0.952 0.096 0.192
0.2385 0.477 0.954 0.092 0.184
0.239 0.478 0.956 0.088 0.176
0.2395 0.479 0.958 0.084 0.168
0.24 0.48 0.96 0.08 0.16
0.2405 0.481 0.962 0.076 0.152
0.241 0.482 0.964 0.072 0.144
0.2415 0.483 0.966 0.068 0.136
0.242 0.484 0.968 0.064 0.128
0.2425 0.485 0.97 0.06 0.12
0.243 0.486 0.972 0.056 0.112
0.2435 0.487 0.974 0.052 0.104
0.244 0.488 0.976 0.048 0.096
0.2445 0.489 0.978 0.044 0.088
0.245 0.49 0.98 0.04 0.08
0.2455 0.491 0.982 0.036 0.072
0.246 0.492 0.984 0.032 0.064
0.2465 0.493 0.986 0.028 0.056
0.247 0.494 0.988 0.024 0.048
0.2475 0.495 0.99 0.02 0.04
0.248 0.496 0.992 0.016 0.032
0.2485 0.497 0.994 0.012 0.024
0.249 0.498 0.996 0.008 0.016
0.2495 0.499 0.998 0.004 0.008
0.25 0.5 1 0 0
0.2505 0.501 0.998 0.004 0.008
0.251 0.502 0.996 0.008 0.016
0.2515 0.503 0.994 0.012 0.024
0.252 0.504 0.992 0.016 0.032
0.2525 0.505 0.99 0.02 0.04
0.253 0.506 0.988 0.024 0.048
0.2535 0.507 0.986 0.028 0.056
0.254 0.508 0.984 0.032 0.064
0.2545 0.509 0.982 0.036 0.072
0.255 0.51 0.98 0.04 0.08
0.2555 0.511 0.978 0.044 0.088
0.256 0.512 0.976 0.048 0.096
0.2565 0.513 0.974 0.052 0.104
0.257 0.514 0.972 0.056 0.112
0.2575 0.515 0.97 0.06 0.12
0.258 0.516 0.968 0.064 0.128
0.2585 0.517 0.966 0.068 0.136
0.259 0.518 0.964 0.072 0.144
0.2595 0.519 0.962 0.076 0.152
0.26 0.52 0.96 0.08 0.16
0.2605 0.521 0.958 0.084 0.168
0.261 0.522 0.956 0.088 0.176
0.2615 0.523 0.954 0.092 0.184
0.262 0.524 0.952 0.096 0.192
0.2625 0.525 0.95 0.1 0.2
0.263 0.526 0.948 0.104 0.208
0.2635 0.527 0.946 0.108 0.216
0.264 0.528 0.944 0.112 0.224
0.2645 0.529 0.942 0.116 0.232
0.265 0.53 0.94 0.12 0.24
0.2655 0.531 0.938 0.124 0.248
0.266 0.532 0.936 0.128 0.256
0.2665 0.533 0.934 0.132 0.264
0.267 0.534 0.932 0.136 0.272
0.2675 0.535 0.93 0.14 0.28
0.268 0.536 0.928 0.144 0.288
0.2685 0.537 0.926 0.148 0.296
0.269 0.538 0.924 0.152 0.304
0.2695 0.539 0.922 0.156 0.312
0.27 0.54 0.92 0.16 0.32
0.2705 0.541 0.918 0.164 0.328
0.271 0.542 0.916 0.168 0.336
0.2715 0.543 0.914 0.172 0.344
0.272 0.544 0.912 0.176 0.352
0.2725 0.545 0.91 0.18 0.36
0.273 0.546 0.908 0.184 0.368
0.2735 0.547 0.906 0.188 0.376
0.274 0.548 0.904 0.192 0.384
0.2745 0.549 0.902 0.196 0.392
0.275 0.55 0.9 0.2 0.4
0.2755 0.551 0.898 0.204 0.408
0.276 0.552 0.896 0.208 0.416
0.2765 0.553 0.894 0.212 0.424
0.277 0.554 0.892 0.216 0.432
0.2775 0.555 0.89 0.22 0.44
0.278 0.556 0.888 0.224 0.448
0.2785 0.557 0.886 0.228 0.456
0.279 0.558 0.884 0.232 0.464
0.2795 0.559 0.882 0.236 0.472
0.28 0.56 0.88 0.24 0.48
0.2805 0.561 0.878 0.244 0.488
0.281 0.562 0.876 0.248 0.496
0.2815 0.563 0.874 0.252 0.504
0.282 0.564 0.872 0.256 0.512
0.2825 0.565 0.87 0.26 0.52
0.283 0.566 0.868 0.264 0.528
0.2835 0.567 0.866 0.268 0.536
0.284 0.568 0.864 0.272 0.544
0.2845 0.569 0.862 0.276 0.552
0.285 0.57 0.86 0.28 0.56
0.2855 0.571 0.858 0.284 0.568
0.286 0.572 0.856 0.288 0.576
0.2865 0.573 0.854 0.292 0.584
0.287 0.574 0.852 0.296 0.592
0.2875 0.575 0.85 0.3 0.6
0.288 0.576 0.848 0.304 0.608
0.2885 0.577 0.846 0.308 0.616
0.289 0.578 0.844 0.312 0.624
0.2895 0.579 0.842 0.316 0.632
0.29 0.58 0.84 0.32 0.64
0.2905 0.581 0.838 0.324 0.648
0.291 0.582 0.836 0.328 0.656
0.2915 0.583 0.834 0.332 0.664
0.292 0.584 0.832 0.336 0.672
0.2925 0.585 0.83 0.34 0.68
0.293 0.586 0.828 0.344 0.688
0.2935 0.587 0.826 0.348 0.696
0.294 0.588 0.824 0.352 0.704
0.2945 0.589 0.822 0.356 0.712
0.295 0.59 0.82 0.36 0.72
0.2955 0.591 0.818 0.364 0.728
0.296 0.592 0.816 0.368 0.736
0.2965 0.593 0.814 0.372 0.744
0.297 0.594 0.812 0.376 0.752
0.2975 0.595 0.81 0.38 0.76
0.298 0.596 0.808 0.384 0.768
0.2985 0.597 0.806 0.388 0.776
0.299 0.598 0.804 0.392 0.784
0.2995 0.599 0.802 0.396 0.792
0.3 0.6 0.8 0.4 0.8
0.3005 0.601 0.798 0.404 0.808
0.301 0.602 0.796 0.408 0.816
0.3015 0.603 0.794 0.412 0.824
0.302 0.604 0.792 0.416 0.832
0.3025 0.605 0.79 0.42 0.84
0.303 0.606 0.788 0.424 0.848
0.3035 0.607 0.786 0.428 0.856
0.304 0.608 0.784 0.432 0.864
0.3045 0.609 0.782 0.436 0.872
0.305 0.61 0.78 0.44 0.88
0.3055 0.611 0.778 0.444 0.888
0.306 0.612 0.776 0.448 0.896
0.3065 0.613 0.774 0.452 0.904
0.307 0.614 0.772 0.456 0.912
0.3075 0.615 0.77 0.46 0.92
0.308 0.616 0.768 0.464 0.928
0.3085 0.617 0.766 0.468 0.936
0.309 0.618 0.764 0.472 0.944
0.3095 0.619 0.762 0.476 0.952
0.31 0.62 0.76 0.48 0.96
0.3105 0.621 0.758 0.484 0.968
0.311 0.622 0.756 0.488 0.976
0.3115 0.623 0.754 0.492 0.984
0.312 0.624 0.752 0.496 0.992
0.3125 0.625 0.75 0.5 1
0.313 0.626 0.748 0.504 0.992
0.3135 0.627 0.746 0.508 0.984
0.314 0.628 0.744 0.512 0.976
0.3145 0.629 0.742 0.516 0.968
0.315 0.63 0.74 0.52 0.96
0.3155 0.631 0.738 0.524 0.952
0.316 0.632 0.736 0.528 0.944
0.3165 0.633 0.734 0.532 0.936
0.317 0.634 0.732 0.536 0.928
0.3175 0.635 0.73 0.54 0.92
0.318 0.636 0.728 0.544 0.912
0.3185 0.637 0.726 0.548 0.904
0.319 0.638 0.724 0.552 0.896
0.3195 0.639 0.722 0.556 0.888
0.32 0.64 0.72 0.56 0.88
0.3205 0.641 0.718 0.564 0.872
0.321 0.642 0.716 0.568 0.864
0.3215 0.643 0.714 0.572 0.856
0.322 0.644 0.712 0.576 0.848
0.3225 0.645 0.71 0.58 0.84
0.323 0.646 0.708 0.584 0.832
0.3235 0.647 0.706 0.588 0.824
0.324 0.648 0.704 0.592 0.816
0.3245 0.649 0.702 0.596 0.808
0.325 0.65 0.7 0.6 0.8
0.3255 0.651 0.698 0.604 0.792
0.326 0.652 0.696 0.608 0.784
0.3265 0.653 0.694 0.612 0.776
0.327 0.654 0.692 0.616 0.768
0.3275 0.655 0.69 0.62 0.76
0.328 0.656 0.688 0.624 0.752
0.3285 0.657 0.686 0.628 0.744
0.329 0.658 0.684 0.632 0.736
0.3295 0.659 0.682 0.636 0.728
0.33 0.66 0.68 0.64 0.72
0.3305 0.661 0.678 0.644 0.712
0.331 0.662 0.676 0.648 0.704
0.3315 0.663 0.674 0.652 0.696
0.332 0.664 0.672 0.656 0.688
0.3325 0.665 0.67 0.66 0.68
0.333 0.666 0.668 0.664 0.672
0.3335 0.667 0.666 0.668 0.664
0.334 0.668 0.664 0.672 0.656
0.3345 0.669 0.662 0.676 0.648
0.335 0.67 0.66 0.68 0.64
0.3355 0.671 0.658 0.684 0.632
0.336 0.672 0.656 0.688 0.624
0.3365 0.673 0.654 0.692 0.616
0.337 0.674 0.652 0.696 0.608
0.3375 0.675 0.65 0.7 0.6
0.338 0.676 0.648 0.704 0.592
0.3385 0.677 0.646 0.708 0.584
0.339 0.678 0.644 0.712 0.576
0.3395 0.679 0.642 0.716 0.568
0.34 0.68 0.64 0.72 0.56
0.3405 0.681 0.638 0.724 0.552
0.341 0.682 0.636 0.728 0.544
0.3415 0.683 0.634 0.732 0.536
0.342 0.684 0.632 0.736 0.528
0.3425 0.685 0.63 0.74 0.52
0.343 0.686 0.628 0.744 0.512
0.3435 0.687 0.626 0.748 0.504
0.344 0.688 0.624 0.752 0.496
0.3445 0.689 0.622 0.756 0.488
0.345 0.69 0.62 0.76 0.48
0.3455 0.691 0.618 0.764 0.472
0.346 0.692 0.616 0.768 0.464
0.3465 0.693 0.614 0.772 0.456
0.347 0.694 0.612 0.776 0.448
0.3475 0.695 0.61 0.78 0.44
0.348 0.696 0.608 0.784 0.432
0.3485 0.697 0.606 0.788 0.424
0.349 0.698 0.604 0.792 0.416
0.3495 0.699 0.602 0.796 0.408
0.35 0.7 0.6 0.8 0.4
0.3505 0.701 0.598 0.804 0.392
0.351 0.702 0.596 0.808 0.384
0.3515 0.703 0.594 0.812 0.376
0.352 0.704 0.592 0.816 0.368
0.3525 0.705 0.59 0.82 0.36
0.353 0.706 0.588 0.824 0.352
0.3535 0.707 0.586 0.828 0.344
0.354 0.708 0.584 0.832 0.336
0.3545 0.709 0.582 0.836 0.328
0.355 0.71 0.58 0.84 0.32
0.3555 0.711 0.578 0.844 0.312
0.356 0.712 0.576 0.848 0.304
0.3565 0.713 0.574 0.852 0.296
0.357 0.714 0.572 0.856 0.288
0.3575 0.715 0.57 0.86 0.28
0.358 0.716 0.568 0.864 0.272
0.3585 0.717 0.566 0.868 0.264
0.359 0.718 0.564 0.872 0.256
0.3595 0.719 0.562 0.876 0.248
0.36 0.72 0.56 0.88 0.24
0.3605 0.721 0.558 0.884 0.232
0.361 0.722 0.556 0.888 0.224
0.3615 0.723 0.554 0.892 0.216
0.362 0.724 0.552 0.896 0.208
0.3625 0.725 0.55 0.9 0.2
0.363 0.726 0.548 0.904 0.192
0.3635 0.727 0.546 0.908 0.184
0.364 0.728 0.544 0.912 0.176
0.3645 0.729 0.542 0.916 0.168
0.365 0.73 0.54 0.92 0.16
0.3655 0.731 0.538 0.924 0.152
0.366 0.732 0.536 0.928 0.144
0.3665 0.733 0.534 0.932 0.136
0.367 0.734 0.532 0.936 0.128
0.3675 0.735 0.53 0.94 0.12
0.368 0.736 0.528 0.944 0.112
0.3685 0.737 0.526 0.948 0.104
0.369 0.738 0.524 0.952 0.096
0.3695 0.739 0.522 0.956 0.088
0.37 0.74 0.52 0.96 0.08
0.3705 0.741 0.518 0.964 0.072
0.371 0.742 0.516 0.968 0.064
0.3715 0.743 0.514 0.972 0.056
0.372 0.744 0.512 0.976 0.048
0.3725 0.745 0.51 0.98 0.04
0.373 0.746 0.508 0.984 0.032
0.3735 0.747 0.506 0.988 0.024
0.374 0.748 0.504 0.992 0.016
0.3745 0.749 0.502 0.996 0.008
0.375 0.75 0.5 1 0
0.3755 0.751 0.498 0.996 0.008
0.376 0.752 0.496 0.992 0.016
0.3765 0.753 0.494 0.988 0.024
0.377 0.754 0.492 0.984 0.032
0.3775 0.755 0.49 0.98 0.04
0.378 0.756 0.488 0.976 0.048
0.3785 0.757 0.486 0.972 0.056
0.379 0.758 0.484 0.968 0.064
0.3795 0.759 0.482 0.964 0.072
0.38 0.76 0.48 0.96 0.08
0.3805 0.761 0.478 0.956 0.088
0.381 0.762 0.476 0.952 0.096
0.3815 0.763 0.474 0.948 0.104
0.382 0.764 0.472 0.944 0.112
0.3825 0.765 0.47 0.94 0.12
0.383 0.766 0.468 0.936 0.128
0.3835 0.767 0.466 0.932 0.136
0.384 0.768 0.464 0.928 0.144
0.3845 0.769 0.462 0.924 0.152
0.385 0.77 0.46 0.92 0.16
0.3855 0.771 0.458 0.916 0.168
0.386 0.772 0.456 0.912 0.176
0.3865 0.773 0.454 0.908 0.184
0.387 0.774 0.452 0.904 0.192
0.3875 0.775 0.45 0.9 0.2
0.388 0.776 0.448 0.896 0.208
0.3885 0.777 0.446 0.892 0.216
0.389 0.778 0.444 0.888 0.224
0.3895 0.779 0.442 0.884 0.232
0.39 0.78 0.44 0.88 0.24
0.3905 0.781 0.438 0.876 0.248
0.391 0.782 0.436 0.872 0.256
0.3915 0.783 0.434 0.868 0.264
0.392 0.784 0.432 0.864 0.272
0.3925 0.785 0.43 0.86 0.28
0.393 0.786 0.428 0.856 0.288
0.3935 0.787 0.426 0.852 0.296
0.394 0.788 0.424 0.848 0.304
0.3945 0.789 0.422 0.844 0.312
0.395 0.79 0.42 0.84 0.32
0.3955 0.791 0.418 0.836 0.328
0.396 0.792 0.416 0.832 0.336
0.3965 0.793 0.414 0.828 0.344
0.397 0.794 0.412 0.824 0.352
0.3975 0.795 0.41 0.82 0.36
0.398 0.796 0.408 0.816 0.368
0.3985 0.797 0.406 0.812 0.376
0.399 0.798 0.404 0.808 0.384
0.3995 0.799 0.402 0.804 0.392
0.4 0.8 0.4 0.8 0.4
0.4005 0.801 0.398 0.796 0.408
0.401 0.802 0.396 0.792 0.416
0.4015 0.803 0.394 0.788 0.424
0.402 0.804 0.392 0.784 0.432
0.4025 0.805 0.39 0.78 0.44
0.403 0.806 0.388 0.776 0.448
0.4035 0.807 0.386 0.772 0.456
0.404 0.808 0.384 0.768 0.464
0.4045 0.809 0.382 0.764 0.472
0.405 0.81 0.38 0.76 0.48
0.4055 0.811 0.378 0.756 0.488
0.406 0.812 0.376 0.752 0.496
0.4065 0.813 0.374 0.748 0.504
0.407 0.814 0.372 0.744 0.512
0.4075 0.815 0.37 0.74 0.52
0.408 0.816 0.368 0.736 0.528
0.4085 0.817 0.366 0.732 0.536
0.409 0.818 0.364 0.728 0.544
0.4095 0.819 0.362 0.724 0.552
0.41 0.82 0.36 0.72 0.56
0.4105 0.821 0.358 0.716 0.568
0.411 0.822 0.356 0.712 0.576
0.4115 0.823 0.354 0.708 0.584
0.412 0.824 0.352 0.704 0.592
0.4125 0.825 0.35 0.7 0.6
0.413 0.826 0.348 0.696 0.608
0.4135 0.827 0.346 0.692 0.616
0.414 0.828 0.344 0.688 0.624
0.4145 0.829 0.342 0.684 0.632
0.415 0.83 0.34 0.68 0.64
0.4155 0.831 0.338 0.676 0.648
0.416 0.832 0.336 0.672 0.656
0.4165 0.833 0.334 0.668 0.664
0.417 0.834 0.332 0.664 0.672
0.4175 0.835 0.33 0.66 0.68
0.418 0.836 0.328 0.656 0.688
0.4185 0.837 0.326 0.652 0.696
0.419 0.838 0.324 0.648 0.704
0.4195 0.839 0.322 0.644 0.712
0.42 0.84 0.32 0.64 0.72
0.4205 0.841 0.318 0.636 0.728
0.421 0.842 0.316 0.632 0.736
0.4215 0.843 0.314 0.628 0.744
0.422 0.844 0.312 0.624 0.752
0.4225 0.845 0.31 0.62 0.76
0.423 0.846 0.308 0.616 0.768
0.4235 0.847 0.306 0.612 0.776
0.424 0.848 0.304 0.608 0.784
0.4245 0.849 0.302 0.604 0.792
0.425 0.85 0.3 0.6 0.8
0.4255 0.851 0.298 0.596 0.808
0.426 0.852 0.296 0.592 0.816
0.4265 0.853 0.294 0.588 0.824
0.427 0.854 0.292 0.584 0.832
0.4275 0.855 0.29 0.58 0.84
0.428 0.856 0.288 0.576 0.848
0.4285 0.857 0.286 0.572 0.856
0.429 0.858 0.284 0.568 0.864
0.4295 0.859 0.282 0.564 0.872
0.43 0.86 0.28 0.56 0.88
0.4305 0.861 0.278 0.556 0.888
0.431 0.862 0.276 0.552 0.896
0.4315 0.863 0.274 0.548 0.904
0.432 0.864 0.272 0.544 0.912
0.4325 0.865 0.27 0.54 0.92
0.433 0.866 0.268 0.536 0.928
0.4335 0.867 0.266 0.532 0.936
0.434 0.868 0.264 0.528 0.944
0.4345 0.869 0.262 0.524 0.952
0.435 0.87 0.26 0.52 0.96
0.4355 0.871 0.258 0.516 0.968
0.436 0.872 0.256 0.512 0.976
0.4365 0.873 0.254 0.508 0.984
0.437 0.874 0.252 0.504 0.992
0.4375 0.875 0.25 0.5 1
0.438 0.876 0.248 0.496 0.992
0.4385 0.877 0.246 0.492 0.984
0.439 0.878 0.244 0.488 0.976
0.4395 0.879 0.242 0.484 0.968
0.44 0.88 0.24 0.48 0.96
0.4405 0.881 0.238 0.476 0.952
0.441 0.882 0.236 0.472 0.944
0.4415 0.883 0.234 0.468 0.936
0.442 0.884 0.232 0.464 0.928
0.4425 0.885 0.23 0.46 0.92
0.443 0.886 0.228 0.456 0.912
0.4435 0.887 0.226 0.452 0.904
0.444 0.888 0.224 0.448 0.896
0.4445 0.889 0.222 0.444 0.888
0.445 0.89 0.22 0.44 0.88
0.4455 0.891 0.218 0.436 0.872
0.446 0.892 0.216 0.432 0.864
0.4465 0.893 0.214 0.428 0.856
0.447 0.894 0.212 0.424 0.848
0.4475 0.895 0.21 0.42 0.84
0.448 0.896 0.208 0.416 0.832
0.4485 0.897 0.206 0.412 0.824
0.449 0.898 0.204 0.408 0.816
0.4495 0.899 0.202 0.404 0.808
0.45 0.9 0.2 0.4 0.8
0.4505 0.901 0.198 0.396 0.792
0.451 0.902 0.196 0.392 0.784
0.4515 0.903 0.194 0.388 0.776
0.452 0.904 0.192 0.384 0.768
0.4525 0.905 0.19 0.38 0.76
0.453 0.906 0.188 0.376 0.752
0.4535 0.907 0.186 0.372 0.744
0.454 0.908 0.184 0.368 0.736
0.4545 0.909 0.182 0.364 0.728
0.455 0.91 0.18 0.36 0.72
0.4555 0.911 0.178 0.356 0.712
0.456 0.912 0.176 0.352 0.704
0.4565 0.913 0.174 0.348 0.696
0.457 0.914 0.172 0.344 0.688
0.4575 0.915 0.17 0.34 0.68
0.458 0.916 0.168 0.336 0.672
0.4585 0.917 0.166 0.332 0.664
0.459 0.918 0.164 0.328 0.656
0.4595 0.919 0.162 0.324 0.648
0.46 0.92 0.16 0.32 0.64
0.4605 0.921 0.158 0.316 0.632
0.461 0.922 0.156 0.312 0.624
0.4615 0.923 0.154 0.308 0.616
0.462 0.924 0.152 0.304 0.608
0.4625 0.925 0.15 0.3 0.6
0.463 0.926 0.148 0.296 0.592
0.4635 0.927 0.146 0.292 0.584
0.464 0.928 0.144 0.288 0.576
0.4645 0.929 0.142 0.284 0.568
0.465 0.93 0.14 0.28 0.56
0.4655 0.931 0.138 0.276 0.552
0.466 0.932 0.136 0.272 0.544
0.4665 0.933 0.134 0.268 0.536
0.467 0.934 0.132 0.264 0.528
0.4675 0.935 0.13 0.26 0.52
0.468 0.936 0.128 0.256 0.512
0.4685 0.937 0.126 0.252 0.504
0.469 0.938 0.124 0.248 0.496
0.4695 0.939 0.122 0.244 0.488
0.47 0.94 0.12 0.24 0.48
0.4705 0.941 0.118 0.236 0.472
0.471 0.942 0.116 0.232 0.464
0.4715 0.943 0.114 0.228 0.456
0.472 0.944 0.112 0.224 0.448
0.4725 0.945 0.11 0.22 0.44
0.473 0.946 0.108 0.216 0.432
0.4735 0.947 0.106 0.212 0.424
0.474 0.948 0.104 0.208 0.416
0.4745 0.949 0.102 0.204 0.408
0.475 0.95 0.1 0.2 0.4
0.4755 0.951 0.098 0.196 0.392
0.476 0.952 0.096 0.192 0.384
0.4765 0.953 0.094 0.188 0.376
0.477 0.954 0.092 0.184 0.368
0.4775 0.955 0.09 0.18 0.36
0.478 0.956 0.088 0.176 0.352
0.4785 0.957 0.086 0.172 0.344
0.479 0.958 0.084 0.168 0.336
0.4795 0.959 0.082 0.164 0.328
0.48 0.96 0.08 0.16 0.32
0.4805 0.961 0.078 0.156 0.312
0.481 0.962 0.076 0.152 0.304
0.4815 0.963 0.074 0.148 0.296
0.482 0.964 0.072 0.144 0.288
0.4825 0.965 0.07 0.14 0.28
0.483 0.966 0.068 0.136 0.272
0.4835 0.967 0.066 0.132 0.264
0.484 0.968 0.064 0.128 0.256
0.4845 0.969 0.062 0.124 0.248
0.485 0.97 0.06 0.12 0.24
0.4855 0.971 0.058 0.116 0.232
0.486 0.972 0.056 0.112 0.224
0.4865 0.973 0.054 0.108 0.216
0.487 0.974 0.052 0.104 0.208
0.4875 0.975 0.05 0.1 0.2
0.488 0.976 0.048 0.096 0.192
0.4885 0.977 0.046 0.092 0.184
0.489 0.978 0.044 0.088 0.176
0.4895 0.979 0.042 0.084 0.168
0.49 0.98 0.04 0.08 0.16
0.4905 0.981 0.038 0.076 0.152
0.491 0.982 0.036 0.072 0.144
0.4915 0.983 0.034 0.068 0.136
0.492 0.984 0.032 0.064 0.128
0.4925 0.985 0.03 0.06 0.12
0.493 0.986 0.028 0.056 0.112
0.4935 0.987 0.026 0.052 0.104
0.494 0.988 0.024 0.048 0.096
0.4945 0.989 0.022 0.044 0.088
0.495 0.99 0.02 0.04 0.08
0.4955 0.991 0.018 0.036 0.072
0.496 0.992 0.016 0.032 0.064
0.4965 0.993 0.014 0.028 0.056
0.497 0.994 0.012 0.024 0.048
0.4975 0.995 0.01 0.02 0.04
0.498 0.996 0.008 0.016 0.032
0.4985 0.997 0.006 0.012 0.024
0.499 0.998 0.004 0.008 0.016
0.4995 0.999 0.002 0.004 0.008
0.5 1 0 0 0
0.5005 0.999 0.002 0.004 0.008
0.501 0.998 0.004 0.008 0.016
0.5015 0.997 0.006 0.012 0.024
0.502 0.996 0.008 0.016 0.032
0.5025 0.995 0.01 0.02 0.04
0.503 0.994 0.012 0.024 0.048
0.5035 0.993 0.014 0.028 0.056
0.504 0.992 0.016 0.032 0.064
0.5045 0.991 0.018 0.036 0.072
0.505 0.99 0.02 0.04 0.08
0.5055 0.989 0.022 0.044 0.088
0.506 0.988 0.024 0.048 0.096
0.5065 0.987 0.026 0.052 0.104
0.507 0.986 0.028 0.056 0.112
0.5075 0.985 0.03 0.06 0.12
0.508 0.984 0.032 0.064 0.128
0.5085 0.983 0.034 0.068 0.136
0.509 0.982 0.036 0.072 0.144
0.5095 0.981 0.038 0.076 0.152
0.51 0.98 0.04 0.08 0.16
0.5105 0.979 0.042 0.084 0.168
0.511 0.978 0.044 0.088 0.176
0.5115 0.977 0.046 0.092 0.184
0.512 0.976 0.048 0.096 0.192
0.5125 0.975 0.05 0.1 0.2
0.513 0.974 0.052 0.104 0.208
0.5135 0.973 0.054 0.108 0.216
0.514 0.972 0.056 0.112 0.224
0.5145 0.971 0.058 0.116 0.232
0.515 0.97 0.06 0.12 0.24
0.5155 0.969 0.062 0.124 0.248
0.516 0.968 0.064 0.128 0.256
0.5165 0.967 0.066 0.132 0.264
0.517 0.966 0.068 0.136 0.272
0.5175 0.965 0.07 0.14 0.28
0.518 0.964 0.072 0.144 0.288
0.5185 0.963 0.074 0.148 0.296
0.519 0.962 0.076 0.152 0.304
0.5195 0.961 0.078 0.156 0.312
0.52 0.96 0.08 0.16 0.32
0.5205 0.959 0.082 0.164 0.328
0.521 0.958 0.084 0.168 0.336
0.5215 0.957 0.086 0.172 0.344
0.522 0.956 0.088 0.176 0.352
0.5225 0.955 0.09 0.18 0.36
0.523 0.954 0.092 0.184 0.368
0.5235 0.953 0.094 0.188 0.376
0.524 0.952 0.096 0.192 0.384
0.5245 0.951 0.098 0.196 0.392
0.525 0.95 0.1 0.2 0.4
0.5255 0.949 0.102 0.204 0.408
0.526 0.948 0.104 0.208 0.416
0.5265 0.947 0.106 0.212 0.424
0.527 0.946 0.108 0.216 0.432
0.5275 0.945 0.11 0.22 0.44
0.528 0.944 0.112 0.224 0.448
0.5285 0.943 0.114 0.228 0.456
0.529 0.942 0.116 0.232 0.464
0.5295 0.941 0.118 0.236 0.472
0.53 0.94 0.12 0.24 0.48
0.5305 0.939 0.122 0.244 0.488
0.531 0.938 0.124 0.248 0.496
0.5315 0.937 0.126 0.252 0.504
0.532 0.936 0.128 0.256 0.512
0.5325 0.935 0.13 0.26 0.52
0.533 0.934 0.132 0.264 0.528
0.5335 0.933 0.134 0.268 0.536
0.534 0.932 0.136 0.272 0.544
0.5345 0.931 0.138 0.276 0.552
0.535 0.93 0.14 0.28 0.56
0.5355 0.929 0.142 0.284 0.568
0.536 0.928 0.144 0.288 0.576
0.5365 0.927 0.146 0.292 0.584
0.537 0.926 0.148 0.296 0.592
0.5375 0.925 0.15 0.3 0.6
0.538 0.924 0.152 0.304 0.608
0.5385 0.923 0.154 0.308 0.616
0.539 0.922 0.156 0.312 0.624
0.5395 0.921 0.158 0.316 0.632
0.54 0.92 0.16 0.32 0.64
0.5405 0.919 0.162 0.324 0.648
0.541 0.918 0.164 0.328 0.656
0.5415 0.917 0.166 0.332 0.664
0.542 0.916 0.168 0.336 0.672
0.5425 0.915 0.17 0.34 0.68
0.543 0.914 0.172 0.344 0.688
0.5435 0.913 0.174 0.348 0.696
0.544 0.912 0.176 0.352 0.704
0.5445 0.911 0.178 0.356 0.712
0.545 0.91 0.18 0.36 0.72
0.5455 0.909 0.182 0.364 0.728
0.546 0.908 0.184 0.368 0.736
0.5465 0.907 0.186 0.372 0.744
0.547 0.906 0.188 0.376 0.752
0.5475 0.905 0.19 0.38 0.76
0.548 0.904 0.192 0.384 0.768
0.5485 0.903 0.194 0.388 0.776
0.549 0.902 0.196 0.392 0.784
0.5495 0.901 0.198 0.396 0.792
0.55 0.9 0.2 0.4 0.8
0.5505 0.899 0.202 0.404 0.808
0.551 0.898 0.204 0.408 0.816
0.5515 0.897 0.206 0.412 0.824
0.552 0.896 0.208 0.416 0.832
0.5525 0.895 0.21 0.42 0.84
0.553 0.894 0.212 0.424 0.848
0.5535 0.893 0.214 0.428 0.856
0.554 0.892 0.216 0.432 0.864
0.5545 0.891 0.218 0.436 0.872
0.555 0.89 0.22 0.44 0.88
0.5555 0.889 0.222 0.444 0.888
0.556 0.888 0.224 0.448 0.896
0.5565 0.887 0.226 0.452 0.904
0.557 0.886 0.228 0.456 0.912
0.5575 0.885 0.23 0.46 0.92
0.558 0.884 0.232 0.464 0.928
0.5585 0.883 0.234 0.468 0.936
0.559 0.882 0.236 0.472 0.944
0.5595 0.881 0.238 0.476 0.952
0.56 0.88 0.24 0.48 0.96
0.5605 0.879 0.242 0.484 0.968
0.561 0.878 0.244 0.488 0.976
0.5615 0.877 0.246 0.492 0.984
0.562 0.876 0.248 0.496 0.992
0.5625 0.875 0.25 0.5 1
0.563 0.874 0.252 0.504 0.992
0.5635 0.873 0.254 0.508 0.984
0.564 0.872 0.256 0.512 0.976
0.5645 0.871 0.258 0.516 0.968
0.565 0.87 0.26 0.52 0.96
0.5655 0.869 0.262 0.524 0.952
0.566 0.868 0.264 0.528 0.944
0.5665 0.867 0.266 0.532 0.936
0.567 0.866 0.268 0.536 0.928
0.5675 0.865 0.27 0.54 0.92
0.568 0.864 0.272 0.544 0.912
0.5685 0.863 0.274 0.548 0.904
0.569 0.862 0.276 0.552 0.896
0.5695 0.861 0.278 0.556 0.888
0.57 0.86 0.28 0.56 0.88
0.5705 0.859 0.282 0.564 0.872
0.571 0.858 0.284 0.568 0.864
0.5715 0.857 0.286 0.572 0.856
0.572 0.856 0.288 0.576 0.848
0.5725 0.855 0.29 0.58 0.84
0.573 0.854 0.292 0.584 0.832
0.5735 0.853 0.294 0.588 0.824
0.574 0.852 0.296 0.592 0.816
0.5745 0.851 0.298 0.596 0.808
0.575 0.85 0.3 0.6 0.8
0.5755 0.849 0.302 0.604 0.792
0.576 0.848 0.304 0.608 0.784
0.5765 0.847 0.306 0.612 0.776
0.577 0.846 0.308 0.616 0.768
0.5775 0.845 0.31 0.62 0.76
0.578 0.844 0.312 0.624 0.752
0.5785 0.843 0.314 0.628 0.744
0.579 0.842 0.316 0.632 0.736
0.5795 0.841 0.318 0.636 0.728
0.58 0.84 0.32 0.64 0.72
0.5805 0.839 0.322 0.644 0.712
0.581 0.838 0.324 0.648 0.704
0.5815 0.837 0.326 0.652 0.696
0.582 0.836 0.328 0.656 0.688
0.5825 0.835 0.33 0.66 0.68
0.583 0.834 0.332 0.664 0.672
0.5835 0.833 0.334 0.668 0.664
0.584 0.832 0.336 0.672 0.656
0.5845 0.831 0.338 0.676 0.648
0.585 0.83 0.34 0.68 0.64
0.5855 0.829 0.342 0.684 0.632
0.586 0.828 0.344 0.688 0.624
0.5865 0.827 0.346 0.692 0.616
0.587 0.826 0.348 0.696 0.608
0.5875 0.825 0.35 0.7 0.6
0.588 0.824 0.352 0.704 0.592
0.5885 0.823 0.354 0.708 0.584
0.589 0.822 0.356 0.712 0.576
0.5895 0.821 0.358 0.716 0.568
0.59 0.82 0.36 0.72 0.56
0.5905 0.819 0.362 0.724 0.552
0.591 0.818 0.364 0.728 0.544
0.5915 0.817 0.366 0.732 0.536
0.592 0.816 0.368 0.736 0.528
0.5925 0.815 0.37 0.74 0.52
0.593 0.814 0.372 0.744 0.512
0.5935 0.813 0.374 0.748 0.504
0.594 0.812 0.376 0.752 0.496
0.5945 0.811 0.378 0.756 0.488
0.595 0.81 0.38 0.76 0.48
0.5955 0.809 0.382 0.764 0.472
0.596 0.808 0.384 0.768 0.464
0.5965 0.807 0.386 0.772 0.456
0.597 0.806 0.388 0.776 0.448
0.5975 0.805 0.39 0.78 0.44
0.598 0.804 0.392 0.784 0.432
0.5985 0.803 0.394 0.788 0.424
0.599 0.802 0.396 0.792 0.416
0.5995 0.801 0.398 0.796 0.408
0.6 0.8 0.4 0.8 0.4
0.6005 0.799 0.402 0.804 0.392
0.601 0.798 0.404 0.808 0.384
0.6015 0.797 0.406 0.812 0.376
0.602 0.796 0.408 0.816 0.368
0.6025 0.795 0.41 0.82 0.36
0.603 0.794 0.412 0.824 0.352
0.6035 0.793 0.414 0.828 0.344
0.604 0.792 0.416 0.832 0.336
0.6045 0.791 0.418 0.836 0.328
0.605 0.79 0.42 0.84 0.32
0.6055 0.789 0.422 0.844 0.312
0.606 0.788 0.424 0.848 0.304
0.6065 0.787 0.426 0.852 0.296
0.607 0.786 0.428 0.856 0.288
0.6075 0.785 0.43 0.86 0.28
0.608 0.784 0.432 0.864 0.272
0.6085 0.783 0.434 0.868 0.264
0.609 0.782 0.436 0.872 0.256
0.6095 0.781 0.438 0.876 0.248
0.61 0.78 0.44 0.88 0.24
0.6105 0.779 0.442 0.884 0.232
0.611 0.778 0.444 0.888 0.224
0.6115 0.777 0.446 0.892 0.216
0.612 0.776 0.448 0.896 0.208
0.6125 0.775 0.45 0.9 0.2
0.613 0.774 0.452 0.904 0.192
0.6135 0.773 0.454 0.908 0.184
0.614 0.772 0.456 0.912 0.176
0.6145 0.771 0.458 0.916 0.168
0.615 0.77 0.46 0.92 0.16
0.6155 0.769 0.462 0.924 0.152
0.616 0.768 0.464 0.928 0.144
0.6165 0.767 0.466 0.932 0.136
0.617 0.766 0.468 0.936 0.128
0.6175 0.765 0.47 0.94 0.12
0.618 0.764 0.472 0.944 0.112
0.6185 0.763 0.474 0.948 0.104
0.619 0.762 0.476 0.952 0.096
0.6195 0.761 0.478 0.956 0.088
0.62 0.76 0.48 0.96 0.08
0.6205 0.759 0.482 0.964 0.072
0.621 0.758 0.484 0.968 0.064
0.6215 0.757 0.486 0.972 0.056
0.622 0.756 0.488 0.976 0.048
0.6225 0.755 0.49 0.98 0.04
0.623 0.754 0.492 0.984 0.032
0.6235 0.753 0.494 0.988 0.024
0.624 0.752 0.496 0.992 0.016
0.6245 0.751 0.498 0.996 0.008
0.625 0.75 0.5 1 0
0.6255 0.749 0.502 0.996 0.008
0.626 0.748 0.504 0.992 0.016
0.6265 0.747 0.506 0.988 0.024
0.627 0.746 0.508 0.984 0.032
0.6275 0.745 0.51 0.98 0.04
0.628 0.744 0.512 0.976 0.048
0.6285 0.743 0.514 0.972 0.056
0.629 0.742 0.516 0.968 0.064
0.6295 0.741 0.518 0.964 0.072
0.63 0.74 0.52 0.96 0.08
0.6305 0.739 0.522 0.956 0.088
0.631 0.738 0.524 0.952 0.096
0.6315 0.737 0.526 0.948 0.104
0.632 0.736 0.528 0.944 0.112
0.6325 0.735 0.53 0.94 0.12
0.633 0.734 0.532 0.936 0.128
0.6335 0.733 0.534 0.932 0.136
0.634 0.732 0.536 0.928 0.144
0.6345 0.731 0.538 0.924 0.152
0.635 0.73 0.54 0.92 0.16
0.6355 0.729 0.542 0.916 0.168
0.636 0.728 0.544 0.912 0.176
0.6365 0.727 0.546 0.908 0.184
0.637 0.726 0.548 0.904 0.192
0.6375 0.725 0.55 0.9 0.2
0.638 0.724 0.552 0.896 0.208
0.6385 0.723 0.554 0.892 0.216
0.639 0.722 0.556 0.888 0.224
0.6395 0.721 0.558 0.884 0.232
0.64 0.72 0.56 0.88 0.24
0.6405 0.719 0.562 0.876 0.248
0.641 0.718 0.564 0.872 0.256
0.6415 0.717 0.566 0.868 0.264
0.642 0.716 0.568 0.864 0.272
0.6425 0.715 0.57 0.86 0.28
0.643 0.714 0.572 0.856 0.288
0.6435 0.713 0.574 0.852 0.296
0.644 0.712 0.576 0.848 0.304
0.6445 0.711 0.578 0.844 0.312
0.645 0.71 0.58 0.84 0.32
0.6455 0.709 0.582 0.836 0.328
0.646 0.708 0.584 0.832 0.336
0.6465 0.707 0.586 0.828 0.344
0.647 0.706 0.588 0.824 0.352
0.6475 0.705 0.59 0.82 0.36
0.648 0.704 0.592 0.816 0.368
0.6485 0.703 0.594 0.812 0.376
0.649 0.702 0.596 0.808 0.384
0.6495 0.701 0.598 0.804 0.392
0.65 0.7 0.6 0.8 0.4
0.6505 0.699 0.602 0.796 0.408
0.651 0.698 0.604 0.792 0.416
0.6515 0.697 0.606 0.788 0.424
0.652 0.696 0.608 0.784 0.432
0.6525 0.695 0.61 0.78 0.44
0.653 0.694 0.612 0.776 0.448
0.6535 0.693 0.614 0.772 0.456
0.654 0.692 0.616 0.768 0.464
0.6545 0.691 0.618 0.764 0.472
0.655 0.69 0.62 0.76 0.48
0.6555 0.689 0.622 0.756 0.488
0.656 0.688 0.624 0.752 0.496
0.6565 0.687 0.626 0.748 0.504
0.657 0.686 0.628 0.744 0.512
0.6575 0.685 0.63 0.74 0.52
0.658 0.684 0.632 0.736 0.528
0.6585 0.683 0.634 0.732 0.536
0.659 0.682 0.636 0.728 0.544
0.6595 0.681 0.638 0.724 0.552
0.66 0.68 0.64 0.72 0.56
0.6605 0.679 0.642 0.716 0.568
0.661 0.678 0.644 0.712 0.576
0.6615 0.677 0.646 0.708 0.584
0.662 0.676 0.648 0.704 0.592
0.6625 0.675 0.65 0.7 0.6
0.663 0.674 0.652 0.696 0.608
0.6635 0.673 0.654 0.692 0.616
0.664 0.672 0.656 0.688 0.624
0.6645 0.671 0.658 0.684 0.632
0.665 0.67 0.66 0.68 0.64
0.6655 0.669 0.662 0.676 0.648
0.666 0.668 0.664 0.672 0.656
0.6665 0.667 0.666 0.668 0.664
0.667 0.666 0.668 0.664 0.672
0.6675 0.665 0.67 0.66 0.68
0.668 0.664 0.672 0.656 0.688
0.6685 0.663 0.674 0.652 0.696
0.669 0.662 0.676 0.648 0.704
0.6695 0.661 0.678 0.644 0.712
0.67 0.66 0.68 0.64 0.72
0.6705 0.659 0.682 0.636 0.728
0.671 0.658 0.684 0.632 0.736
0.6715 0.657 0.686 0.628 0.744
0.672 0.656 0.688 0.624 0.752
0.6725 0.655 0.69 0.62 0.76
0.673 0.654 0.692 0.616 0.768
0.6735 0.653 0.694 0.612 0.776
0.674 0.652 0.696 0.608 0.784
0.6745 0.651 0.698 0.604 0.792
0.675 0.65 0.7 0.6 0.8
0.6755 0.649 0.702 0.596 0.808
0.676 0.648 0.704 0.592 0.816
0.6765 0.647 0.706 0.588 0.824
0.677 0.646 0.708 0.584 0.832
0.6775 0.645 0.71 0.58 0.84
0.678 0.644 0.712 0.576 0.848
0.6785 0.643 0.714 0.572 0.856
0.679 0.642 0.716 0.568 0.864
0.6795 0.641 0.718 0.564 0.872
0.68 0.64 0.72 0.56 0.88
0.6805 0.639 0.722 0.556 0.888
0.681 0.638 0.724 0.552 0.896
0.6815 0.637 0.726 0.548 0.904
0.682 0.636 0.728 0.544 0.912
0.6825 0.635 0.73 0.54 0.92
0.683 0.634 0.732 0.536 0.928
0.6835 0.633 0.734 0.532 0.936
0.684 0.632 0.736 0.528 0.944
0.6845 0.631 0.738 0.524 0.952
0.685 0.63 0.74 0.52 0.96
0.6855 0.629 0.742 0.516 0.968
0.686 0.628 0.744 0.512 0.976
0.6865 0.627 0.746 0.508 0.984
0.687 0.626 0.748 0.504 0.992
0.6875 0.625 0.75 0.5 1
0.688 0.624 0.752 0.496 0.992
0.6885 0.623 0.754 0.492 0.984
0.689 0.622 0.756 0.488 0.976
0.6895 0.621 0.758 0.484 0.968
0.69 0.62 0.76 0.48 0.96
0.6905 0.619 0.762 0.476 0.952
0.691 0.618 0.764 0.472 0.944
0.6915 0.617 0.766 0.468 0.936
0.692 0.616 0.768 0.464 0.928
0.6925 0.615 0.77 0.46 0.92
0.693 0.614 0.772 0.456 0.912
0.6935 0.613 0.774 0.452 0.904
0.694 0.612 0.776 0.448 0.896
0.6945 0.611 0.778 0.444 0.888
0.695 0.61 0.78 0.44 0.88
0.6955 0.609 0.782 0.436 0.872
0.696 0.608 0.784 0.432 0.864
0.6965 0.607 0.786 0.428 0.856
0.697 0.606 0.788 0.424 0.848
0.6975 0.605 0.79 0.42 0.84
0.698 0.604 0.792 0.416 0.832
0.6985 0.603 0.794 0.412 0.824
0.699 0.602 0.796 0.408 0.816
0.6995 0.601 0.798 0.404 0.808
0.7 0.6 0.8 0.4 0.8
0.7005 0.599 0.802 0.396 0.792
0.701 0.598 0.804 0.392 0.784
0.7015 0.597 0.806 0.388 0.776
0.702 0.596 0.808 0.384 0.768
0.7025 0.595 0.81 0.38 0.76
0.703 0.594 0.812 0.376 0.752
0.7035 0.593 0.814 0.372 0.744
0.704 0.592 0.816 0.368 0.736
0.7045 0.591 0.818 0.364 0.728
0.705 0.59 0.82 0.36 0.72
0.7055 0.589 0.822 0.356 0.712
0.706 0.588 0.824 0.352 0.704
0.7065 0.587 0.826 0.348 0.696
0.707 0.586 0.828 0.344 0.688
0.7075 0.585 0.83 0.34 0.68
0.708 0.584 0.832 0.336 0.672
0.7085 0.583 0.834 0.332 0.664
0.709 0.582 0.836 0.328 0.656
0.7095 0.581 0.838 0.324 0.648
0.71 0.58 0.84 0.32 0.64
0.7105 0.579 0.842 0.316 0.632
0.711 0.578 0.844 0.312 0.624
0.7115 0.577 0.846 0.308 0.616
0.712 0.576 0.848 0.304 0.608
0.7125 0.575 0.85 0.3 0.6
0.713 0.574 0.852 0.296 0.592
0.7135 0.573 0.854 0.292 0.584
0.714 0.572 0.856 0.288 0.576
0.7145 0.571 0.858 0.284 0.568
0.715 0.57 0.86 0.28 0.56
0.7155 0.569 0.862 0.276 0.552
0.716 0.568 0.864 0.272 0.544
0.7165 0.567 0.866 0.268 0.536
0.717 0.566 0.868 0.264 0.528
0.7175 0.565 0.87 0.26 0.52
0.718 0.564 0.872 0.256 0.512
0.7185 0.563 0.874 0.252 0.504
0.719 0.562 0.876 0.248 0.496
0.7195 0.561 0.878 0.244 0.488
0.72 0.56 0.88 0.24 0.48
0.7205 0.559 0.882 0.236 0.472
0.721 0.558 0.884 0.232 0.464
0.7215 0.557 0.886 0.228 0.456
0.722 0.556 0.888 0.224 0.448
0.7225 0.555 0.89 0.22 0.44
0.723 0.554 0.892 0.216 0.432
0.7235 0.553 0.894 0.212 0.424
0.724 0.552 0.896 0.208 0.416
0.7245 0.551 0.898 0.204 0.408
0.725 0.55 0.9 0.2 0.4
0.7255 0.549 0.902 0.196 0.392
0.726 0.548 0.904 0.192 0.384
0.7265 0.547 0.906 0.188 0.376
0.727 0.546 0.908 0.184 0.368
0.7275 0.545 0.91 0.18 0.36
0.728 0.544 0.912 0.176 0.352
0.7285 0.543 0.914 0.172 0.344
0.729 0.542 0.916 0.168 0.336
0.7295 0.541 0.918 0.164 0.328
0.73 0.54 0.92 0.16 0.32
0.7305 0.539 0.922 0.156 0.312
0.731 0.538 0.924 0.152 0.304
0.7315 0.537 0.926 0.148 0.296
0.732 0.536 0.928 0.144 0.288
0.7325 0.535 0.93 0.14 0.28
0.733 0.534 0.932 0.136 0.272
0.7335 0.533 0.934 0.132 0.264
0.734 0.532 0.936 0.128 0.256
0.7345 0.531 0.938 0.124 0.248
0.735 0.53 0.94 0.12 0.24
0.7355 0.529 0.942 0.116 0.232
0.736 0.528 0.944 0.112 0.224
0.7365 0.527 0.946 0.108 0.216
0.737 0.526 0.948 0.104 0.208
0.7375 0.525 0.95 0.1 0.2
0.738 0.524 0.952 0.096 0.192
0.7385 0.523 0.954 0.092 0.184
0.739 0.522 0.956 0.088 0.176
0.7395 0.521 0.958 0.084 0.168
0.74 0.52 0.96 0.08 0.16
0.7405 0.519 0.962 0.076 0.152
0.741 0.518 0.964 0.072 0.144
0.7415 0.517 0.966 0.068 0.136
0.742 0.516 0.968 0.064 0.128
0.7425 0.515 0.97 0.06 0.12
0.743 0.514 0.972 0.056 0.112
0.7435 0.513 0.974 0.052 0.104
0.744 0.512 0.976 0.048 0.096
0.7445 0.511 0.978 0.044 0.088
0.745 0.51 0.98 0.04 0.08
0.7455 0.509 0.982 0.036 0.072
0.746 0.508 0.984 0.032 0.064
0.7465 0.507 0.986 0.028 0.056
0.747 0.506 0.988 0.024 0.048
0.7475 0.505 0.99 0.02 0.04
0.748 0.504 0.992 0.016 0.032
0.7485 0.503 0.994 0.012 0.024
0.749 0.502 0.996 0.008 0.016
0.7495 0.501 0.998 0.004 0.008
0.75 0.5 1 0 0
0.7505 0.499 0.998 0.004 0.008
0.751 0.498 0.996 0.008 0.016
0.7515 0.497 0.994 0.012 0.024
0.752 0.496 0.992 0.016 0.032
0.7525 0.495 0.99 0.02 0.04
0.753 0.494 0.988 0.024 0.048
0.7535 0.493 0.986 0.028 0.056
0.754 0.492 0.984 0.032 0.064
0.7545 0.491 0.982 0.036 0.072
0.755 0.49 0.98 0.04 0.08
0.7555 0.489 0.978 0.044 0.088
0.756 0.488 0.976 0.048 0.096
0.7565 0.487 0.974 0.052 0.104
0.757 0.486 0.972 0.056 0.112
0.7575 0.485 0.97 0.06 0.12
0.758 0.484 0.968 0.064 0.128
0.7585 0.483 0.966 0.068 0.136
0.759 0.482 0.964 0.072 0.144
0.7595 0.481 0.962 0.076 0.152
0.76 0.48 0.96 0.08 0.16
0.7605 0.479 0.958 0.084 0.168
0.761 0.478 0.956 0.088 0.176
0.7615 0.477 0.954 0.092 0.184
0.762 0.476 0.952 0.096 0.192
0.7625 0.475 0.95 0.1 0.2
0.763 0.474 0.948 0.104 0.208
0.7635 0.473 0.946 0.108 0.216
0.764 0.472 0.944 0.112 0.224
0.7645 0.471 0.942 0.116 0.232
0.765 0.47 0.94 0.12 0.24
0.7655 0.469 0.938 0.124 0.248
0.766 0.468 0.936 0.128 0.256
0.7665 0.467 0.934 0.132 0.264
0.767 0.466 0.932 0.136 0.272
0.7675 0.465 0.93 0.14 0.28
0.768 0.464 0.928 0.144 0.288
0.7685 0.463 0.926 0.148 0.296
0.769 0.462 0.924 0.152 0.304
0.7695 0.461 0.922 0.156 0.312
0.77 0.46 0.92 0.16 0.32
0.7705 0.459 0.918 0.164 0.328
0.771 0.458 0.916 0.168 0.336
0.7715 0.457 0.914 0.172 0.344
0.772 0.456 0.912 0.176 0.352
0.7725 0.455 0.91 0.18 0.36
0.773 0.454 0.908 0.184 0.368
0.7735 0.453 0.906 0.188 0.376
0.774 0.452 0.904 0.192 0.384
0.7745 0.451 0.902 0.196 0.392
0.775 0.45 0.9 0.2 0.4
0.7755 0.449 0.898 0.204 0.408
0.776 0.448 0.896 0.208 0.416
0.7765 0.447 0.894 0.212 0.424
0.777 0.446 0.892 0.216 0.432
0.7775 0.445 0.89 0.22 0.44
0.778 0.444 0.888 0.224 0.448
0.7785 0.443 0.886 0.228 0.456
0.779 0.442 0.884 0.232 0.464
0.7795 0.441 0.882 0.236 0.472
0.78 0.44 0.88 0.24 0.48
0.7805 0.439 0.878 0.244 0.488
0.781 0.438 0.876 0.248 0.496
0.7815 0.437 0.874 0.252 0.504
0.782 0.436 0.872 0.256 0.512
0.7825 0.435 0.87 0.26 0.52
0.783 0.434 0.868 0.264 0.528
0.7835 0.433 0.866 0.268 0.536
0.784 0.432 0.864 0.272 0.544
0.7845 0.431 0.862 0.276 0.552
0.785 0.43 0.86 0.28 0.56
0.7855 0.429 0.858 0.284 0.568
0.786 0.428 0.856 0.288 0.576
0.7865 0.427 0.854 0.292 0.584
0.787 0.426 0.852 0.296 0.592
0.7875 0.425 0.85 0.3 0.6
0.788 0.424 0.848 0.304 0.608
0.7885 0.423 0.846 0.308 0.616
0.789 0.422 0.844 0.312 0.624
0.7895 0.421 0.842 0.316 0.632
0.79 0.42 0.84 0.32 0.64
0.7905 0.419 0.838 0.324 0.648
0.791 0.418 0.836 0.328 0.656
0.7915 0.417 0.834 0.332 0.664
0.792 0.416 0.832 0.336 0.672
0.7925 0.415 0.83 0.34 0.68
0.793 0.414 0.828 0.344 0.688
0.7935 0.413 0.826 0.348 0.696
0.794 0.412 0.824 0.352 0.704
0.7945 0.411 0.822 0.356 0.712
0.795 0.41 0.82 0.36 0.72
0.7955 0.409 0.818 0.364 0.728
0.796 0.408 0.816 0.368 0.736
0.7965 0.407 0.814 0.372 0.744
0.797 0.406 0.812 0.376 0.752
0.7975 0.405 0.81 0.38 0.76
0.798 0.404 0.808 0.384 0.768
0.7985 0.403 0.806 0.388 0.776
0.799 0.402 0.804 0.392 0.784
0.7995 0.401 0.802 0.396 0.792
0.8 0.4 0.8 0.4 0.8
0.8005 0.399 0.798 0.404 0.808
0.801 0.398 0.796 0.408 0.816
0.8015 0.397 0.794 0.412 0.824
0.802 0.396 0.792 0.416 0.832
0.8025 0.395 0.79 0.42 0.84
0.803 0.394 0.788 0.424 0.848
0.8035 0.393 0.786 0.428 0.856
0.804 0.392 0.784 0.432 0.864
0.8045 0.391 0.782 0.436 0.872
0.805 0.39 0.78 0.44 0.88
0.8055 0.389 0.778 0.444 0.888
0.806 0.388 0.776 0.448 0.896
0.8065 0.387 0.774 0.452 0.904
0.807 0.386 0.772 0.456 0.912
0.8075 0.385 0.77 0.46 0.92
0.808 0.384 0.768 0.464 0.928
0.8085 0.383 0.766 0.468 0.936
0.809 0.382 0.764 0.472 0.944
0.8095 0.381 0.762 0.476 0.952
0.81 0.38 0.76 0.48 0.96
0.8105 0.379 0.758 0.484 0.968
0.811 0.378 0.756 0.488 0.976
0.8115 0.377 0.754 0.492 0.984
0.812 0.376 0.752 0.496 0.992
0.8125 0.375 0.75 0.5 1
0.813 0.374 0.748 0.504 0.992
0.8135 0.373 0.746 0.508 0.984
0.814 0.372 0.744 0.512 0.976
0.8145 0.371 0.742 0.516 0.968
0.815 0.37 0.74 0.52 0.96
0.8155 0.369 0.738 0.524 0.952
0.816 0.368 0.736 0.528 0.944
0.8165 0.367 0.734 0.532 0.936
0.817 0.366 0.732 0.536 0.928
0.8175 0.365 0.73 0.54 0.92
0.818 0.364 0.728 0.544 0.912
0.8185 0.363 0.726 0.548 0.904
0.819 0.362 0.724 0.552 0.896
0.8195 0.361 0.722 0.556 0.888
0.82 0.36 0.72 0.56 0.88
0.8205 0.359 0.718 0.564 0.872
0.821 0.358 0.716 0.568 0.864
0.8215 0.357 0.714 0.572 0.856
0.822 0.356 0.712 0.576 0.848
0.8225 0.355 0.71 0.58 0.84
0.823 0.354 0.708 0.584 0.832
0.8235 0.353 0.706 0.588 0.824
0.824 0.352 0.704 0.592 0.816
0.8245 0.351 0.702 0.596 0.808
0.825 0.35 0.7 0.6 0.8
0.8255 0.349 0.698 0.604 0.792
0.826 0.348 0.696 0.608 0.784
0.8265 0.347 0.694 0.612 0.776
0.827 0.346 0.692 0.616 0.768
0.8275 0.345 0.69 0.62 0.76
0.828 0.344 0.688 0.624 0.752
0.8285 0.343 0.686 0.628 0.744
0.829 0.342 0.684 0.632 0.736
0.8295 0.341 0.682 0.636 0.728
0.83 0.34 0.68 0.64 0.72
0.8305 0.339 0.678 0.644 0.712
0.831 0.338 0.676 0.648 0.704
0.8315 0.337 0.674 0.652 0.696
0.832 0.336 0.672 0.656 0.688
0.8325 0.335 0.67 0.66 0.68
0.833 0.334 0.668 0.664 0.672
0.8335 0.333 0.666 0.668 0.664
0.834 0.332 0.664 0.672 0.656
0.8345 0.331 0.662 0.676 0.648
0.835 0.33 0.66 0.68 0.64
0.8355 0.329 0.658 0.684 0.632
0.836 0.328 0.656 0.688 0.624
0.8365 0.327 0.654 0.692 0.616
0.837 0.326 0.652 0.696 0.608
0.8375 0.325 0.65 0.7 0.6
0.838 0.324 0.648 0.704 0.592
0.8385 0.323 0.646 0.708 0.584
0.839 0.322 0.644 0.712 0.576
0.8395 0.321 0.642 0.716 0.568
0.84 0.32 0.64 0.72 0.56
0.8405 0.319 0.638 0.724 0.552
0.841 0.318 0.636 0.728 0.544
0.8415 0.317 0.634 0.732 0.536
0.842 0.316 0.632 0.736 0.528
0.8425 0.315 0.63 0.74 0.52
0.843 0.314 0.628 0.744 0.512
0.8435 0.313 0.626 0.748 0.504
0.844 0.312 0.624 0.752 0.496
0.8445 0.311 0.622 0.756 0.488
0.845 0.31 0.62 0.76 0.48
0.8455 0.309 0.618 0.764 0.472
0.846 0.308 0.616 0.768 0.464
0.8465 0.307 0.614 0.772 0.456
0.847 0.306 0.612 0.776 0.448
0.8475 0.305 0.61 0.78 0.44
0.848 0.304 0.608 0.784 0.432
0.8485 0.303 0.606 0.788 0.424
0.849 0.302 0.604 0.792 0.416
0.8495 0.301 0.602 0.796 0.408
0.85 0.3 0.6 0.8 0.4
0.8505 0.299 0.598 0.804 0.392
0.851 0.298 0.596 0.808 0.384
0.8515 0.297 0.594 0.812 0.376
0.852 0.296 0.592 0.816 0.368
0.8525 0.295 0.59 0.82 0.36
0.853 0.294 0.588 0.824 0.352
0.8535 0.293 0.586 0.828 0.344
0.854 0.292 0.584 0.832 0.336
0.8545 0.291 0.582 0.836 0.328
0.855 0.29 0.58 0.84 0.32
0.8555 0.289 0.578 0.844 0.312
0.856 0.288 0.576 0.848 0.304
0.8565 0.287 0.574 0.852 0.296
0.857 0.286 0.572 0.856 0.288
0.8575 0.285 0.57 0.86 0.28
0.858 0.284 0.568 0.864 0.272
0.8585 0.283 0.566 0.868 0.264
0.859 0.282 0.564 0.872 0.256
0.8595 0.281 0.562 0.876 0.248
0.86 0.28 0.56 0.88 0.24
0.8605 0.279 0.558 0.884 0.232
0.861 0.278 0.556 0.888 0.224
0.8615 0.277 0.554 0.892 0.216
0.862 0.276 0.552 0.896 0.208
0.8625 0.275 0.55 0.9 0.2
0.863 0.274 0.548 0.904 0.192
0.8635 0.273 0.546 0.908 0.184
0.864 0.272 0.544 0.912 0.176
0.8645 0.271 0.542 0.916 0.168
0.865 0.27 0.54 0.92 0.16
0.8655 0.269 0.538 0.924 0.152
0.866 0.268 0.536 0.928 0.144
0.8665 0.267 0.534 0.932 0.136
0.867 0.266 0.532 0.936 0.128
0.8675 0.265 0.53 0.94 0.12
0.868 0.264 0.528 0.944 0.112
0.8685 0.263 0.526 0.948 0.104
0.869 0.262 0.524 0.952 0.096
0.8695 0.261 0.522 0.956 0.088
0.87 0.26 0.52 0.96 0.08
0.8705 0.259 0.518 0.964 0.072
0.871 0.258 0.516 0.968 0.064
0.8715 0.257 0.514 0.972 0.056
0.872 0.256 0.512 0.976 0.048
0.8725 0.255 0.51 0.98 0.04
0.873 0.254 0.508 0.984 0.032
0.8735 0.253 0.506 0.988 0.024
0.874 0.252 0.504 0.992 0.016
0.8745 0.251 0.502 0.996 0.008
0.875 0.25 0.5 1 0
0.8755 0.249 0.498 0.996 0.008
0.876 0.248 0.496 0.992 0.016
0.8765 0.247 0.494 0.988 0.024
0.877 0.246 0.492 0.984 0.032
0.8775 0.245 0.49 0.98 0.04
0.878 0.244 0.488 0.976 0.048
0.8785 0.243 0.486 0.972 0.056
0.879 0.242 0.484 0.968 0.064
0.8795 0.241 0.482 0.964 0.072
0.88 0.24 0.48 0.96 0.08
0.8805 0.239 0.478 0.956 0.088
0.881 0.238 0.476 0.952 0.096
0.8815 0.237 0.474 0.948 0.104
0.882 0.236 0.472 0.944 0.112
0.8825 0.235 0.47 0.94 0.12
0.883 0.234 0.468 0.936 0.128
0.8835 0.233 0.466 0.932 0.136
0.884 0.232 0.464 0.928 0.144
0.8845 0.231 0.462 0.924 0.152
0.885 0.23 0.46 0.92 0.16
0.8855 0.229 0.458 0.916 0.168
0.886 0.228 0.456 0.912 0.176
0.8865 0.227 0.454 0.908 0.184
0.887 0.226 0.452 0.904 0.192
0.8875 0.225 0.45 0.9 0.2
0.888 0.224 0.448 0.896 0.208
0.8885 0.223 0.446 0.892 0.216
0.889 0.222 0.444 0.888 0.224
0.8895 0.221 0.442 0.884 0.232
0.89 0.22 0.44 0.88 0.24
0.8905 0.219 0.438 0.876 0.248
0.891 0.218 0.436 0.872 0.256
0.8915 0.217 0.434 0.868 0.264
0.892 0.216 0.432 0.864 0.272
0.8925 0.215 0.43 0.86 0.28
0.893 0.214 0.428 0.856 0.288
0.8935 0.213 0.426 0.852 0.296
0.894 0.212 0.424 0.848 0.304
0.8945 0.211 0.422 0.844 0.312
0.895 0.21 0.42 0.84 0.32
0.8955 0.209 0.418 0.836 0.328
0.896 0.208 0.416 0.832 0.336
0.8965 0.207 0.414 0.828 0.344
0.897 0.206 0.412 0.824 0.352
0.8975 0.205 0.41 0.82 0.36
0.898 0.204 0.408 0.816 0.368
0.8985 0.203 0.406 0.812 0.376
0.899 0.202 0.404 0.808 0.384
0.8995 0.201 0.402 0.804 0.392
0.9 0.2 0.4 0.8 0.4
0.9005 0.199 0.398 0.796 0.408
0.901 0.198 0.396 0.792 0.416
0.9015 0.197 0.394 0.788 0.424
0.902 0.196 0.392 0.784 0.432
0.9025 0.195 0.39 0.78 0.44
0.903 0.194 0.388 0.776 0.448
0.9035 0.193 0.386 0.772 0.456
0.904 0.192 0.384 0.768 0.464
0.9045 0.191 0.382 0.764 0.472
0.905 0.19 0.38 0.76 0.48
0.9055 0.189 0.378 0.756 0.488
0.906 0.188 0.376 0.752 0.496
0.9065 0.187 0.374 0.748 0.504
0.907 0.186 0.372 0.744 0.512
0.9075 0.185 0.37 0.74 0.52
0.908 0.184 0.368 0.736 0.528
0.9085 0.183 0.366 0.732 0.536
0.909 0.182 0.364 0.728 0.544
0.9095 0.181 0.362 0.724 0.552
0.91 0.18 0.36 0.72 0.56
0.9105 0.179 0.358 0.716 0.568
0.911 0.178 0.356 0.712 0.576
0.9115 0.177 0.354 0.708 0.584
0.912 0.176 0.352 0.704 0.592
0.9125 0.175 0.35 0.7 0.6
0.913 0.174 0.348 0.696 0.608
0.9135 0.173 0.346 0.692 0.616
0.914 0.172 0.344 0.688 0.624
0.9145 0.171 0.342 0.684 0.632
0.915 0.17 0.34 0.68 0.64
0.9155 0.169 0.338 0.676 0.648
0.916 0.168 0.336 0.672 0.656
0.9165 0.167 0.334 0.668 0.664
0.917 0.166 0.332 0.664 0.672
0.9175 0.165 0.33 0.66 0.68
0.918 0.164 0.328 0.656 0.688
0.9185 0.163 0.326 0.652 0.696
0.919 0.162 0.324 0.648 0.704
0.9195 0.161 0.322 0.644 0.712
0.92 0.16 0.32 0.64 0.72
0.9205 0.159 0.318 0.636 0.728
0.921 0.158 0.316 0.632 0.736
0.9215 0.157 0.314 0.628 0.744
0.922 0.156 0.312 0.624 0.752
0.9225 0.155 0.31 0.62 0.76
0.923 0.154 0.308 0.616 0.768
0.9235 0.153 0.306 0.612 0.776
0.924 0.152 0.304 0.608 0.784
0.9245 0.151 0.302 0.604 0.792
0.925 0.15 0.3 0.6 0.8
0.9255 0.149 0.298 0.596 0.808
0.926 0.148 0.296 0.592 0.816
0.9265 0.147 0.294 0.588 0.824
0.927 0.146 0.292 0.584 0.832
0.9275 0.145 0.29 0.58 0.84
0.928 0.144 0.288 0.576 0.848
0.9285 0.143 0.286 0.572 0.856
0.929 0.142 0.284 0.568 0.864
0.9295 0.141 0.282 0.564 0.872
0.93 0.14 0.28 0.56 0.88
0.9305 0.139 0.278 0.556 0.888
0.931 0.138 0.276 0.552 0.896
0.9315 0.137 0.274 0.548 0.904
0.932 0.136 0.272 0.544 0.912
0.9325 0.135 0.27 0.54 0.92
0.933 0.134 0.268 0.536 0.928
0.9335 0.133 0.266 0.532 0.936
0.934 0.132 0.264 0.528 0.944
0.9345 0.131 0.262 0.524 0.952
0.935 0.13 0.26 0.52 0.96
0.9355 0.129 0.258 0.516 0.968
0.936 0.128 0.256 0.512 0.976
0.9365 0.127 0.254 0.508 0.984
0.937 0.126 0.252 0.504 0.992
0.9375 0.125 0.25 0.5 1
0.938 0.124 0.248 0.496 0.992
0.9385 0.123 0.246 0.492 0.984
0.939 0.122 0.244 0.488 0.976
0.9395 0.121 0.242 0.484 0.968
0.94 0.12 0.24 0.48 0.96
0.9405 0.119 0.238 0.476 0.952
0.941 0.118 0.236 0.472 0.944
0.9415 0.117 0.234 0.468 0.936
0.942 0.116 0.232 0.464 0.928
0.9425 0.115 0.23 0.46 0.92
0.943 0.114 0.228 0.456 0.912
0.9435 0.113 0.226 0.452 0.904
0.944 0.112 0.224 0.448 0.896
0.9445 0.111 0.222 0.444 0.888
0.945 0.11 0.22 0.44 0.88
0.9455 0.109 0.218 0.436 0.872
0.946 0.108 0.216 0.432 0.864
0.9465 0.107 0.214 0.428 0.856
0.947 0.106 0.212 0.424 0.848
0.9475 0.105 0.21 0.42 0.84
0.948 0.104 0.208 0.416 0.832
0.9485 0.103 0.206 0.412 0.824
0.949 0.102 0.204 0.408 0.816
0.9495 0.101 0.202 0.404 0.808
0.95 0.1 0.2 0.4 0.8
0.9505 0.099 0.198 0.396 0.792
0.951 0.098 0.196 0.392 0.784
0.9515 0.097 0.194 0.388 0.776
0.952 0.096 0.192 0.384 0.768
0.9525 0.095 0.19 0.38 0.76
0.953 0.094 0.188 0.376 0.752
0.9535 0.093 0.186 0.372 0.744
0.954 0.092 0.184 0.368 0.736
0.9545 0.091 0.182 0.364 0.728
0.955 0.09 0.18 0.36 0.72
0.9555 0.089 0.178 0.356 0.712
0.956 0.088 0.176 0.352 0.704
0.9565 0.087 0.174 0.348 0.696
0.957 0.086 0.172 0.344 0.688
0.9575 0.085 0.17 0.34 0.68
0.958 0.084 0.168 0.336 0.672
0.9585 0.083 0.166 0.332 0.664
0.959 0.082 0.164 0.328 0.656
0.9595 0.081 0.162 0.324 0.648
0.96 0.08 0.16 0.32 0.64
0.9605 0.079 0.158 0.316 0.632
0.961 0.078 0.156 0.312 0.624
0.9615 0.077 0.154 0.308 0.616
0.962 0.076 0.152 0.304 0.608
0.9625 0.075 0.15 0.3 0.6
0.963 0.074 0.148 0.296 0.592
0.9635 0.073 0.146 0.292 0.584
0.964 0.072 0.144 0.288 0.576
0.9645 0.071 0.142 0.284 0.568
0.965 0.07 0.14 0.28 0.56
0.9655 0.069 0.138 0.276 0.552
0.966 0.068 0.136 0.272 0.544
0.9665 0.067 0.134 0.268 0.536
0.967 0.066 0.132 0.264 0.528
0.9675 0.065 0.13 0.26 0.52
0.968 0.064 0.128 0.256 0.512
0.9685 0.063 0.126 0.252 0.504
0.969 0.062 0.124 0.248 0.496
0.9695 0.061 0.122 0.244 0.488
0.97 0.06 0.12 0.24 0.48
0.9705 0.059 0.118 0.236 0.472
0.971 0.058 0.116 0.232 0.464
0.9715 0.057 0.114 0.228 0.456
0.972 0.056 0.112 0.224 0.448
0.9725 0.055 0.11 0.22 0.44
0.973 0.054 0.108 0.216 0.432
0.9735 0.053 0.106 0.212 0.424
0.974 0.052 0.104 0.208 0.416
0.9745 0.051 0.102 0.204 0.408
0.975 0.05 0.1 0.2 0.4
0.9755 0.049 0.098 0.196 0.392
0.976 0.048 0.096 0.192 0.384
0.9765 0.047 0.094 0.188 0.376
0.977 0.046 0.092 0.184 0.368
0.9775 0.045 0.09 0.18 0.36
0.978 0.044 0.088 0.176 0.352
0.9785 0.043 0.086 0.172 0.344
0.979 0.042 0.084 0.168 0.336
0.9795 0.041 0.082 0.164 0.328
0.98 0.04 0.08 0.16 0.32
0.9805 0.039 0.078 0.156 0.312
0.981 0.038 0.076 0.152 0.304
0.9815 0.037 0.074 0.148 0.296
0.982 0.036 0.072 0.144 0.288
0.9825 0.035 0.07 0.14 0.28
0.983 0.034 0.068 0.136 0.272
0.9835 0.033 0.066 0.132 0.264
0.984 0.032 0.064 0.128 0.256
0.9845 0.031 0.062 0.124 0.248
0.985 0.03 0.06 0.12 0.24
0.9855 0.029 0.058 0.116 0.232
0.986 0.028 0.056 0.112 0.224
0.9865 0.027 0.054 0.108 0.216
0.987 0.026 0.052 0.104 0.208
0.9875 0.025 0.05 0.1 0.2
0.988 0.024 0.048 0.096 0.192
0.9885 0.023 0.046 0.092 0.184
0.989 0.022 0.044 0.088 0.176
0.9895 0.021 0.042 0.084 0.168
0.99 0.02 0.04 0.08 0.16
0.9905 0.019 0.038 0.076 0.152
0.991 0.018 0.036 0.072 0.144
0.9915 0.017 0.034 0.068 0.136
0.992 0.016 0.032 0.064 0.128
0.9925 0.015 0.03 0.06 0.12
0.993 0.014 0.028 0.056 0.112
0.9935 0.013 0.026 0.052 0.104
0.994 0.012 0.024 0.048 0.096
0.9945 0.011 0.022 0.044 0.088
0.995 0.01 0.02 0.04 0.08
0.9955 0.009 0.018 0.036 0.072
0.996 0.008 0.016 0.032 0.064
0.9965 0.007 0.014 0.028 0.056
0.997 0.006 0.012 0.024 0.048
0.9975 0.005 0.01 0.02 0.04
0.998 0.004 0.008 0.016 0.032
0.9985 0.003 0.006 0.012 0.024
0.999 0.002 0.004 0.008 0.016
0.9995 0.001 0.002 0.004 0.008
1 0 0 0 0
