x error slope_error
0 0 3.14159265359
0.0005 0.0015643446504 3.10291443485
0.001 0.00309016994375 2.98783216474
0.0015 0.0045399049974 2.79917955069
0.002 0.00587785252292 2.54160184616
0.0025 0.00707106781187 2.22144146908
0.003 0.00809016994375 1.84658183049
0.0035 0.00891006524188 1.42625321878
0.004 0.00951056516295 0.970805519363
0.0045 0.00987688340595 0.491453366139
0.005 0.01 1.92367069372e-16
0.0055 0.00987688340595 -0.491453366139
0.006 0.00951056516295 -0.970805519363
0.0065 0.00891006524188 -1.42625321878
0.007 0.00809016994375 -1.84658183049
0.0075 0.00707106781187 -2.22144146908
0.008 0.00587785252292 -2.54160184616
0.0085 0.0045399049974 -2.79917955069
0.009 0.00309016994375 -2.98783216474
0.0095 0.0015643446504 -3.10291443485
0.01 1.22464679915e-18 -3.14159265359
0.0105 -0.0015643446504 -3.10291443485
0.011 -0.00309016994375 -2.98783216474
0.0115 -0.0045399049974 -2.79917955069
0.012 -0.00587785252292 -2.54160184616
0.0125 -0.00707106781187 -2.22144146908
0.013 -0.00809016994375 -1.84658183049
0.0135 -0.00891006524188 -1.42625321878
0.014 -0.00951056516295 -0.970805519363
0.0145 -0.00987688340595 -0.491453366139
0.015 -0.01 -5.77101208117e-16
0.0155 -0.00987688340595 0.491453366139
0.016 -0.00951056516295 0.970805519363
0.0165 -0.00891006524188 1.42625321878
0.017 -0.00809016994375 1.84658183049
0.0175 -0.00707106781187 2.22144146908
0.018 -0.00587785252292 2.54160184616
0.0185 -0.0045399049974 2.79917955069
0.019 -0.00309016994375 2.98783216474
0.0195 -0.0015643446504 3.10291443485
0.02 -2.44929359829e-18 3.14159265359
0.0205 0.0015643446504 3.10291443485
0.021 0.00309016994375 2.98783216474
0.0215 0.0045399049974 2.79917955069
0.022 0.00587785252292 2.54160184616
0.0225 0.00707106781187 2.22144146908
0.023 0.00809016994375 1.84658183049
0.0235 0.00891006524188 1.42625321878
0.024 0.00951056516295 0.970805519363
0.0245 0.00987688340595 0.491453366139
0.025 0.01 -1.82845945155e-15
0.0255 0.00987688340595 -0.491453366139
0.026 0.00951056516295 -0.970805519363
0.0265 0.00891006524188 -1.42625321878
0.027 0.00809016994375 -1.84658183049
0.0275 0.00707106781187 -2.22144146908
0.028 0.00587785252292 -2.54160184616
0.0285 0.0045399049974 -2.79917955069
0.029 0.00309016994375 -2.98783216474
0.0295 0.0015643446504 -3.10291443485
0.03 3.67394039744e-18 -3.14159265359
0.0305 -0.0015643446504 -3.10291443485
0.031 -0.00309016994375 -2.98783216474
0.0315 -0.0045399049974 -2.79917955069
0.032 -0.00587785252292 -2.54160184616
0.0325 -0.00707106781187 -2.22144146908
0.033 -0.00809016994375 -1.84658183049
0.0335 -0.00891006524188 -1.42625321878
0.034 -0.00951056516295 -0.970805519363
0.0345 -0.00987688340595 -0.491453366139
0.035 -0.01 4.23402011121e-15
0.0355 -0.00987688340595 0.491453366139
0.036 -0.00951056516295 0.970805519363
0.0365 -0.00891006524188 1.42625321878
0.037 -0.00809016994375 1.84658183049
0.0375 -0.00707106781187 2.22144146908
0.038 -0.00587785252292 2.54160184616
0.0385 -0.0045399049974 2.79917955069
0.039 -0.00309016994375 2.98783216474
0.0395 -0.0015643446504 3.10291443485
0.04 -4.89858719659e-18 3.14159265359
0.0405 0.0015643446504 3.10291443485
0.041 0.00309016994375 2.98783216474
0.0415 0.0045399049974 2.79917955069
0.042 0.00587785252292 2.54160184616
0.0425 0.00707106781187 2.22144146908
0.043 0.00809016994375 1.84658183049
0.0435 0.00891006524188 1.42625321878
0.044 0.00951056516295 0.970805519363
0.0445 0.00987688340595 0.491453366139
0.045 0.01 1.73130362435e-15
0.0455 0.00987688340595 -0.491453366139
0.046 0.00951056516295 -0.970805519363
0.0465 0.00891006524188 -1.42625321878
0.047 0.00809016994375 -1.84658183049
0.0475 0.00707106781187 -2.22144146908
0.048 0.00587785252292 -2.54160184616
0.0485 0.0045399049974 -2.79917955069
0.049 0.00309016994375 -2.98783216474
0.0495 0.0015643446504 -3.10291443485
0.05 -1.16403343983e-17 -3.14159265359
0.0505 -0.0015643446504 -3.10291443485
0.051 -0.00309016994375 -2.98783216474
0.0515 -0.0045399049974 -2.79917955069
0.052 -0.00587785252292 -2.54160184616
0.0525 -0.00707106781187 -2.22144146908
0.053 -0.00809016994375 -1.84658183049
0.0535 -0.00891006524188 -1.42625321878
0.054 -0.00951056516295 -0.970805519363
0.0545 -0.00987688340595 -0.491453366139
0.055 -0.01 3.46455183372e-15
0.0555 -0.00987688340595 0.491453366139
0.056 -0.00951056516295 0.970805519363
0.0565 -0.00891006524188 1.42625321878
0.057 -0.00809016994375 1.84658183049
0.0575 -0.00707106781187 2.22144146908
0.058 -0.00587785252292 2.54160184616
0.0585 -0.0045399049974 2.79917955069
0.059 -0.00309016994375 2.98783216474
0.0595 -0.0015643446504 3.10291443485
0.06 -7.34788079488e-18 3.14159265359
0.0605 0.0015643446504 3.10291443485
0.061 0.00309016994375 2.98783216474
0.0615 0.0045399049974 2.79917955069
0.062 0.00587785252292 2.54160184616
0.0625 0.00707106781187 2.22144146908
0.063 0.00809016994375 1.84658183049
0.0635 0.00891006524188 1.42625321878
0.064 0.00951056516295 0.970805519363
0.0645 0.00987688340595 0.491453366139
0.065 0.01 -3.07981769498e-15
0.0655 0.00987688340595 -0.491453366139
0.066 0.00951056516295 -0.970805519363
0.0665 0.00891006524188 -1.42625321878
0.067 0.00809016994375 -1.84658183049
0.0675 0.00707106781187 -2.22144146908
0.068 0.00587785252292 -2.54160184616
0.0685 0.0045399049974 -2.79917955069
0.069 0.00309016994375 -2.98783216474
0.0695 0.0015643446504 -3.10291443485
0.07 -2.6954609194e-17 -3.14159265359
0.0705 -0.0015643446504 -3.10291443485
0.071 -0.00309016994375 -2.98783216474
0.0715 -0.0045399049974 -2.79917955069
0.072 -0.00587785252292 -2.54160184616
0.0725 -0.00707106781187 -2.22144146908
0.073 -0.00809016994375 -1.84658183049
0.0735 -0.00891006524188 -1.42625321878
0.074 -0.00951056516295 -0.970805519363
0.0745 -0.00987688340595 -0.491453366139
0.075 -0.01 2.69508355623e-15
0.0755 -0.00987688340595 0.491453366139
0.076 -0.00951056516295 0.970805519363
0.0765 -0.00891006524188 1.42625321878
0.077 -0.00809016994375 1.84658183049
0.0775 -0.00707106781187 2.22144146908
0.078 -0.00587785252292 2.54160184616
0.0785 -0.0045399049974 2.79917955069
0.079 -0.00309016994375 2.98783216474
0.0795 -0.0015643446504 3.10291443485
0.08 -9.79717439318e-18 3.14159265359
0.0805 0.0015643446504 3.10291443485
0.081 0.00309016994375 2.98783216474
0.0815 0.0045399049974 2.79917955069
0.082 0.00587785252292 2.54160184616
0.0825 0.00707106781187 2.22144146908
0.083 0.00809016994375 1.84658183049
0.0835 0.00891006524188 1.42625321878
0.084 0.00951056516295 0.970805519363
0.0845 0.00987688340595 0.491453366139
0.085 0.01 -2.31034941749e-15
0.0855 0.00987688340595 -0.491453366139
0.086 0.00951056516295 -0.970805519363
0.0865 0.00891006524188 -1.42625321878
0.087 0.00809016994375 -1.84658183049
0.0875 0.00707106781187 -2.22144146908
0.088 0.00587785252292 -2.54160184616
0.0885 0.0045399049974 -2.79917955069
0.089 0.00309016994375 -2.98783216474
0.0895 0.0015643446504 -3.10291443485
0.09 1.10218211923e-17 -3.14159265359
0.0905 -0.0015643446504 -3.10291443485
0.091 -0.00309016994375 -2.98783216474
0.0915 -0.0045399049974 -2.79917955069
0.092 -0.00587785252292 -2.54160184616
0.0925 -0.00707106781187 -2.22144146908
0.093 -0.00809016994375 -1.84658183049
0.0935 -0.00891006524188 -1.42625321878
0.094 -0.00951056516295 -0.970805519363
0.0945 -0.00987688340595 -0.491453366139
0.095 -0.01 1.92561527874e-15
0.0955 -0.00987688340595 0.491453366139
0.096 -0.00951056516295 0.970805519363
0.0965 -0.00891006524188 1.42625321878
0.097 -0.00809016994375 1.84658183049
0.0975 -0.00707106781187 2.22144146908
0.098 -0.00587785252292 2.54160184616
0.0985 -0.0045399049974 2.79917955069
0.099 -0.00309016994375 2.98783216474
0.0995 -0.0015643446504 3.10291443485
0.1 2.32806687965e-17 3.14159265359
0.1005 0.0015643446504 3.10291443485
0.101 0.00309016994375 2.98783216474
0.1015 0.0045399049974 2.79917955069
0.102 0.00587785252292 2.54160184616
0.1025 0.00707106781187 2.22144146908
0.103 0.00809016994375 1.84658183049
0.1035 0.00891006524188 1.42625321878
0.104 0.00951056516295 0.970805519363
0.1045 0.00987688340595 0.491453366139
0.105 0.01 -1.54088114e-15
0.1055 0.00987688340595 -0.491453366139
0.106 0.00951056516295 -0.970805519363
0.1065 0.00891006524188 -1.42625321878
0.107 0.00809016994375 -1.84658183049
0.1075 0.00707106781187 -2.22144146908
0.108 0.00587785252292 -2.54160184616
0.1085 0.0045399049974 -2.79917955069
0.109 0.00309016994375 -2.98783216474
0.1095 0.0015643446504 -3.10291443485
0.11 -2.20560219974e-17 -3.14159265359
0.1105 -0.0015643446504 -3.10291443485
0.111 -0.00309016994375 -2.98783216474
0.1115 -0.0045399049974 -2.79917955069
0.112 -0.00587785252292 -2.54160184616
0.1125 -0.00707106781187 -2.22144146908
0.113 -0.00809016994375 -1.84658183049
0.1135 -0.00891006524188 -1.42625321878
0.114 -0.00951056516295 -0.970805519363
0.1145 -0.00987688340595 -0.491453366139
0.115 -0.01 1.23173261949e-14
0.1155 -0.00987688340595 0.491453366139
0.116 -0.00951056516295 0.970805519363
0.1165 -0.00891006524188 1.42625321878
0.117 -0.00809016994375 1.84658183049
0.1175 -0.00707106781187 2.22144146908
0.118 -0.00587785252292 2.54160184616
0.1185 -0.0045399049974 2.79917955069
0.119 -0.00309016994375 2.98783216474
0.1195 -0.0015643446504 3.10291443485
0.12 -1.46957615898e-17 3.14159265359
0.1205 0.0015643446504 3.10291443485
0.121 0.00309016994375 2.98783216474
0.1215 0.0045399049974 2.79917955069
0.122 0.00587785252292 2.54160184616
0.1225 0.00707106781187 2.22144146908
0.123 0.00809016994375 1.84658183049
0.1235 0.00891006524188 1.42625321878
0.124 0.00951056516295 0.970805519363
0.1245 0.00987688340595 0.491453366139
0.125 0.01 -7.71412862509e-16
0.1255 0.00987688340595 -0.491453366139
0.126 0.00951056516295 -0.970805519363
0.1265 0.00891006524188 -1.42625321878
0.127 0.00809016994375 -1.84658183049
0.1275 0.00707106781187 -2.22144146908
0.128 0.00587785252292 -2.54160184616
0.1285 0.0045399049974 -2.79917955069
0.129 0.00309016994375 -2.98783216474
0.1295 0.0015643446504 -3.10291443485
0.13 -1.96067283991e-17 -3.14159265359
0.1305 -0.0015643446504 -3.10291443485
0.131 -0.00309016994375 -2.98783216474
0.1315 -0.0045399049974 -2.79917955069
0.132 -0.00587785252292 -2.54160184616
0.1325 -0.00707106781187 -2.22144146908
0.133 -0.00809016994375 -1.84658183049
0.1335 -0.00891006524188 -1.42625321878
0.134 -0.00951056516295 -0.970805519363
0.1345 -0.00987688340595 -0.491453366139
0.135 -0.01 1.15478579174e-14
0.1355 -0.00987688340595 0.491453366139
0.136 -0.00951056516295 0.970805519363
0.1365 -0.00891006524188 1.42625321878
0.137 -0.00809016994375 1.84658183049
0.1375 -0.00707106781187 2.22144146908
0.138 -0.00587785252292 2.54160184616
0.1385 -0.0045399049974 2.79917955069
0.139 -0.00309016994375 2.98783216474
0.1395 -0.0015643446504 3.10291443485
0.14 5.39092183879e-17 3.14159265359
0.1405 0.0015643446504 3.10291443485
0.141 0.00309016994375 2.98783216474
0.1415 0.0045399049974 2.79917955069
0.142 0.00587785252292 2.54160184616
0.1425 0.00707106781187 2.22144146908
0.143 0.00809016994375 1.84658183049
0.1435 0.00891006524188 1.42625321878
0.144 0.00951056516295 0.970805519363
0.1445 0.00987688340595 0.491453366139
0.145 0.01 -1.94458502062e-18
0.1455 0.00987688340595 -0.491453366139
0.146 0.00951056516295 -0.970805519363
0.1465 0.00891006524188 -1.42625321878
0.147 0.00809016994375 -1.84658183049
0.1475 0.00707106781187 -2.22144146908
0.148 0.00587785252292 -2.54160184616
0.1485 0.0045399049974 -2.79917955069
0.149 0.00309016994375 -2.98783216474
0.1495 0.0015643446504 -3.10291443485
0.15 -1.71574348008e-17 -3.14159265359
0.1505 -0.0015643446504 -3.10291443485
0.151 -0.00309016994375 -2.98783216474
0.1515 -0.0045399049974 -2.79917955069
0.152 -0.00587785252292 -2.54160184616
0.1525 -0.00707106781187 -2.22144146908
0.153 -0.00809016994375 -1.84658183049
0.1535 -0.00891006524188 -1.42625321878
0.154 -0.00951056516295 -0.970805519363
0.1545 -0.00987688340595 -0.491453366139
0.155 -0.01 1.07783896399e-14
0.1555 -0.00987688340595 0.491453366139
0.156 -0.00951056516295 0.970805519363
0.1565 -0.00891006524188 1.42625321878
0.157 -0.00809016994375 1.84658183049
0.1575 -0.00707106781187 2.22144146908
0.158 -0.00587785252292 2.54160184616
0.1585 -0.0045399049974 2.79917955069
0.159 -0.00309016994375 2.98783216474
0.1595 -0.0015643446504 3.10291443485
0.16 -1.95943487864e-17 3.14159265359
0.1605 0.0015643446504 3.10291443485
0.161 0.00309016994375 2.98783216474
0.1615 0.0045399049974 2.79917955069
0.162 0.00587785252292 2.54160184616
0.1625 0.00707106781187 2.22144146908
0.163 0.00809016994375 1.84658183049
0.1635 0.00891006524188 1.42625321878
0.164 0.00951056516295 0.970805519363
0.1645 0.00987688340595 0.491453366139
0.165 0.01 7.67523692468e-16
0.1655 0.00987688340595 -0.491453366139
0.166 0.00951056516295 -0.970805519363
0.1665 0.00891006524188 -1.42625321878
0.167 0.00809016994375 -1.84658183049
0.1675 0.00707106781187 -2.22144146908
0.168 0.00587785252292 -2.54160184616
0.1685 0.0045399049974 -2.79917955069
0.169 0.00309016994375 -2.98783216474
0.1695 0.0015643446504 -3.10291443485
0.17 -1.47081412025e-17 -3.14159265359
0.1705 -0.0015643446504 -3.10291443485
0.171 -0.00309016994375 -2.98783216474
0.1715 -0.0045399049974 -2.79917955069
0.172 -0.00587785252292 -2.54160184616
0.1725 -0.00707106781187 -2.22144146908
0.173 -0.00809016994375 -1.84658183049
0.1735 -0.00891006524188 -1.42625321878
0.174 -0.00951056516295 -0.970805519363
0.1745 -0.00987688340595 -0.491453366139
0.175 -0.01 1.00089213624e-14
0.1755 -0.00987688340595 0.491453366139
0.176 -0.00951056516295 0.970805519363
0.1765 -0.00891006524188 1.42625321878
0.177 -0.00809016994375 1.84658183049
0.1775 -0.00707106781187 2.22144146908
0.178 -0.00587785252292 2.54160184616
0.1785 -0.0045399049974 2.79917955069
0.179 -0.00309016994375 2.98783216474
0.1795 -0.0015643446504 3.10291443485
0.18 -2.20436423847e-17 3.14159265359
0.1805 0.0015643446504 3.10291443485
0.181 0.00309016994375 2.98783216474
0.1815 0.0045399049974 2.79917955069
0.182 0.00587785252292 2.54160184616
0.1825 0.00707106781187 2.22144146908
0.183 0.00809016994375 1.84658183049
0.1835 0.00891006524188 1.42625321878
0.184 0.00951056516295 0.970805519363
0.1845 0.00987688340595 0.491453366139
0.185 0.01 1.53699196996e-15
0.1855 0.00987688340595 -0.491453366139
0.186 0.00951056516295 -0.970805519363
0.1865 0.00891006524188 -1.42625321878
0.187 0.00809016994375 -1.84658183049
0.1875 0.00707106781187 -2.22144146908
0.188 0.00587785252292 -2.54160184616
0.1885 0.0045399049974 -2.79917955069
0.189 0.00309016994375 -2.98783216474
0.1895 0.0015643446504 -3.10291443485
0.19 -1.22588476042e-17 -3.14159265359
0.1905 -0.0015643446504 -3.10291443485
0.191 -0.00309016994375 -2.98783216474
0.1915 -0.0045399049974 -2.79917955069
0.192 -0.00587785252292 -2.54160184616
0.1925 -0.00707106781187 -2.22144146908
0.193 -0.00809016994375 -1.84658183049
0.1935 -0.00891006524188 -1.42625321878
0.194 -0.00951056516295 -0.970805519363
0.1945 -0.00987688340595 -0.491453366139
0.195 -0.01 9.23945308493e-15
0.1955 -0.00987688340595 0.491453366139
0.196 -0.00951056516295 0.970805519363
0.1965 -0.00891006524188 1.42625321878
0.197 -0.00809016994375 1.84658183049
0.1975 -0.00707106781187 2.22144146908
0.198 -0.00587785252292 2.54160184616
0.1985 -0.0045399049974 2.79917955069
0.199 -0.00309016994375 2.98783216474
0.1995 -0.0015643446504 3.10291443485
0.2 4.65613375931e-17 3.14159265359
0.2005 0.0015643446504 3.10291443485
0.201 0.00309016994375 2.98783216474
0.2015 0.0045399049974 2.79917955069
0.202 0.00587785252292 2.54160184616
0.2025 0.00707106781187 2.22144146908
0.203 0.00809016994375 1.84658183049
0.2035 0.00891006524188 1.42625321878
0.204 0.00951056516295 0.970805519363
0.2045 0.00987688340595 0.491453366139
0.205 0.01 -2.00158981398e-14
0.2055 0.00987688340595 -0.491453366139
0.206 0.00951056516295 -0.970805519363
0.2065 0.00891006524188 -1.42625321878
0.207 0.00809016994375 -1.84658183049
0.2075 0.00707106781187 -2.22144146908
0.208 0.00587785252292 -2.54160184616
0.2085 0.0045399049974 -2.79917955069
0.209 0.00309016994375 -2.98783216474
0.2095 0.0015643446504 -3.10291443485
0.21 -9.80955400591e-18 -3.14159265359
0.2105 -0.0015643446504 -3.10291443485
0.211 -0.00309016994375 -2.98783216474
0.2115 -0.0045399049974 -2.79917955069
0.212 -0.00587785252292 -2.54160184616
0.2125 -0.00707106781187 -2.22144146908
0.213 -0.00809016994375 -1.84658183049
0.2135 -0.00891006524188 -1.42625321878
0.214 -0.00951056516295 -0.970805519363
0.2145 -0.00987688340595 -0.491453366139
0.215 -0.01 -1.38523735798e-14
0.2155 -0.00987688340595 0.491453366139
0.216 -0.00951056516295 0.970805519363
0.2165 -0.00891006524188 1.42625321878
0.217 -0.00809016994375 1.84658183049
0.2175 -0.00707106781187 2.22144146908
0.218 -0.00587785252292 2.54160184616
0.2185 -0.0045399049974 2.79917955069
0.219 -0.00309016994375 2.98783216474
0.2195 -0.0015643446504 3.10291443485
0.22 4.41120439948e-17 3.14159265359
0.2205 0.0015643446504 3.10291443485
0.221 0.00309016994375 2.98783216474
0.2215 0.0045399049974 2.79917955069
0.222 0.00587785252292 2.54160184616
0.2225 0.00707106781187 2.22144146908
0.223 0.00809016994375 1.84658183049
0.2235 0.00891006524188 1.42625321878
0.224 0.00951056516295 0.970805519363
0.2245 0.00987688340595 0.491453366139
0.225 0.01 3.07592852493e-15
0.2255 0.00987688340595 -0.491453366139
0.226 0.00951056516295 -0.970805519363
0.2265 0.00891006524188 -1.42625321878
0.227 0.00809016994375 -1.84658183049
0.2275 0.00707106781187 -2.22144146908
0.228 0.00587785252292 -2.54160184616
0.2285 0.0045399049974 -2.79917955069
0.229 0.00309016994375 -2.98783216474
0.2295 0.0015643446504 -3.10291443485
0.23 -7.84145339836e-17 -3.14159265359
0.2305 -0.0015643446504 -3.10291443485
0.231 -0.00309016994375 -2.98783216474
0.2315 -0.0045399049974 -2.79917955069
0.232 -0.00587785252292 -2.54160184616
0.2325 -0.00707106781187 -2.22144146908
0.233 -0.00809016994375 -1.84658183049
0.2335 -0.00891006524188 -1.42625321878
0.234 -0.00951056516295 -0.970805519363
0.2345 -0.00987688340595 -0.491453366139
0.235 -0.01 7.70051652995e-15
0.2355 -0.00987688340595 0.491453366139
0.236 -0.00951056516295 0.970805519363
0.2365 -0.00891006524188 1.42625321878
0.237 -0.00809016994375 1.84658183049
0.2375 -0.00707106781187 2.22144146908
0.238 -0.00587785252292 2.54160184616
0.2385 -0.0045399049974 2.79917955069
0.239 -0.00309016994375 2.98783216474
0.2395 -0.0015643446504 3.10291443485
0.24 -2.93915231795e-17 3.14159265359
0.2405 0.0015643446504 3.10291443485
0.241 0.00309016994375 2.98783216474
0.2415 0.0045399049974 2.79917955069
0.242 0.00587785252292 2.54160184616
0.2425 0.00707106781187 2.22144146908
0.243 0.00809016994375 1.84658183049
0.2435 0.00891006524188 1.42625321878
0.244 0.00951056516295 0.970805519363
0.2445 0.00987688340595 0.491453366139
0.245 0.01 -1.84769615848e-14
0.2455 0.00987688340595 -0.491453366139
0.246 0.00951056516295 -0.970805519363
0.2465 0.00891006524188 -1.42625321878
0.247 0.00809016994375 -1.84658183049
0.2475 0.00707106781187 -2.22144146908
0.248 0.00587785252292 -2.54160184616
0.2485 0.0045399049974 -2.79917955069
0.249 0.00309016994375 -2.98783216474
0.2495 0.0015643446504 -3.10291443485
0.25 -4.91096680932e-18 -3.14159265359
0.2505 -0.0015643446504 -3.10291443485
0.251 -0.00309016994375 -2.98783216474
0.2515 -0.0045399049974 -2.79917955069
0.252 -0.00587785252292 -2.54160184616
0.2525 -0.00707106781187 -2.22144146908
0.253 -0.00809016994375 -1.84658183049
0.2535 -0.00891006524188 -1.42625321878
0.254 -0.00951056516295 -0.970805519363
0.2545 -0.00987688340595 -0.491453366139
0.255 -0.01 -1.53913101348e-14
0.2555 -0.00987688340595 0.491453366139
0.256 -0.00951056516295 0.970805519363
0.2565 -0.00891006524188 1.42625321878
0.257 -0.00809016994375 1.84658183049
0.2575 -0.00707106781187 2.22144146908
0.258 -0.00587785252292 2.54160184616
0.2585 -0.0045399049974 2.79917955069
0.259 -0.00309016994375 2.98783216474
0.2595 -0.0015643446504 3.10291443485
0.26 3.92134567982e-17 3.14159265359
0.2605 0.0015643446504 3.10291443485
0.261 0.00309016994375 2.98783216474
0.2615 0.0045399049974 2.79917955069
0.262 0.00587785252292 2.54160184616
0.2625 0.00707106781187 2.22144146908
0.263 0.00809016994375 1.84658183049
0.2635 0.00891006524188 1.42625321878
0.264 0.00951056516295 0.970805519363
0.2645 0.00987688340595 0.491453366139
0.265 0.01 4.61486507991e-15
0.2655 0.00987688340595 -0.491453366139
0.266 0.00951056516295 -0.970805519363
0.2665 0.00891006524188 -1.42625321878
0.267 0.00809016994375 -1.84658183049
0.2675 0.00707106781187 -2.22144146908
0.268 0.00587785252292 -2.54160184616
0.2685 0.0045399049974 -2.79917955069
0.269 0.00309016994375 -2.98783216474
0.2695 0.0015643446504 -3.10291443485
0.27 -7.3515946787e-17 -3.14159265359
0.2705 -0.0015643446504 -3.10291443485
0.271 -0.00309016994375 -2.98783216474
0.2715 -0.0045399049974 -2.79917955069
0.272 -0.00587785252292 -2.54160184616
0.2725 -0.00707106781187 -2.22144146908
0.273 -0.00809016994375 -1.84658183049
0.2735 -0.00891006524188 -1.42625321878
0.274 -0.00951056516295 -0.970805519363
0.2745 -0.00987688340595 -0.491453366139
0.275 -0.01 6.16157997497e-15
0.2755 -0.00987688340595 0.491453366139
0.276 -0.00951056516295 0.970805519363
0.2765 -0.00891006524188 1.42625321878
0.277 -0.00809016994375 1.84658183049
0.2775 -0.00707106781187 2.22144146908
0.278 -0.00587785252292 2.54160184616
0.2785 -0.0045399049974 2.79917955069
0.279 -0.00309016994375 2.98783216474
0.2795 -0.0015643446504 3.10291443485
0.28 1.07818436776e-16 3.14159265359
0.2805 0.0015643446504 3.10291443485
0.281 0.00309016994375 2.98783216474
0.2815 0.0045399049974 2.79917955069
0.282 0.00587785252292 2.54160184616
0.2825 0.00707106781187 2.22144146908
0.283 0.00809016994375 1.84658183049
0.2835 0.00891006524188 1.42625321878
0.284 0.00951056516295 0.970805519363
0.2845 0.00987688340595 0.491453366139
0.285 0.01 -1.69380250299e-14
0.2855 0.00987688340595 -0.491453366139
0.286 0.00951056516295 -0.970805519363
0.2865 0.00891006524188 -1.42625321878
0.287 0.00809016994375 -1.84658183049
0.2875 0.00707106781187 -2.22144146908
0.288 0.00587785252292 -2.54160184616
0.2885 0.0045399049974 -2.79917955069
0.289 0.00309016994375 -2.98783216474
0.2895 0.0015643446504 -3.10291443485
0.29 -1.23796127318e-20 -3.14159265359
0.2905 -0.0015643446504 -3.10291443485
0.291 -0.00309016994375 -2.98783216474
0.2915 -0.0045399049974 -2.79917955069
0.292 -0.00587785252292 -2.54160184616
0.2925 -0.00707106781187 -2.22144146908
0.293 -0.00809016994375 -1.84658183049
0.2935 -0.00891006524188 -1.42625321878
0.294 -0.00951056516295 -0.970805519363
0.2945 -0.00987688340595 -0.491453366139
0.295 -0.01 -1.69302466898e-14
0.2955 -0.00987688340595 0.491453366139
0.296 -0.00951056516295 0.970805519363
0.2965 -0.00891006524188 1.42625321878
0.297 -0.00809016994375 1.84658183049
0.2975 -0.00707106781187 2.22144146908
0.298 -0.00587785252292 2.54160184616
0.2985 -0.0045399049974 2.79917955069
0.299 -0.00309016994375 2.98783216474
0.2995 -0.0015643446504 3.10291443485
0.3 3.43148696016e-17 3.14159265359
0.3005 0.0015643446504 3.10291443485
0.301 0.00309016994375 2.98783216474
0.3015 0.0045399049974 2.79917955069
0.302 0.00587785252292 2.54160184616
0.3025 0.00707106781187 2.22144146908
0.303 0.00809016994375 1.84658183049
0.3035 0.00891006524188 1.42625321878
0.304 0.00951056516295 0.970805519363
0.3045 0.00987688340595 0.491453366139
0.305 0.01 6.15380163489e-15
0.3055 0.00987688340595 -0.491453366139
0.306 0.00951056516295 -0.970805519363
0.3065 0.00891006524188 -1.42625321878
0.307 0.00809016994375 -1.84658183049
0.3075 0.00707106781187 -2.22144146908
0.308 0.00587785252292 -2.54160184616
0.3085 0.0045399049974 -2.79917955069
0.309 0.00309016994375 -2.98783216474
0.3095 0.0015643446504 -3.10291443485
0.31 -6.86173595904e-17 -3.14159265359
0.3105 -0.0015643446504 -3.10291443485
0.311 -0.00309016994375 -2.98783216474
0.3115 -0.0045399049974 -2.79917955069
0.312 -0.00587785252292 -2.54160184616
0.3125 -0.00707106781187 -2.22144146908
0.313 -0.00809016994375 -1.84658183049
0.3135 -0.00891006524188 -1.42625321878
0.314 -0.00951056516295 -0.970805519363
0.3145 -0.00987688340595 -0.491453366139
0.315 -0.01 4.62264341999e-15
0.3155 -0.00987688340595 0.491453366139
0.316 -0.00951056516295 0.970805519363
0.3165 -0.00891006524188 1.42625321878
0.317 -0.00809016994375 1.84658183049
0.3175 -0.00707106781187 2.22144146908
0.318 -0.00587785252292 2.54160184616
0.3185 -0.0045399049974 2.79917955069
0.319 -0.00309016994375 2.98783216474
0.3195 -0.0015643446504 3.10291443485
0.32 -3.91886975727e-17 3.14159265359
0.3205 0.0015643446504 3.10291443485
0.321 0.00309016994375 2.98783216474
0.3215 0.0045399049974 2.79917955069
0.322 0.00587785252292 2.54160184616
0.3225 0.00707106781187 2.22144146908
0.323 0.00809016994375 1.84658183049
0.3235 0.00891006524188 1.42625321878
0.324 0.00951056516295 0.970805519363
0.3245 0.00987688340595 0.491453366139
0.325 0.01 -1.53990884749e-14
0.3255 0.00987688340595 -0.491453366139
0.326 0.00951056516295 -0.970805519363
0.3265 0.00891006524188 -1.42625321878
0.327 0.00809016994375 -1.84658183049
0.3275 0.00707106781187 -2.22144146908
0.328 0.00587785252292 -2.54160184616
0.3285 0.0045399049974 -2.79917955069
0.329 0.00309016994375 -2.98783216474
0.3295 0.0015643446504 -3.10291443485
0.33 4.88620758386e-18 -3.14159265359
0.3305 -0.0015643446504 -3.10291443485
0.331 -0.00309016994375 -2.98783216474
0.3315 -0.0045399049974 -2.79917955069
0.332 -0.00587785252292 -2.54160184616
0.3325 -0.00707106781187 -2.22144146908
0.333 -0.00809016994375 -1.84658183049
0.3335 -0.00891006524188 -1.42625321878
0.334 -0.00951056516295 -0.970805519363
0.3345 -0.00987688340595 -0.491453366139
0.335 -0.01 2.61755335298e-14
0.3355 -0.00987688340595 0.491453366139
0.336 -0.00951056516295 0.970805519363
0.3365 -0.00891006524188 1.42625321878
0.337 -0.00809016994375 1.84658183049
0.3375 -0.00707106781187 2.22144146908
0.338 -0.00587785252292 2.54160184616
0.3385 -0.0045399049974 2.79917955069
0.339 -0.00309016994375 2.98783216474
0.3395 -0.0015643446504 3.10291443485
0.34 2.9416282405e-17 3.14159265359
0.3405 0.0015643446504 3.10291443485
0.341 0.00309016994375 2.98783216474
0.3415 0.0045399049974 2.79917955069
0.342 0.00587785252292 2.54160184616
0.3425 0.00707106781187 2.22144146908
0.343 0.00809016994375 1.84658183049
0.3435 0.00891006524188 1.42625321878
0.344 0.00951056516295 0.970805519363
0.3445 0.00987688340595 0.491453366139
0.345 0.01 -3.69519785846e-14
0.3455 0.00987688340595 -0.491453366139
0.346 0.00951056516295 -0.970805519363
0.3465 0.00891006524188 -1.42625321878
0.347 0.00809016994375 -1.84658183049
0.3475 0.00707106781187 -2.22144146908
0.348 0.00587785252292 -2.54160184616
0.3485 0.0045399049974 -2.79917955069
0.349 0.00309016994375 -2.98783216474
0.3495 0.0015643446504 -3.10291443485
0.35 -6.37187723939e-17 -3.14159265359
0.3505 -0.0015643446504 -3.10291443485
0.351 -0.00309016994375 -2.98783216474
0.3515 -0.0045399049974 -2.79917955069
0.352 -0.00587785252292 -2.54160184616
0.3525 -0.00707106781187 -2.22144146908
0.353 -0.00809016994375 -1.84658183049
0.3535 -0.00891006524188 -1.42625321878
0.354 -0.00951056516295 -0.970805519363
0.3545 -0.00987688340595 -0.491453366139
0.355 -0.01 3.08370686502e-15
0.3555 -0.00987688340595 0.491453366139
0.356 -0.00951056516295 0.970805519363
0.3565 -0.00891006524188 1.42625321878
0.357 -0.00809016994375 1.84658183049
0.3575 -0.00707106781187 2.22144146908
0.358 -0.00587785252292 2.54160184616
0.3585 -0.0045399049974 2.79917955069
0.359 -0.00309016994375 2.98783216474
0.3595 -0.0015643446504 3.10291443485
0.36 -4.40872847693e-17 3.14159265359
0.3605 0.0015643446504 3.10291443485
0.361 0.00309016994375 2.98783216474
0.3615 0.0045399049974 2.79917955069
0.362 0.00587785252292 2.54160184616
0.3625 0.00707106781187 2.22144146908
0.363 0.00809016994375 1.84658183049
0.3635 0.00891006524188 1.42625321878
0.364 0.00951056516295 0.970805519363
0.3645 0.00987688340595 0.491453366139
0.365 0.01 -1.38601519199e-14
0.3655 0.00987688340595 -0.491453366139
0.366 0.00951056516295 -0.970805519363
0.3665 0.00891006524188 -1.42625321878
0.367 0.00809016994375 -1.84658183049
0.3675 0.00707106781187 -2.22144146908
0.368 0.00587785252292 -2.54160184616
0.3685 0.0045399049974 -2.79917955069
0.369 0.00309016994375 -2.98783216474
0.3695 0.0015643446504 -3.10291443485
0.37 9.78479478045e-18 -3.14159265359
0.3705 -0.0015643446504 -3.10291443485
0.371 -0.00309016994375 -2.98783216474
0.3715 -0.0045399049974 -2.79917955069
0.372 -0.00587785252292 -2.54160184616
0.3725 -0.00707106781187 -2.22144146908
0.373 -0.00809016994375 -1.84658183049
0.3735 -0.00891006524188 -1.42625321878
0.374 -0.00951056516295 -0.970805519363
0.3745 -0.00987688340595 -0.491453366139
0.375 -0.01 -2.00081197997e-14
0.3755 -0.00987688340595 0.491453366139
0.376 -0.00951056516295 0.970805519363
0.3765 -0.00891006524188 1.42625321878
0.377 -0.00809016994375 1.84658183049
0.3775 -0.00707106781187 2.22144146908
0.378 -0.00587785252292 2.54160184616
0.3785 -0.0045399049974 2.79917955069
0.379 -0.00309016994375 2.98783216474
0.3795 -0.0015643446504 3.10291443485
0.38 2.45176952084e-17 3.14159265359
0.3805 0.0015643446504 3.10291443485
0.381 0.00309016994375 2.98783216474
0.3815 0.0045399049974 2.79917955069
0.382 0.00587785252292 2.54160184616
0.3825 0.00707106781187 2.22144146908
0.383 0.00809016994375 1.84658183049
0.3835 0.00891006524188 1.42625321878
0.384 0.00951056516295 0.970805519363
0.3845 0.00987688340595 0.491453366139
0.385 0.01 9.23167474484e-15
0.3855 0.00987688340595 -0.491453366139
0.386 0.00951056516295 -0.970805519363
0.3865 0.00891006524188 -1.42625321878
0.387 0.00809016994375 -1.84658183049
0.3875 0.00707106781187 -2.22144146908
0.388 0.00587785252292 -2.54160184616
0.3885 0.0045399049974 -2.79917955069
0.389 0.00309016994375 -2.98783216474
0.3895 0.0015643446504 -3.10291443485
0.39 -5.88201851973e-17 -3.14159265359
0.3905 -0.0015643446504 -3.10291443485
0.391 -0.00309016994375 -2.98783216474
0.3915 -0.0045399049974 -2.79917955069
0.392 -0.00587785252292 -2.54160184616
0.3925 -0.00707106781187 -2.22144146908
0.393 -0.00809016994375 -1.84658183049
0.3935 -0.00891006524188 -1.42625321878
0.394 -0.00951056516295 -0.970805519363
0.3945 -0.00987688340595 -0.491453366139
0.395 -0.01 1.54477031004e-15
0.3955 -0.00987688340595 0.491453366139
0.396 -0.00951056516295 0.970805519363
0.3965 -0.00891006524188 1.42625321878
0.397 -0.00809016994375 1.84658183049
0.3975 -0.00707106781187 2.22144146908
0.398 -0.00587785252292 2.54160184616
0.3985 -0.0045399049974 2.79917955069
0.399 -0.00309016994375 2.98783216474
0.3995 -0.0015643446504 3.10291443485
0.4 9.31226751861e-17 3.14159265359
0.4005 0.0015643446504 3.10291443485
0.401 0.00309016994375 2.98783216474
0.4015 0.0045399049974 2.79917955069
0.402 0.00587785252292 2.54160184616
0.4025 0.00707106781187 2.22144146908
0.403 0.00809016994375 1.84658183049
0.4035 0.00891006524188 1.42625321878
0.404 0.00951056516295 0.970805519363
0.4045 0.00987688340595 0.491453366139
0.405 0.01 -1.23212153649e-14
0.4055 0.00987688340595 -0.491453366139
0.406 0.00951056516295 -0.970805519363
0.4065 0.00891006524188 -1.42625321878
0.407 0.00809016994375 -1.84658183049
0.4075 0.00707106781187 -2.22144146908
0.408 0.00587785252292 -2.54160184616
0.4085 0.0045399049974 -2.79917955069
0.409 0.00309016994375 -2.98783216474
0.4095 0.0015643446504 -3.10291443485
0.41 -1.27425165175e-16 -3.14159265359
0.4105 -0.0015643446504 -3.10291443485
0.411 -0.00309016994375 -2.98783216474
0.4115 -0.0045399049974 -2.79917955069
0.412 -0.00587785252292 -2.54160184616
0.4125 -0.00707106781187 -2.22144146908
0.413 -0.00809016994375 -1.84658183049
0.4135 -0.00891006524188 -1.42625321878
0.414 -0.00951056516295 -0.970805519363
0.4145 -0.00987688340595 -0.491453366139
0.415 -0.01 2.30976604198e-14
0.4155 -0.00987688340595 0.491453366139
0.416 -0.00951056516295 0.970805519363
0.4165 -0.00891006524188 1.42625321878
0.417 -0.00809016994375 1.84658183049
0.4175 -0.00707106781187 2.22144146908
0.418 -0.00587785252292 2.54160184616
0.4185 -0.0045399049974 2.79917955069
0.419 -0.00309016994375 2.98783216474
0.4195 -0.0015643446504 3.10291443485
0.42 1.96191080118e-17 3.14159265359
0.4205 0.0015643446504 3.10291443485
0.421 0.00309016994375 2.98783216474
0.4215 0.0045399049974 2.79917955069
0.422 0.00587785252292 2.54160184616
0.4225 0.00707106781187 2.22144146908
0.423 0.00809016994375 1.84658183049
0.4235 0.00891006524188 1.42625321878
0.424 0.00951056516295 0.970805519363
0.4245 0.00987688340595 0.491453366139
0.425 0.01 1.07706112998e-14
0.4255 0.00987688340595 -0.491453366139
0.426 0.00951056516295 -0.970805519363
0.4265 0.00891006524188 -1.42625321878
0.427 0.00809016994375 -1.84658183049
0.4275 0.00707106781187 -2.22144146908
0.428 0.00587785252292 -2.54160184616
0.4285 0.0045399049974 -2.79917955069
0.429 0.00309016994375 -2.98783216474
0.4295 0.0015643446504 -3.10291443485
0.43 8.81869491513e-17 -3.14159265359
0.4305 -0.0015643446504 -3.10291443485
0.431 -0.00309016994375 -2.98783216474
0.4315 -0.0045399049974 -2.79917955069
0.432 -0.00587785252292 -2.54160184616
0.4325 -0.00707106781187 -2.22144146908
0.433 -0.00809016994375 -1.84658183049
0.4335 -0.00891006524188 -1.42625321878
0.434 -0.00951056516295 -0.970805519363
0.4345 -0.00987688340595 -0.491453366139
0.435 -0.01 4.46505505296e-14
0.4355 -0.00987688340595 0.491453366139
0.436 -0.00951056516295 0.970805519363
0.4365 -0.00891006524188 1.42625321878
0.437 -0.00809016994375 1.84658183049
0.4375 -0.00707106781187 2.22144146908
0.438 -0.00587785252292 2.54160184616
0.4385 -0.0045399049974 2.79917955069
0.439 -0.00309016994375 2.98783216474
0.4395 -0.0015643446504 3.10291443485
0.44 8.82240879895e-17 3.14159265359
0.4405 0.0015643446504 3.10291443485
0.441 0.00309016994375 2.98783216474
0.4415 0.0045399049974 2.79917955069
0.442 0.00587785252292 2.54160184616
0.4425 0.00707106781187 2.22144146908
0.443 0.00809016994375 1.84658183049
0.4435 0.00891006524188 1.42625321878
0.444 0.00951056516295 0.970805519363
0.4445 0.00987688340595 0.491453366139
0.445 0.01 -1.07822788099e-14
0.4455 0.00987688340595 -0.491453366139
0.446 0.00951056516295 -0.970805519363
0.4465 0.00891006524188 -1.42625321878
0.447 0.00809016994375 -1.84658183049
0.4475 0.00707106781187 -2.22144146908
0.448 0.00587785252292 -2.54160184616
0.4485 0.0045399049974 -2.79917955069
0.449 0.00309016994375 -2.98783216474
0.4495 0.0015643446504 -3.10291443485
0.45 1.95819691736e-17 -3.14159265359
0.4505 -0.0015643446504 -3.10291443485
0.451 -0.00309016994375 -2.98783216474
0.4515 -0.0045399049974 -2.79917955069
0.452 -0.00587785252292 -2.54160184616
0.4525 -0.00707106781187 -2.22144146908
0.453 -0.00809016994375 -1.84658183049
0.4535 -0.00891006524188 -1.42625321878
0.454 -0.00951056516295 -0.970805519363
0.4545 -0.00987688340595 -0.491453366139
0.455 -0.01 -2.30859929097e-14
0.4555 -0.00987688340595 0.491453366139
0.456 -0.00951056516295 0.970805519363
0.4565 -0.00891006524188 1.42625321878
0.457 -0.00809016994375 1.84658183049
0.4575 -0.00707106781187 2.22144146908
0.458 -0.00587785252292 2.54160184616
0.4585 -0.0045399049974 2.79917955069
0.459 -0.00309016994375 2.98783216474
0.4595 -0.0015643446504 3.10291443485
0.46 1.56829067967e-16 3.14159265359
0.4605 0.0015643446504 3.10291443485
0.461 0.00309016994375 2.98783216474
0.4615 0.0045399049974 2.79917955069
0.462 0.00587785252292 2.54160184616
0.4625 0.00707106781187 2.22144146908
0.463 0.00809016994375 1.84658183049
0.4635 0.00891006524188 1.42625321878
0.464 0.00951056516295 0.970805519363
0.4645 0.00987688340595 0.491453366139
0.465 0.01 -3.23351689197e-14
0.4655 0.00987688340595 -0.491453366139
0.466 0.00951056516295 -0.970805519363
0.4665 0.00891006524188 -1.42625321878
0.467 0.00809016994375 -1.84658183049
0.4675 0.00707106781187 -2.22144146908
0.468 0.00587785252292 -2.54160184616
0.4685 0.0045399049974 -2.79917955069
0.469 0.00309016994375 -2.98783216474
0.4695 0.0015643446504 -3.10291443485
0.47 -4.90230108041e-17 -3.14159265359
0.4705 -0.0015643446504 -3.10291443485
0.471 -0.00309016994375 -2.98783216474
0.4715 -0.0045399049974 -2.79917955069
0.472 -0.00587785252292 -2.54160184616
0.4725 -0.00707106781187 -2.22144146908
0.473 -0.00809016994375 -1.84658183049
0.4735 -0.00891006524188 -1.42625321878
0.474 -0.00951056516295 -0.970805519363
0.4745 -0.00987688340595 -0.491453366139
0.475 -0.01 -1.53310279992e-15
0.4755 -0.00987688340595 0.491453366139
0.476 -0.00951056516295 0.970805519363
0.4765 -0.00891006524188 1.42625321878
0.477 -0.00809016994375 1.84658183049
0.4775 -0.00707106781187 2.22144146908
0.478 -0.00587785252292 2.54160184616
0.4785 -0.0045399049974 2.79917955069
0.479 -0.00309016994375 2.98783216474
0.4795 -0.0015643446504 3.10291443485
0.48 -5.87830463591e-17 3.14159265359
0.4805 0.0015643446504 3.10291443485
0.481 0.00309016994375 2.98783216474
0.4815 0.0045399049974 2.79917955069
0.482 0.00587785252292 2.54160184616
0.4825 0.00707106781187 2.22144146908
0.483 0.00809016994375 1.84658183049
0.4835 0.00891006524188 1.42625321878
0.484 0.00951056516295 0.970805519363
0.4845 0.00987688340595 0.491453366139
0.485 0.01 3.54013745195e-14
0.4855 0.00987688340595 -0.491453366139
0.486 0.00951056516295 -0.970805519363
0.4865 0.00891006524188 -1.42625321878
0.487 0.00809016994375 -1.84658183049
0.4875 0.00707106781187 -2.22144146908
0.488 0.00587785252292 -2.54160184616
0.4885 0.0045399049974 -2.79917955069
0.489 0.00309016994375 -2.98783216474
0.4895 0.0015643446504 -3.10291443485
0.49 -1.17627990782e-16 -3.14159265359
0.4905 -0.0015643446504 -3.10291443485
0.491 -0.00309016994375 -2.98783216474
0.4915 -0.0045399049974 -2.79917955069
0.492 -0.00587785252292 -2.54160184616
0.4925 -0.00707106781187 -2.22144146908
0.493 -0.00809016994375 -1.84658183049
0.4935 -0.00891006524188 -1.42625321878
0.494 -0.00951056516295 -0.970805519363
0.4945 -0.00987688340595 -0.491453366139
0.495 -0.01 2.00197873099e-14
0.4955 -0.00987688340595 0.491453366139
0.496 -0.00951056516295 0.970805519363
0.4965 -0.00891006524188 1.42625321878
0.497 -0.00809016994375 1.84658183049
0.4975 -0.00707106781187 2.22144146908
0.498 -0.00587785252292 2.54160184616
0.4985 -0.0045399049974 2.79917955069
0.499 -0.00309016994375 2.98783216474
0.4995 -0.0015643446504 3.10291443485
0.5 9.82193361864e-18 3.14159265359
0.5005 0.0015643446504 3.10291443485
0.501 0.00309016994375 2.98783216474
0.5015 0.0045399049974 2.79917955069
0.502 0.00587785252292 2.54160184616
0.5025 0.00707106781187 2.22144146908
0.503 0.00809016994375 1.84658183049
0.5035 0.00891006524188 1.42625321878
0.504 0.00951056516295 0.970805519363
0.5045 0.00987688340595 0.491453366139
0.505 0.01 1.38484844098e-14
0.5055 0.00987688340595 -0.491453366139
0.506 0.00951056516295 -0.970805519363
0.5065 0.00891006524188 -1.42625321878
0.507 0.00809016994375 -1.84658183049
0.5075 0.00707106781187 -2.22144146908
0.508 0.00587785252292 -2.54160184616
0.5085 0.0045399049974 -2.79917955069
0.509 0.00309016994375 -2.98783216474
0.5095 0.0015643446504 -3.10291443485
0.51 9.79841235445e-17 -3.14159265359
0.5105 -0.0015643446504 -3.10291443485
0.511 -0.00309016994375 -2.98783216474
0.5115 -0.0045399049974 -2.79917955069
0.512 -0.00587785252292 -2.54160184616
0.5125 -0.00707106781187 -2.22144146908
0.513 -0.00809016994375 -1.84658183049
0.5135 -0.00891006524188 -1.42625321878
0.514 -0.00951056516295 -0.970805519363
0.5145 -0.00987688340595 -0.491453366139
0.515 -0.01 4.15726774196e-14
0.5155 -0.00987688340595 0.491453366139
0.516 -0.00951056516295 0.970805519363
0.5165 -0.00891006524188 1.42625321878
0.517 -0.00809016994375 1.84658183049
0.5175 -0.00707106781187 2.22144146908
0.518 -0.00587785252292 2.54160184616
0.5185 -0.0045399049974 2.79917955069
0.519 -0.00309016994375 2.98783216474
0.5195 -0.0015643446504 3.10291443485
0.52 7.84269135964e-17 3.14159265359
0.5205 0.0015643446504 3.10291443485
0.521 0.00309016994375 2.98783216474
0.5215 0.0045399049974 2.79917955069
0.522 0.00587785252292 2.54160184616
0.5225 0.00707106781187 2.22144146908
0.523 0.00809016994375 1.84658183049
0.5235 0.00891006524188 1.42625321878
0.524 0.00951056516295 0.970805519363
0.5245 0.00987688340595 0.491453366139
0.525 0.01 -7.70440569999e-15
0.5255 0.00987688340595 -0.491453366139
0.526 0.00951056516295 -0.970805519363
0.5265 0.00891006524188 -1.42625321878
0.527 0.00809016994375 -1.84658183049
0.5275 0.00707106781187 -2.22144146908
0.528 0.00587785252292 -2.54160184616
0.5285 0.0045399049974 -2.79917955069
0.529 0.00309016994375 -2.98783216474
0.5295 0.0015643446504 -3.10291443485
0.53 2.93791435668e-17 -3.14159265359
0.5305 -0.0015643446504 -3.10291443485
0.531 -0.00309016994375 -2.98783216474
0.5315 -0.0045399049974 -2.79917955069
0.532 -0.00587785252292 -2.54160184616
0.5325 -0.00707106781187 -2.22144146908
0.533 -0.00809016994375 -1.84658183049
0.5335 -0.00891006524188 -1.42625321878
0.534 -0.00951056516295 -0.970805519363
0.5345 -0.00987688340595 -0.491453366139
0.535 -0.01 6.31255675294e-14
0.5355 -0.00987688340595 0.491453366139
0.536 -0.00951056516295 0.970805519363
0.5365 -0.00891006524188 1.42625321878
0.537 -0.00809016994375 1.84658183049
0.5375 -0.00707106781187 2.22144146908
0.538 -0.00587785252292 2.54160184616
0.5385 -0.0045399049974 2.79917955069
0.539 -0.00309016994375 2.98783216474
0.5395 -0.0015643446504 3.10291443485
0.54 1.47031893574e-16 3.14159265359
0.5405 0.0015643446504 3.10291443485
0.541 0.00309016994375 2.98783216474
0.5415 0.0045399049974 2.79917955069
0.542 0.00587785252292 2.54160184616
0.5425 0.00707106781187 2.22144146908
0.543 0.00809016994375 1.84658183049
0.5435 0.00891006524188 1.42625321878
0.544 0.00951056516295 0.970805519363
0.5445 0.00987688340595 0.491453366139
0.545 0.01 -2.92572958098e-14
0.5455 0.00987688340595 -0.491453366139
0.546 0.00951056516295 -0.970805519363
0.5465 0.00891006524188 -1.42625321878
0.547 0.00809016994375 -1.84658183049
0.5475 0.00707106781187 -2.22144146908
0.548 0.00587785252292 -2.54160184616
0.5485 0.0045399049974 -2.79917955069
0.549 0.00309016994375 -2.98783216474
0.5495 0.0015643446504 -3.10291443485
0.55 -3.92258364109e-17 -3.14159265359
0.5505 -0.0015643446504 -3.10291443485
0.551 -0.00309016994375 -2.98783216474
0.5515 -0.0045399049974 -2.79917955069
0.552 -0.00587785252292 -2.54160184616
0.5525 -0.00707106781187 -2.22144146908
0.553 -0.00809016994375 -1.84658183049
0.5535 -0.00891006524188 -1.42625321878
0.554 -0.00951056516295 -0.970805519363
0.5545 -0.00987688340595 -0.491453366139
0.555 -0.01 8.46784576392e-14
0.5555 -0.00987688340595 0.491453366139
0.556 -0.00951056516295 0.970805519363
0.5565 -0.00891006524188 1.42625321878
0.557 -0.00809016994375 1.84658183049
0.5575 -0.00707106781187 2.22144146908
0.558 -0.00587785252292 2.54160184616
0.5585 -0.0045399049974 2.79917955069
0.559 -0.00309016994375 2.98783216474
0.5595 -0.0015643446504 3.10291443485
0.56 2.15636873552e-16 3.14159265359
0.5605 0.0015643446504 3.10291443485
0.561 0.00309016994375 2.98783216474
0.5615 0.0045399049974 2.79917955069
0.562 0.00587785252292 2.54160184616
0.5625 0.00707106781187 2.22144146908
0.563 0.00809016994375 1.84658183049
0.5635 0.00891006524188 1.42625321878
0.564 0.00951056516295 0.970805519363
0.5645 0.00987688340595 0.491453366139
0.565 0.01 -5.08101859195e-14
0.5655 0.00987688340595 -0.491453366139
0.566 0.00951056516295 -0.970805519363
0.5665 0.00891006524188 -1.42625321878
0.567 0.00809016994375 -1.84658183049
0.5675 0.00707106781187 -2.22144146908
0.568 0.00587785252292 -2.54160184616
0.5685 0.0045399049974 -2.79917955069
0.569 0.00309016994375 -2.98783216474
0.5695 0.0015643446504 -3.10291443485
0.57 -1.07830816389e-16 -3.14159265359
0.5705 -0.0015643446504 -3.10291443485
0.571 -0.00309016994375 -2.98783216474
0.5715 -0.0045399049974 -2.79917955069
0.572 -0.00587785252292 -2.54160184616
0.5725 -0.00707106781187 -2.22144146908
0.573 -0.00809016994375 -1.84658183049
0.5735 -0.00891006524188 -1.42625321878
0.574 -0.00951056516295 -0.970805519363
0.5745 -0.00987688340595 -0.491453366139
0.575 -0.01 1.06231347749e-13
0.5755 -0.00987688340595 0.491453366139
0.576 -0.00951056516295 0.970805519363
0.5765 -0.00891006524188 1.42625321878
0.577 -0.00809016994375 1.84658183049
0.5775 -0.00707106781187 2.22144146908
0.578 -0.00587785252292 2.54160184616
0.5785 -0.0045399049974 2.79917955069
0.579 -0.00309016994375 2.98783216474
0.5795 -0.0015643446504 3.10291443485
0.58 2.47592254635e-20 3.14159265359
0.5805 0.0015643446504 3.10291443485
0.581 0.00309016994375 2.98783216474
0.5815 0.0045399049974 2.79917955069
0.582 0.00587785252292 2.54160184616
0.5825 0.00707106781187 2.22144146908
0.583 0.00809016994375 1.84658183049
0.5835 0.00891006524188 1.42625321878
0.584 0.00951056516295 0.970805519363
0.5845 0.00987688340595 0.491453366139
0.585 0.01 1.69263575197e-14
0.5855 0.00987688340595 -0.491453366139
0.586 0.00951056516295 -0.970805519363
0.5865 0.00891006524188 -1.42625321878
0.587 0.00809016994375 -1.84658183049
0.5875 0.00707106781187 -2.22144146908
0.588 0.00587785252292 -2.54160184616
0.5885 0.0045399049974 -2.79917955069
0.589 0.00309016994375 -2.98783216474
0.5895 0.0015643446504 -3.10291443485
0.59 1.07781297938e-16 -3.14159265359
0.5905 -0.0015643446504 -3.10291443485
0.591 -0.00309016994375 -2.98783216474
0.5915 -0.0045399049974 -2.79917955069
0.592 -0.00587785252292 -2.54160184616
0.5925 -0.00707106781187 -2.22144146908
0.593 -0.00809016994375 -1.84658183049
0.5935 -0.00891006524188 -1.42625321878
0.594 -0.00951056516295 -0.970805519363
0.5945 -0.00987688340595 -0.491453366139
0.595 -0.01 -5.07946292394e-14
0.5955 -0.00987688340595 0.491453366139
0.596 -0.00951056516295 0.970805519363
0.5965 -0.00891006524188 1.42625321878
0.597 -0.00809016994375 1.84658183049
0.5975 -0.00707106781187 2.22144146908
0.598 -0.00587785252292 2.54160184616
0.5985 -0.0045399049974 2.79917955069
0.599 -0.00309016994375 2.98783216474
0.5995 -0.0015643446504 3.10291443485
0.6 6.86297392032e-17 3.14159265359
0.6005 0.0015643446504 3.10291443485
0.601 0.00309016994375 2.98783216474
0.6015 0.0045399049974 2.79917955069
0.602 0.00587785252292 2.54160184616
0.6025 0.00707106781187 2.22144146908
0.603 0.00809016994375 1.84658183049
0.6035 0.00891006524188 1.42625321878
0.604 0.00951056516295 0.970805519363
0.6045 0.00987688340595 0.491453366139
0.605 0.01 -4.62653259004e-15
0.6055 0.00987688340595 -0.491453366139
0.606 0.00951056516295 -0.970805519363
0.6065 0.00891006524188 -1.42625321878
0.607 0.00809016994375 -1.84658183049
0.6075 0.00707106781187 -2.22144146908
0.608 0.00587785252292 -2.54160184616
0.6085 0.0045399049974 -2.79917955069
0.609 0.00309016994375 -2.98783216474
0.6095 0.0015643446504 -3.10291443485
0.61 3.917631796e-17 -3.14159265359
0.6105 -0.0015643446504 -3.10291443485
0.611 -0.00309016994375 -2.98783216474
0.6115 -0.0045399049974 -2.79917955069
0.612 -0.00587785252292 -2.54160184616
0.6125 -0.00707106781187 -2.22144146908
0.613 -0.00809016994375 -1.84658183049
0.6135 -0.00891006524188 -1.42625321878
0.614 -0.00951056516295 -0.970805519363
0.6145 -0.00987688340595 -0.491453366139
0.615 -0.01 -2.92417391296e-14
0.6155 -0.00987688340595 0.491453366139
0.616 -0.00951056516295 0.970805519363
0.6165 -0.00891006524188 1.42625321878
0.617 -0.00809016994375 1.84658183049
0.6175 -0.00707106781187 2.22144146908
0.618 -0.00587785252292 2.54160184616
0.6185 -0.0045399049974 2.79917955069
0.619 -0.00309016994375 2.98783216474
0.6195 -0.0015643446504 3.10291443485
0.62 1.37234719181e-16 3.14159265359
0.6205 0.0015643446504 3.10291443485
0.621 0.00309016994375 2.98783216474
0.6215 0.0045399049974 2.79917955069
0.622 0.00587785252292 2.54160184616
0.6225 0.00707106781187 2.22144146908
0.623 0.00809016994375 1.84658183049
0.6235 0.00891006524188 1.42625321878
0.624 0.00951056516295 0.970805519363
0.6245 0.00987688340595 0.491453366139
0.625 0.01 -2.61794226998e-14
0.6255 0.00987688340595 -0.491453366139
0.626 0.00951056516295 -0.970805519363
0.6265 0.00891006524188 -1.42625321878
0.627 0.00809016994375 -1.84658183049
0.6275 0.00707106781187 -2.22144146908
0.628 0.00587785252292 -2.54160184616
0.6285 0.0045399049974 -2.79917955069
0.629 0.00309016994375 -2.98783216474
0.6295 0.0015643446504 -3.10291443485
0.63 -2.94286620177e-17 -3.14159265359
0.6305 -0.0015643446504 -3.10291443485
0.631 -0.00309016994375 -2.98783216474
0.6315 -0.0045399049974 -2.79917955069
0.632 -0.00587785252292 -2.54160184616
0.6325 -0.00707106781187 -2.22144146908
0.633 -0.00809016994375 -1.84658183049
0.6335 -0.00891006524188 -1.42625321878
0.634 -0.00951056516295 -0.970805519363
0.6345 -0.00987688340595 -0.491453366139
0.635 -0.01 -7.68884901983e-15
0.6355 -0.00987688340595 0.491453366139
0.636 -0.00951056516295 0.970805519363
0.6365 -0.00891006524188 1.42625321878
0.637 -0.00809016994375 1.84658183049
0.6375 -0.00707106781187 2.22144146908
0.638 -0.00587785252292 2.54160184616
0.6385 -0.0045399049974 2.79917955069
0.639 -0.00309016994375 2.98783216474
0.6395 -0.0015643446504 3.10291443485
0.64 -7.83773951454e-17 3.14159265359
0.6405 0.0015643446504 3.10291443485
0.641 0.00309016994375 2.98783216474
0.6415 0.0045399049974 2.79917955069
0.642 0.00587785252292 2.54160184616
0.6425 0.00707106781187 2.22144146908
0.643 0.00809016994375 1.84658183049
0.6435 0.00891006524188 1.42625321878
0.644 0.00951056516295 0.970805519363
0.6445 0.00987688340595 0.491453366139
0.645 0.01 -4.77323128096e-14
0.6455 0.00987688340595 -0.491453366139
0.646 0.00951056516295 -0.970805519363
0.6465 0.00891006524188 -1.42625321878
0.647 0.00809016994375 -1.84658183049
0.6475 0.00707106781187 -2.22144146908
0.648 0.00587785252292 -2.54160184616
0.6485 0.0045399049974 -2.79917955069
0.649 0.00309016994375 -2.98783216474
0.6495 0.0015643446504 -3.10291443485
0.65 -9.80336419954e-17 -3.14159265359
0.6505 -0.0015643446504 -3.10291443485
0.651 -0.00309016994375 -2.98783216474
0.6515 -0.0045399049974 -2.79917955069
0.652 -0.00587785252292 -2.54160184616
0.6525 -0.00707106781187 -2.22144146908
0.653 -0.00809016994375 -1.84658183049
0.6535 -0.00891006524188 -1.42625321878
0.654 -0.00951056516295 -0.970805519363
0.6545 -0.00987688340595 -0.491453366139
0.655 -0.01 1.38640410899e-14
0.6555 -0.00987688340595 0.491453366139
0.656 -0.00951056516295 0.970805519363
0.6565 -0.00891006524188 1.42625321878
0.657 -0.00809016994375 1.84658183049
0.6575 -0.00707106781187 2.22144146908
0.658 -0.00587785252292 2.54160184616
0.6585 -0.0045399049974 2.79917955069
0.659 -0.00309016994375 2.98783216474
0.6595 -0.0015643446504 3.10291443485
0.66 -9.77241516772e-18 3.14159265359
0.6605 0.0015643446504 3.10291443485
0.661 0.00309016994375 2.98783216474
0.6615 0.0045399049974 2.79917955069
0.662 0.00587785252292 2.54160184616
0.6625 0.00707106781187 2.22144146908
0.663 0.00809016994375 1.84658183049
0.6635 0.00891006524188 1.42625321878
0.664 0.00951056516295 0.970805519363
0.6645 0.00987688340595 0.491453366139
0.665 0.01 -6.92852029193e-14
0.6655 0.00987688340595 -0.491453366139
0.666 0.00951056516295 -0.970805519363
0.6665 0.00891006524188 -1.42625321878
0.667 0.00809016994375 -1.84658183049
0.6675 0.00707106781187 -2.22144146908
0.668 0.00587785252292 -2.54160184616
0.6685 0.0045399049974 -2.79917955069
0.669 0.00309016994375 -2.98783216474
0.6695 0.0015643446504 -3.10291443485
0.67 -1.66638621973e-16 -3.14159265359
0.6705 -0.0015643446504 -3.10291443485
0.671 -0.00309016994375 -2.98783216474
0.6715 -0.0045399049974 -2.79917955069
0.672 -0.00587785252292 -2.54160184616
0.6725 -0.00707106781187 -2.22144146908
0.673 -0.00809016994375 -1.84658183049
0.6735 -0.00891006524188 -1.42625321878
0.674 -0.00951056516295 -0.970805519363
0.6745 -0.00987688340595 -0.491453366139
0.675 -0.01 3.54169311997e-14
0.6755 -0.00987688340595 0.491453366139
0.676 -0.00951056516295 0.970805519363
0.6765 -0.00891006524188 1.42625321878
0.677 -0.00809016994375 1.84658183049
0.6775 -0.00707106781187 2.22144146908
0.678 -0.00587785252292 2.54160184616
0.6785 -0.0045399049974 2.79917955069
0.679 -0.00309016994375 2.98783216474
0.6795 -0.0015643446504 3.10291443485
0.68 5.883256481e-17 3.14159265359
0.6805 0.0015643446504 3.10291443485
0.681 0.00309016994375 2.98783216474
0.6815 0.0045399049974 2.79917955069
0.682 0.00587785252292 2.54160184616
0.6825 0.00707106781187 2.22144146908
0.683 0.00809016994375 1.84658183049
0.6835 0.00891006524188 1.42625321878
0.684 0.00951056516295 0.970805519363
0.6845 0.00987688340595 0.491453366139
0.685 0.01 -9.08380930291e-14
0.6855 0.00987688340595 -0.491453366139
0.686 0.00951056516295 -0.970805519363
0.6865 0.00891006524188 -1.42625321878
0.687 0.00809016994375 -1.84658183049
0.6875 0.00707106781187 -2.22144146908
0.688 0.00587785252292 -2.54160184616
0.6885 0.0045399049974 -2.79917955069
0.689 0.00309016994375 -2.98783216474
0.6895 0.0015643446504 -3.10291443485
0.69 -2.35243601951e-16 -3.14159265359
0.6905 -0.0015643446504 -3.10291443485
0.691 -0.00309016994375 -2.98783216474
0.6915 -0.0045399049974 -2.79917955069
0.692 -0.00587785252292 -2.54160184616
0.6925 -0.00707106781187 -2.22144146908
0.693 -0.00809016994375 -1.84658183049
0.6935 -0.00891006524188 -1.42625321878
0.694 -0.00951056516295 -0.970805519363
0.6945 -0.00987688340595 -0.491453366139
0.695 -0.01 5.69698213095e-14
0.6955 -0.00987688340595 0.491453366139
0.696 -0.00951056516295 0.970805519363
0.6965 -0.00891006524188 1.42625321878
0.697 -0.00809016994375 1.84658183049
0.6975 -0.00707106781187 2.22144146908
0.698 -0.00587785252292 2.54160184616
0.6985 -0.0045399049974 2.79917955069
0.699 -0.00309016994375 2.98783216474
0.6995 -0.0015643446504 3.10291443485
0.7 1.27437544788e-16 3.14159265359
0.7005 0.0015643446504 3.10291443485
0.701 0.00309016994375 2.98783216474
0.7015 0.0045399049974 2.79917955069
0.702 0.00587785252292 2.54160184616
0.7025 0.00707106781187 2.22144146908
0.703 0.00809016994375 1.84658183049
0.7035 0.00891006524188 1.42625321878
0.704 0.00951056516295 0.970805519363
0.7045 0.00987688340595 0.491453366139
0.705 0.01 6.61878839592e-14
0.7055 0.00987688340595 -0.491453366139
0.706 0.00951056516295 -0.970805519363
0.7065 0.00891006524188 -1.42625321878
0.707 0.00809016994375 -1.84658183049
0.7075 0.00707106781187 -2.22144146908
0.708 0.00587785252292 -2.54160184616
0.7085 0.0045399049974 -2.79917955069
0.709 0.00309016994375 -2.98783216474
0.7095 0.0015643446504 -3.10291443485
0.71 -1.96314876246e-17 -3.14159265359
0.7105 -0.0015643446504 -3.10291443485
0.711 -0.00309016994375 -2.98783216474
0.7115 -0.0045399049974 -2.79917955069
0.712 -0.00587785252292 -2.54160184616
0.7125 -0.00707106781187 -2.22144146908
0.713 -0.00809016994375 -1.84658183049
0.7135 -0.00891006524188 -1.42625321878
0.714 -0.00951056516295 -0.970805519363
0.7145 -0.00987688340595 -0.491453366139
0.715 -0.01 -1.07667221298e-14
0.7155 -0.00987688340595 0.491453366139
0.716 -0.00951056516295 0.970805519363
0.7165 -0.00891006524188 1.42625321878
0.717 -0.00809016994375 1.84658183049
0.7175 -0.00707106781187 2.22144146908
0.718 -0.00587785252292 2.54160184616
0.7185 -0.0045399049974 2.79917955069
0.719 -0.00309016994375 2.98783216474
0.7195 -0.0015643446504 3.10291443485
0.72 -8.81745695386e-17 3.14159265359
0.7205 0.0015643446504 3.10291443485
0.721 0.00309016994375 2.98783216474
0.7215 0.0045399049974 2.79917955069
0.722 0.00587785252292 2.54160184616
0.7225 0.00707106781187 2.22144146908
0.723 0.00809016994375 1.84658183049
0.7235 0.00891006524188 1.42625321878
0.724 0.00951056516295 0.970805519363
0.7245 0.00987688340595 0.491453366139
0.725 0.01 4.46349938494e-14
0.7255 0.00987688340595 -0.491453366139
0.726 0.00951056516295 -0.970805519363
0.7265 0.00891006524188 -1.42625321878
0.727 0.00809016994375 -1.84658183049
0.7275 0.00707106781187 -2.22144146908
0.728 0.00587785252292 -2.54160184616
0.7285 0.0045399049974 -2.79917955069
0.729 0.00309016994375 -2.98783216474
0.7295 0.0015643446504 -3.10291443485
0.73 -8.82364676023e-17 -3.14159265359
0.7305 -0.0015643446504 -3.10291443485
0.731 -0.00309016994375 -2.98783216474
0.7315 -0.0045399049974 -2.79917955069
0.732 -0.00587785252292 -2.54160184616
0.7325 -0.00707106781187 -2.22144146908
0.733 -0.00809016994375 -1.84658183049
0.7335 -0.00891006524188 -1.42625321878
0.734 -0.00951056516295 -0.970805519363
0.7345 -0.00987688340595 -0.491453366139
0.735 -0.01 1.078616798e-14
0.7355 -0.00987688340595 0.491453366139
0.736 -0.00951056516295 0.970805519363
0.7365 -0.00891006524188 1.42625321878
0.737 -0.00809016994375 1.84658183049
0.7375 -0.00707106781187 2.22144146908
0.738 -0.00587785252292 2.54160184616
0.7385 -0.0045399049974 2.79917955069
0.739 -0.00309016994375 2.98783216474
0.7395 -0.0015643446504 3.10291443485
0.74 -1.95695895609e-17 3.14159265359
0.7405 0.0015643446504 3.10291443485
0.741 0.00309016994375 2.98783216474
0.7415 0.0045399049974 2.79917955069
0.742 0.00587785252292 2.54160184616
0.7425 0.00707106781187 2.22144146908
0.743 0.00809016994375 1.84658183049
0.7435 0.00891006524188 1.42625321878
0.744 0.00951056516295 0.970805519363
0.7445 0.00987688340595 0.491453366139
0.745 0.01 2.30821037396e-14
0.7455 0.00987688340595 -0.491453366139
0.746 0.00951056516295 -0.970805519363
0.7465 0.00891006524188 -1.42625321878
0.747 0.00809016994375 -1.84658183049
0.7475 0.00707106781187 -2.22144146908
0.748 0.00587785252292 -2.54160184616
0.7485 0.0045399049974 -2.79917955069
0.749 0.00309016994375 -2.98783216474
0.7495 0.0015643446504 -3.10291443485
0.75 1.27375646724e-16 -3.14159265359
0.7505 -0.0015643446504 -3.10291443485
0.751 -0.00309016994375 -2.98783216474
0.7515 -0.0045399049974 -2.79917955069
0.752 -0.00587785252292 -2.54160184616
0.7525 -0.00707106781187 -2.22144146908
0.753 -0.00809016994375 -1.84658183049
0.7535 -0.00891006524188 -1.42625321878
0.754 -0.00951056516295 -0.970805519363
0.7545 -0.00987688340595 -0.491453366139
0.755 -0.01 3.23390580898e-14
0.7555 -0.00987688340595 0.491453366139
0.756 -0.00951056516295 0.970805519363
0.7565 -0.00891006524188 1.42625321878
0.757 -0.00809016994375 1.84658183049
0.7575 -0.00707106781187 2.22144146908
0.758 -0.00587785252292 2.54160184616
0.7585 -0.0045399049974 2.79917955069
0.759 -0.00309016994375 2.98783216474
0.7595 -0.0015643446504 3.10291443485
0.76 4.90353904168e-17 3.14159265359
0.7605 0.0015643446504 3.10291443485
0.761 0.00309016994375 2.98783216474
0.7615 0.0045399049974 2.79917955069
0.762 0.00587785252292 2.54160184616
0.7625 0.00707106781187 2.22144146908
0.763 0.00809016994375 1.84658183049
0.7635 0.00891006524188 1.42625321878
0.764 0.00951056516295 0.970805519363
0.7645 0.00987688340595 0.491453366139
0.765 0.01 1.52921362987e-15
0.7655 0.00987688340595 -0.491453366139
0.766 0.00951056516295 -0.970805519363
0.7665 0.00891006524188 -1.42625321878
0.767 0.00809016994375 -1.84658183049
0.7675 0.00707106781187 -2.22144146908
0.768 0.00587785252292 -2.54160184616
0.7685 0.0045399049974 -2.79917955069
0.769 0.00309016994375 -2.98783216474
0.7695 0.0015643446504 -3.10291443485
0.77 5.87706667463e-17 -3.14159265359
0.7705 -0.0015643446504 -3.10291443485
0.771 -0.00309016994375 -2.98783216474
0.7715 -0.0045399049974 -2.79917955069
0.772 -0.00587785252292 -2.54160184616
0.7725 -0.00707106781187 -2.22144146908
0.773 -0.00809016994375 -1.84658183049
0.7735 -0.00891006524188 -1.42625321878
0.774 -0.00951056516295 -0.970805519363
0.7745 -0.00987688340595 -0.491453366139
0.775 -0.01 5.38919481995e-14
0.7755 -0.00987688340595 0.491453366139
0.776 -0.00951056516295 0.970805519363
0.7765 -0.00891006524188 1.42625321878
0.777 -0.00809016994375 1.84658183049
0.7775 -0.00707106781187 2.22144146908
0.778 -0.00587785252292 2.54160184616
0.7785 -0.0045399049974 2.79917955069
0.779 -0.00309016994375 2.98783216474
0.7795 -0.0015643446504 3.10291443485
0.78 1.17640370395e-16 3.14159265359
0.7805 0.0015643446504 3.10291443485
0.781 0.00309016994375 2.98783216474
0.7815 0.0045399049974 2.79917955069
0.782 0.00587785252292 2.54160184616
0.7825 0.00707106781187 2.22144146908
0.783 0.00809016994375 1.84658183049
0.7835 0.00891006524188 1.42625321878
0.784 0.00951056516295 0.970805519363
0.7845 0.00987688340595 0.491453366139
0.785 0.01 -2.00236764799e-14
0.7855 0.00987688340595 -0.491453366139
0.786 0.00951056516295 -0.970805519363
0.7865 0.00891006524188 -1.42625321878
0.787 0.00809016994375 -1.84658183049
0.7875 0.00707106781187 -2.22144146908
0.788 0.00587785252292 -2.54160184616
0.7885 0.0045399049974 -2.79917955069
0.789 0.00309016994375 -2.98783216474
0.7895 0.0015643446504 -3.10291443485
0.79 -9.83431323137e-18 -3.14159265359
0.7905 -0.0015643446504 -3.10291443485
0.791 -0.00309016994375 -2.98783216474
0.7915 -0.0045399049974 -2.79917955069
0.792 -0.00587785252292 -2.54160184616
0.7925 -0.00707106781187 -2.22144146908
0.793 -0.00809016994375 -1.84658183049
0.7935 -0.00891006524188 -1.42625321878
0.794 -0.00951056516295 -0.970805519363
0.7945 -0.00987688340595 -0.491453366139
0.795 -0.01 7.54448383093e-14
0.7955 -0.00987688340595 0.491453366139
0.796 -0.00951056516295 0.970805519363
0.7965 -0.00891006524188 1.42625321878
0.797 -0.00809016994375 1.84658183049
0.7975 -0.00707106781187 2.22144146908
0.798 -0.00587785252292 2.54160184616
0.7985 -0.0045399049974 2.79917955069
0.799 -0.00309016994375 2.98783216474
0.7995 -0.0015643446504 3.10291443485
0.8 1.86245350372e-16 3.14159265359
0.8005 0.0015643446504 3.10291443485
0.801 0.00309016994375 2.98783216474
0.8015 0.0045399049974 2.79917955069
0.802 0.00587785252292 2.54160184616
0.8025 0.00707106781187 2.22144146908
0.803 0.00809016994375 1.84658183049
0.8035 0.00891006524188 1.42625321878
0.804 0.00951056516295 0.970805519363
0.8045 0.00987688340595 0.491453366139
0.805 0.01 -4.15765665897e-14
0.8055 0.00987688340595 -0.491453366139
0.806 0.00951056516295 -0.970805519363
0.8065 0.00891006524188 -1.42625321878
0.807 0.00809016994375 -1.84658183049
0.8075 0.00707106781187 -2.22144146908
0.808 0.00587785252292 -2.54160184616
0.8085 0.0045399049974 -2.79917955069
0.809 0.00309016994375 -2.98783216474
0.8095 0.0015643446504 -3.10291443485
0.81 -7.84392932091e-17 -3.14159265359
0.8105 -0.0015643446504 -3.10291443485
0.811 -0.00309016994375 -2.98783216474
0.8115 -0.0045399049974 -2.79917955069
0.812 -0.00587785252292 -2.54160184616
0.8125 -0.00707106781187 -2.22144146908
0.813 -0.00809016994375 -1.84658183049
0.8135 -0.00891006524188 -1.42625321878
0.814 -0.00951056516295 -0.970805519363
0.8145 -0.00987688340595 -0.491453366139
0.815 -0.01 9.69977284191e-14
0.8155 -0.00987688340595 0.491453366139
0.816 -0.00951056516295 0.970805519363
0.8165 -0.00891006524188 1.42625321878
0.817 -0.00809016994375 1.84658183049
0.8175 -0.00707106781187 2.22144146908
0.818 -0.00587785252292 2.54160184616
0.8185 -0.0045399049974 2.79917955069
0.819 -0.00309016994375 2.98783216474
0.8195 -0.0015643446504 3.10291443485
0.82 2.5485033035e-16 3.14159265359
0.8205 0.0015643446504 3.10291443485
0.821 0.00309016994375 2.98783216474
0.8215 0.0045399049974 2.79917955069
0.822 0.00587785252292 2.54160184616
0.8225 0.00707106781187 2.22144146908
0.823 0.00809016994375 1.84658183049
0.8235 0.00891006524188 1.42625321878
0.824 0.00951056516295 0.970805519363
0.8245 0.00987688340595 0.491453366139
0.825 0.01 -6.31294566994e-14
0.8255 0.00987688340595 -0.491453366139
0.826 0.00951056516295 -0.970805519363
0.8265 0.00891006524188 -1.42625321878
0.827 0.00809016994375 -1.84658183049
0.8275 0.00707106781187 -2.22144146908
0.828 0.00587785252292 -2.54160184616
0.8285 0.0045399049974 -2.79917955069
0.829 0.00309016994375 -2.98783216474
0.8295 0.0015643446504 -3.10291443485
0.83 -1.47044273187e-16 -3.14159265359
0.8305 -0.0015643446504 -3.10291443485
0.831 -0.00309016994375 -2.98783216474
0.8315 -0.0045399049974 -2.79917955069
0.832 -0.00587785252293 -2.54160184616
0.8325 -0.00707106781187 -2.22144146908
0.833 -0.00809016994375 -1.84658183049
0.8335 -0.00891006524188 -1.42625321878
0.834 -0.00951056516295 -0.970805519363
0.8345 -0.00987688340595 -0.491453366139
0.835 -0.01 2.92611849798e-14
0.8355 -0.00987688340595 0.491453366139
0.836 -0.00951056516295 0.970805519363
0.8365 -0.00891006524188 1.42625321878
0.837 -0.00809016994375 1.84658183049
0.8375 -0.00707106781187 2.22144146908
0.838 -0.00587785252292 2.54160184616
0.8385 -0.0045399049974 2.79917955069
0.839 -0.00309016994375 2.98783216474
0.8395 -0.0015643446504 3.10291443485
0.84 3.92382160236e-17 3.14159265359
0.8405 0.0015643446504 3.10291443485
0.841 0.00309016994375 2.98783216474
0.8415 0.0045399049974 2.79917955069
0.842 0.00587785252292 2.54160184616
0.8425 0.00707106781187 2.22144146908
0.843 0.00809016994375 1.84658183049
0.8435 0.00891006524188 1.42625321878
0.844 0.00951056516295 0.970805519363
0.8445 0.00987688340595 0.491453366139
0.845 0.01 4.60708673983e-15
0.8455 0.00987688340595 -0.491453366139
0.846 0.00951056516295 -0.970805519363
0.8465 0.00891006524188 -1.42625321878
0.847 0.00809016994375 -1.84658183049
0.8475 0.00707106781187 -2.22144146908
0.848 0.00587785252292 -2.54160184616
0.8485 0.0045399049974 -2.79917955069
0.849 0.00309016994375 -2.98783216474
0.8495 0.0015643446504 -3.10291443485
0.85 6.85678411395e-17 -3.14159265359
0.8505 -0.0015643446504 -3.10291443485
0.851 -0.00309016994375 -2.98783216474
0.8515 -0.0045399049974 -2.79917955069
0.852 -0.00587785252292 -2.54160184616
0.8525 -0.00707106781187 -2.22144146908
0.853 -0.00809016994375 -1.84658183049
0.8535 -0.00891006524188 -1.42625321878
0.854 -0.00951056516295 -0.970805519363
0.8545 -0.00987688340595 -0.491453366139
0.855 -0.01 -3.84753584595e-14
0.8555 -0.00987688340595 0.491453366139
0.856 -0.00951056516295 0.970805519363
0.8565 -0.00891006524188 1.42625321878
0.857 -0.00809016994375 1.84658183049
0.8575 -0.00707106781187 2.22144146908
0.858 -0.00587785252292 2.54160184616
0.8585 -0.0045399049974 2.79917955069
0.859 -0.00309016994375 2.98783216474
0.8595 -0.0015643446504 3.10291443485
0.86 -1.76373898303e-16 3.14159265359
0.8605 0.0015643446504 3.10291443485
0.861 0.00309016994375 2.98783216474
0.8615 0.0045399049974 2.79917955069
0.862 0.00587785252292 2.54160184616
0.8625 0.00707106781187 2.22144146908
0.863 0.00809016994375 1.84658183049
0.8635 0.00891006524188 1.42625321878
0.864 0.00951056516295 0.970805519363
0.8645 0.00987688340595 0.491453366139
0.865 0.01 7.23436301791e-14
0.8655 0.00987688340595 -0.491453366139
0.866 0.00951056516295 -0.970805519363
0.8665 0.00891006524188 -1.42625321878
0.867 0.00809016994375 -1.84658183049
0.8675 0.00707106781187 -2.22144146908
0.868 0.00587785252292 -2.54160184616
0.8685 0.0045399049974 -2.79917955069
0.869 0.00309016994375 -2.98783216474
0.8695 0.0015643446504 -3.10291443485
0.87 -2.84254233142e-16 -3.14159265359
0.8705 -0.0015643446504 -3.10291443485
0.871 -0.00309016994375 -2.98783216474
0.8715 -0.0045399049974 -2.79917955069
0.872 -0.00587785252292 -2.54160184616
0.8725 -0.00707106781187 -2.22144146908
0.873 -0.00809016994375 -1.84658183049
0.8735 -0.00891006524188 -1.42625321878
0.874 -0.00951056516295 -0.970805519363
0.8745 -0.00987688340595 -0.491453366139
0.875 -0.01 7.23669651993e-14
0.8755 -0.00987688340595 0.491453366139
0.876 -0.00951056516295 0.970805519363
0.8765 -0.00891006524188 1.42625321878
0.877 -0.00809016994375 1.84658183049
0.8775 -0.00707106781187 2.22144146908
0.878 -0.00587785252292 2.54160184616
0.8785 -0.0045399049974 2.79917955069
0.879 -0.00309016994375 2.98783216474
0.8795 -0.0015643446504 3.10291443485
0.88 1.76448175979e-16 3.14159265359
0.8805 0.0015643446504 3.10291443485
0.881 0.00309016994375 2.98783216474
0.8815 0.0045399049974 2.79917955069
0.882 0.00587785252292 2.54160184616
0.8825 0.00707106781187 2.22144146908
0.883 0.00809016994375 1.84658183049
0.8835 0.00891006524188 1.42625321878
0.884 0.00951056516295 0.970805519363
0.8845 0.00987688340595 0.491453366139
0.885 0.01 -3.84986934797e-14
0.8855 0.00987688340595 -0.491453366139
0.886 0.00951056516295 -0.970805519363
0.8865 0.00891006524188 -1.42625321878
0.887 0.00809016994375 -1.84658183049
0.8875 0.00707106781187 -2.22144146908
0.888 0.00587785252292 -2.54160184616
0.8885 0.0045399049974 -2.79917955069
0.889 0.00309016994375 -2.98783216474
0.8895 0.0015643446504 -3.10291443485
0.89 -6.86421188159e-17 -3.14159265359
0.8905 -0.0015643446504 -3.10291443485
0.891 -0.00309016994375 -2.98783216474
0.8915 -0.0045399049974 -2.79917955069
0.892 -0.00587785252292 -2.54160184616
0.8925 -0.00707106781187 -2.22144146908
0.893 -0.00809016994375 -1.84658183049
0.8935 -0.00891006524188 -1.42625321878
0.894 -0.00951056516295 -0.970805519363
0.8945 -0.00987688340595 -0.491453366139
0.895 -0.01 4.63042176008e-15
0.8955 -0.00987688340595 0.491453366139
0.896 -0.00951056516295 0.970805519363
0.8965 -0.00891006524188 1.42625321878
0.897 -0.00809016994375 1.84658183049
0.8975 -0.00707106781187 2.22144146908
0.898 -0.00587785252292 2.54160184616
0.8985 -0.0045399049974 2.79917955069
0.899 -0.00309016994375 2.98783216474
0.8995 -0.0015643446504 3.10291443485
0.9 -3.91639383473e-17 3.14159265359
0.9005 0.0015643446504 3.10291443485
0.901 0.00309016994375 2.98783216474
0.9015 0.0045399049974 2.79917955069
0.902 0.00587785252292 2.54160184616
0.9025 0.00707106781187 2.22144146908
0.903 0.00809016994375 1.84658183049
0.9035 0.00891006524188 1.42625321878
0.904 0.00951056516295 0.970805519363
0.9045 0.00987688340595 0.491453366139
0.905 0.01 2.92378499596e-14
0.9055 0.00987688340595 -0.491453366139
0.906 0.00951056516295 -0.970805519363
0.9065 0.00891006524188 -1.42625321878
0.907 0.00809016994375 -1.84658183049
0.9075 0.00707106781187 -2.22144146908
0.908 0.00587785252292 -2.54160184616
0.9085 0.0045399049974 -2.79917955069
0.909 0.00309016994375 -2.98783216474
0.9095 0.0015643446504 -3.10291443485
0.91 1.4696999551e-16 -3.14159265359
0.9105 -0.0015643446504 -3.10291443485
0.911 -0.00309016994375 -2.98783216474
0.9115 -0.0045399049974 -2.79917955069
0.912 -0.00587785252292 -2.54160184616
0.9125 -0.00707106781187 -2.22144146908
0.913 -0.00809016994375 -1.84658183049
0.9135 -0.00891006524188 -1.42625321878
0.914 -0.00951056516295 -0.970805519363
0.9145 -0.00987688340595 -0.491453366139
0.915 -0.01 1.15472745419e-13
0.9155 -0.00987688340595 0.491453366139
0.916 -0.00951056516295 0.970805519363
0.9165 -0.00891006524188 1.42625321878
0.917 -0.00809016994375 1.84658183049
0.9175 -0.00707106781187 2.22144146908
0.918 -0.00587785252292 2.54160184616
0.9185 -0.0045399049974 2.79917955069
0.919 -0.00309016994375 2.98783216474
0.9195 -0.0015643446504 3.10291443485
0.92 3.13658135935e-16 3.14159265359
0.9205 0.0015643446504 3.10291443485
0.921 0.00309016994375 2.98783216474
0.9215 0.0045399049974 2.79917955069
0.922 0.00587785252292 2.54160184616
0.9225 0.00707106781187 2.22144146908
0.923 0.00809016994375 1.84658183049
0.9235 0.00891006524188 1.42625321878
0.924 0.00951056516295 0.970805519363
0.9245 0.00987688340595 0.491453366139
0.925 0.01 -8.16044736992e-14
0.9255 0.00987688340595 -0.491453366139
0.926 0.00951056516295 -0.970805519363
0.9265 0.00891006524188 -1.42625321878
0.927 0.00809016994375 -1.84658183049
0.9275 0.00707106781187 -2.22144146908
0.928 0.00587785252292 -2.54160184616
0.9285 0.0045399049974 -2.79917955069
0.929 0.00309016994375 -2.98783216474
0.9295 0.0015643446504 -3.10291443485
0.93 -2.05852078771e-16 -3.14159265359
0.9305 -0.0015643446504 -3.10291443485
0.931 -0.00309016994375 -2.98783216474
0.9315 -0.0045399049974 -2.79917955069
0.932 -0.00587785252292 -2.54160184616
0.9325 -0.00707106781187 -2.22144146908
0.933 -0.00809016994375 -1.84658183049
0.9335 -0.00891006524188 -1.42625321878
0.934 -0.00951056516295 -0.970805519363
0.9345 -0.00987688340595 -0.491453366139
0.935 -0.01 4.77362019796e-14
0.9355 -0.00987688340595 0.491453366139
0.936 -0.00951056516295 0.970805519363
0.9365 -0.00891006524188 1.42625321878
0.937 -0.00809016994375 1.84658183049
0.9375 -0.00707106781187 2.22144146908
0.938 -0.00587785252292 2.54160184616
0.9385 -0.0045399049974 2.79917955069
0.939 -0.00309016994375 2.98783216474
0.9395 -0.0015643446504 3.10291443485
0.94 9.80460216082e-17 3.14159265359
0.9405 0.0015643446504 3.10291443485
0.941 0.00309016994375 2.98783216474
0.9415 0.0045399049974 2.79917955069
0.942 0.00587785252293 2.54160184616
0.9425 0.00707106781187 2.22144146908
0.943 0.00809016994375 1.84658183049
0.9435 0.00891006524188 1.42625321878
0.944 0.00951056516295 0.970805519363
0.9445 0.00987688340595 0.491453366139
0.945 0.01 -1.386793026e-14
0.9455 0.00987688340595 -0.491453366139
0.946 0.00951056516295 -0.970805519363
0.9465 0.00891006524188 -1.42625321878
0.947 0.00809016994375 -1.84658183049
0.9475 0.00707106781187 -2.22144146908
0.948 0.00587785252292 -2.54160184616
0.9485 0.0045399049974 -2.79917955069
0.949 0.00309016994375 -2.98783216474
0.9495 0.0015643446504 -3.10291443485
0.95 9.76003555498e-18 -3.14159265359
0.9505 -0.0015643446504 -3.10291443485
0.951 -0.00309016994375 -2.98783216474
0.9515 -0.0045399049974 -2.79917955069
0.952 -0.00587785252292 -2.54160184616
0.9525 -0.00707106781187 -2.22144146908
0.953 -0.00809016994375 -1.84658183049
0.9535 -0.00891006524188 -1.42625321878
0.954 -0.00951056516295 -0.970805519363
0.9545 -0.00987688340595 -0.491453366139
0.955 -0.01 1.58578525638e-13
0.9555 -0.00987688340595 0.491453366139
0.956 -0.00951056516295 0.970805519363
0.9565 -0.00891006524188 1.42625321878
0.957 -0.00809016994375 1.84658183049
0.9575 -0.00707106781187 2.22144146908
0.958 -0.00587785252292 2.54160184616
0.9585 -0.0045399049974 2.79917955069
0.959 -0.00309016994375 2.98783216474
0.9595 -0.0015643446504 3.10291443485
0.96 -1.17566092718e-16 3.14159265359
0.9605 0.0015643446504 3.10291443485
0.961 0.00309016994375 2.98783216474
0.9615 0.0045399049974 2.79917955069
0.962 0.00587785252292 2.54160184616
0.9625 0.00707106781187 2.22144146908
0.963 0.00809016994375 1.84658183049
0.9635 0.00891006524188 1.42625321878
0.964 0.00951056516295 0.970805519363
0.9645 0.00987688340595 0.491453366139
0.965 0.01 5.38686131793e-14
0.9655 0.00987688340595 -0.491453366139
0.966 0.00951056516295 -0.970805519363
0.9665 0.00891006524188 -1.42625321878
0.967 0.00809016994375 -1.84658183049
0.9675 0.00707106781187 -2.22144146908
0.968 0.00587785252292 -2.54160184616
0.9685 0.0045399049974 -2.79917955069
0.969 0.00309016994375 -2.98783216474
0.9695 0.0015643446504 -3.10291443485
0.97 2.25372149881e-16 -3.14159265359
0.9705 -0.0015643446504 -3.10291443485
0.971 -0.00309016994375 -2.98783216474
0.9715 -0.0045399049974 -2.79917955069
0.972 -0.00587785252292 -2.54160184616
0.9725 -0.00707106781187 -2.22144146908
0.973 -0.00809016994375 -1.84658183049
0.9735 -0.00891006524188 -1.42625321878
0.974 -0.00951056516295 -0.970805519363
0.9745 -0.00987688340595 -0.491453366139
0.975 -0.01 -8.77368848989e-14
0.9755 -0.00987688340595 0.491453366139
0.976 -0.00951056516295 0.970805519363
0.9765 -0.00891006524188 1.42625321878
0.977 -0.00809016994375 1.84658183049
0.9775 -0.00707106781187 2.22144146908
0.978 -0.00587785252292 2.54160184616
0.9785 -0.0045399049974 2.79917955069
0.979 -0.00309016994375 2.98783216474
0.9795 -0.0015643446504 3.10291443485
0.98 2.35255981564e-16 3.14159265359
0.9805 0.0015643446504 3.10291443485
0.981 0.00309016994375 2.98783216474
0.9815 0.0045399049974 2.79917955069
0.982 0.00587785252292 2.54160184616
0.9825 0.00707106781187 2.22144146908
0.983 0.00809016994375 1.84658183049
0.9835 0.00891006524188 1.42625321878
0.984 0.00951056516295 0.970805519363
0.9845 0.00987688340595 0.491453366139
0.985 0.01 -5.69737104795e-14
0.9855 0.00987688340595 -0.491453366139
0.986 0.00951056516295 -0.970805519363
0.9865 0.00891006524188 -1.42625321878
0.987 0.00809016994375 -1.84658183049
0.9875 0.00707106781187 -2.22144146908
0.988 0.00587785252292 -2.54160184616
0.9885 0.0045399049974 -2.79917955069
0.989 0.00309016994375 -2.98783216474
0.9895 0.0015643446504 -3.10291443485
0.99 -1.274499244e-16 -3.14159265359
0.9905 -0.0015643446504 -3.10291443485
0.991 -0.00309016994375 -2.98783216474
0.9915 -0.0045399049974 -2.79917955069
0.992 -0.00587785252292 -2.54160184616
0.9925 -0.00707106781187 -2.22144146908
0.993 -0.00809016994375 -1.84658183049
0.9935 -0.00891006524188 -1.42625321878
0.994 -0.00951056516295 -0.970805519363
0.9945 -0.00987688340595 -0.491453366139
0.995 -0.01 2.31054387599e-14
0.9955 -0.00987688340595 0.491453366139
0.996 -0.00951056516295 0.970805519363
0.9965 -0.00891006524188 1.42625321878
0.997 -0.00809016994375 1.84658183049
0.9975 -0.00707106781187 2.22144146908
0.998 -0.00587785252292 2.54160184616
0.9985 -0.0045399049974 2.79917955069
0.999 -0.00309016994375 2.98783216474
0.9995 -0.0015643446504 3.10291443485
1 1.96438672373e-17 3.14159265359
