x a
0 0
0.00125 0.0274764
0.0025 0.054878
0.00375 0.08213
0.005 0.109158
0.00625 0.13589
0.0075 0.162253
0.00875 0.188177
0.01 0.213593
0.01125 0.238433
0.0125 0.262635
0.01375 0.286134
0.015 0.308873
0.01625 0.330794
0.0175 0.351845
0.01875 0.371976
0.02 0.39114
0.02125 0.409296
0.0225 0.426405
0.02375 0.442432
0.025 0.457347
0.02625 0.471125
0.0275 0.483745
0.02875 0.495189
0.03 0.505445
0.03125 0.514507
0.0325 0.52237
0.03375 0.529037
0.035 0.534514
0.03625 0.538813
0.0375 0.541948
0.03875 0.543941
0.04 0.544816
0.04125 0.544601
0.0425 0.54333
0.04375 0.541041
0.045 0.537774
0.04625 0.533575
0.0475 0.528493
0.04875 0.522579
0.05 0.515888
0.05125 0.508479
0.0525 0.500414
0.05375 0.491755
0.055 0.482568
0.05625 0.47292
0.0575 0.462883
0.05875 0.452525
0.06 0.44192
0.06125 0.43114
0.0625 0.42026
0.06375 0.409352
0.065 0.39849
0.06625 0.387749
0.0675 0.3772
0.06875 0.366917
0.07 0.35697
0.07125 0.347429
0.0725 0.338361
0.07375 0.329832
0.075 0.321907
0.07625 0.314644
0.0775 0.308104
0.07875 0.302342
0.08 0.297409
0.08125 0.293354
0.0825 0.290223
0.08375 0.288056
0.085 0.286892
0.08625 0.286763
0.0875 0.287699
0.08875 0.289725
0.09 0.29286
0.09125 0.29712
0.0925 0.302517
0.09375 0.309058
0.095 0.316744
0.09625 0.325572
0.0975 0.335535
0.09875 0.346621
0.1 0.358814
0.10125 0.372092
0.1025 0.38643
0.10375 0.401797
0.105 0.41816
0.10625 0.43548
0.1075 0.453715
0.10875 0.47282
0.11 0.492744
0.11125 0.513435
0.1125 0.534836
0.11375 0.556889
0.115 0.579532
0.11625 0.602699
0.1175 0.626325
0.11875 0.650341
0.12 0.674677
0.12125 0.69926
0.1225 0.724019
0.12375 0.748879
0.125 0.773765
0.12625 0.798604
0.1275 0.82332
0.12875 0.84784
0.13 0.872089
0.13125 0.895994
0.1325 0.919485
0.13375 0.94249
0.135 0.964941
0.13625 0.986771
0.1375 1.00792
0.13875 1.02832
0.14 1.04791
0.14125 1.06664
0.1425 1.08446
0.14375 1.10131
0.145 1.11716
0.14625 1.13195
0.1475 1.14565
0.14875 1.15823
0.15 1.16965
0.15125 1.1799
0.1525 1.18895
0.15375 1.19678
0.155 1.20338
0.15625 1.20874
0.1575 1.21287
0.15875 1.21576
0.16 1.21743
0.16125 1.21787
0.1625 1.21712
0.16375 1.21518
0.165 1.21209
0.16625 1.20787
0.1675 1.20256
0.16875 1.19619
0.17 1.18881
0.17125 1.18046
0.1725 1.1712
0.17375 1.16106
0.175 1.15012
0.17625 1.13842
0.1775 1.12604
0.17875 1.11303
0.18 1.09945
0.18125 1.08539
0.1825 1.0709
0.18375 1.05606
0.185 1.04094
0.18625 1.02562
0.1875 1.01017
0.18875 0.994654
0.19 0.979161
0.19125 0.963759
0.1925 0.948521
0.19375 0.933522
0.195 0.918831
0.19625 0.904518
0.1975 0.890653
0.19875 0.877301
0.2 0.864527
0.20125 0.852391
0.2025 0.840952
0.20375 0.830267
0.205 0.820388
0.20625 0.811365
0.2075 0.803242
0.20875 0.796061
0.21 0.789862
0.21125 0.784676
0.2125 0.780535
0.21375 0.777462
0.215 0.77548
0.21625 0.774604
0.2175 0.774846
0.21875 0.776213
0.22 0.778707
0.22125 0.782327
0.2225 0.787065
0.22375 0.79291
0.225 0.799845
0.22625 0.80785
0.2275 0.8169
0.22875 0.826966
0.23 0.838013
0.23125 0.850005
0.2325 0.862898
0.23375 0.876649
0.235 0.891208
0.23625 0.906522
0.2375 0.922535
0.23875 0.93919
0.24 0.956425
0.24125 0.974176
0.2425 0.992376
0.24375 1.01096
0.245 1.02985
0.24625 1.04899
0.2475 1.06829
0.24875 1.08769
0.25 1.10711
0.25125 1.12647
0.2525 1.14571
0.25375 1.16475
0.255 1.18351
0.25625 1.20193
0.2575 1.21993
0.25875 1.23744
0.26 1.2544
0.26125 1.27073
0.2625 1.28638
0.26375 1.30128
0.265 1.31538
0.26625 1.32861
0.2675 1.34094
0.26875 1.3523
0.27 1.36265
0.27125 1.37195
0.2725 1.38017
0.27375 1.38727
0.275 1.39322
0.27625 1.39799
0.2775 1.40157
0.27875 1.40394
0.28 1.40508
0.28125 1.405
0.2825 1.40369
0.28375 1.40115
0.285 1.39739
0.28625 1.39241
0.2875 1.38625
0.28875 1.37892
0.29 1.37043
0.29125 1.36084
0.2925 1.35016
0.29375 1.33844
0.295 1.32571
0.29625 1.31203
0.2975 1.29745
0.29875 1.28201
0.3 1.26578
0.30125 1.2488
0.3025 1.23115
0.30375 1.21289
0.305 1.19408
0.30625 1.1748
0.3075 1.15511
0.30875 1.13509
0.31 1.1148
0.31125 1.09433
0.3125 1.07375
0.31375 1.05312
0.315 1.03253
0.31625 1.01206
0.3175 0.991764
0.31875 0.971728
0.32 0.952022
0.32125 0.932716
0.3225 0.913878
0.32375 0.895575
0.325 0.877871
0.32625 0.860828
0.3275 0.844506
0.32875 0.828961
0.33 0.814244
0.33125 0.800408
0.3325 0.787496
0.33375 0.775551
0.335 0.764612
0.33625 0.754713
0.3375 0.745884
0.33875 0.73815
0.34 0.731532
0.34125 0.726048
0.3425 0.721708
0.34375 0.718521
0.345 0.71649
0.34625 0.715612
0.3475 0.71588
0.34875 0.717284
0.35 0.719808
0.35125 0.723431
0.3525 0.728129
0.35375 0.733873
0.355 0.740628
0.35625 0.748358
0.3575 0.757022
0.35875 0.766574
0.36 0.776965
0.36125 0.788143
0.3625 0.800053
0.36375 0.812637
0.365 0.825833
0.36625 0.839578
0.3675 0.853805
0.36875 0.868448
0.37 0.883437
0.37125 0.8987
0.3725 0.914165
0.37375 0.929759
0.375 0.94541
0.37625 0.961042
0.3775 0.976582
0.37875 0.991956
0.38 1.00709
0.38125 1.02192
0.3825 1.03636
0.38375 1.05035
0.385 1.06382
0.38625 1.07671
0.3875 1.08894
0.38875 1.10047
0.39 1.11123
0.39125 1.12117
0.3925 1.13022
0.39375 1.13836
0.395 1.14552
0.39625 1.15168
0.3975 1.15678
0.39875 1.16081
0.4 1.16372
0.40125 1.1655
0.4025 1.16612
0.40375 1.16556
0.405 1.16383
0.40625 1.1609
0.4075 1.15678
0.40875 1.15148
0.41 1.14499
0.41125 1.13733
0.4125 1.12852
0.41375 1.11858
0.415 1.10753
0.41625 1.0954
0.4175 1.08223
0.41875 1.06806
0.42 1.05293
0.42125 1.03688
0.4225 1.01996
0.42375 1.00223
0.425 0.983747
0.42625 0.964562
0.4275 0.944741
0.42875 0.924349
0.43 0.903451
0.43125 0.882118
0.4325 0.860418
0.43375 0.838423
0.435 0.816207
0.43625 0.793844
0.4375 0.771408
0.43875 0.748973
0.44 0.726614
0.44125 0.704406
0.4425 0.682422
0.44375 0.660736
0.445 0.639419
0.44625 0.618541
0.4475 0.598172
0.44875 0.578377
0.45 0.559221
0.45125 0.540765
0.4525 0.52307
0.45375 0.506191
0.455 0.490181
0.45625 0.475089
0.4575 0.460962
0.45875 0.447841
0.46 0.435764
0.46125 0.424767
0.4625 0.414878
0.46375 0.406123
0.465 0.398523
0.46625 0.392095
0.4675 0.38685
0.46875 0.382796
0.47 0.379935
0.47125 0.378266
0.4725 0.377782
0.47375 0.378471
0.475 0.380317
0.47625 0.3833
0.4775 0.387395
0.47875 0.392572
0.48 0.398799
0.48125 0.406037
0.4825 0.414245
0.48375 0.423378
0.485 0.433386
0.48625 0.444218
0.4875 0.455818
0.48875 0.468126
0.49 0.481083
0.49125 0.494624
0.4925 0.508683
0.49375 0.523191
0.495 0.538081
0.49625 0.553279
0.4975 0.568714
0.49875 0.584312
0.5 0.6
0.50125 0.615703
0.5025 0.631348
0.50375 0.64686
0.505 0.662166
0.50625 0.677194
0.5075 0.691872
0.50875 0.706131
0.51 0.719903
0.51125 0.733121
0.5125 0.745721
0.51375 0.757643
0.515 0.768828
0.51625 0.77922
0.5175 0.788766
0.51875 0.797417
0.52 0.805129
0.52125 0.811859
0.5225 0.81757
0.52375 0.822228
0.525 0.825803
0.52625 0.828271
0.5275 0.829611
0.52875 0.829806
0.53 0.828846
0.53125 0.826724
0.5325 0.823436
0.53375 0.818986
0.535 0.813381
0.53625 0.806632
0.5375 0.798755
0.53875 0.789773
0.54 0.779709
0.54125 0.768593
0.5425 0.75646
0.54375 0.743347
0.545 0.729296
0.54625 0.714353
0.5475 0.698566
0.54875 0.681989
0.55 0.664678
0.55125 0.646691
0.5525 0.62809
0.55375 0.608939
0.555 0.589303
0.55625 0.569253
0.5575 0.548856
0.55875 0.528186
0.56 0.507314
0.56125 0.486315
0.5625 0.465261
0.56375 0.444228
0.565 0.423289
0.56625 0.40252
0.5675 0.381992
0.56875 0.36178
0.57 0.341953
0.57125 0.322583
0.5725 0.303738
0.57375 0.285483
0.575 0.267883
0.57625 0.250999
0.5775 0.23489
0.57875 0.219612
0.58 0.205217
0.58125 0.191755
0.5825 0.179271
0.58375 0.167806
0.585 0.157399
0.58625 0.148083
0.5875 0.139888
0.58875 0.132838
0.59 0.126956
0.59125 0.122256
0.5925 0.11875
0.59375 0.116446
0.595 0.115345
0.59625 0.115445
0.5975 0.116739
0.59875 0.119215
0.6 0.122857
0.60125 0.127644
0.6025 0.133552
0.60375 0.140549
0.605 0.148603
0.60625 0.157674
0.6075 0.167723
0.60875 0.178702
0.61 0.190563
0.61125 0.203252
0.6125 0.216714
0.61375 0.23089
0.615 0.245718
0.61625 0.261135
0.6175 0.277073
0.61875 0.293465
0.62 0.31024
0.62125 0.327326
0.6225 0.344651
0.62375 0.362142
0.625 0.379724
0.62625 0.397323
0.6275 0.414864
0.62875 0.432272
0.63 0.449476
0.63125 0.4664
0.6325 0.482975
0.63375 0.49913
0.635 0.514796
0.63625 0.529908
0.6375 0.5444
0.63875 0.558211
0.64 0.571282
0.64125 0.583558
0.6425 0.594986
0.64375 0.605515
0.645 0.615101
0.64625 0.623701
0.6475 0.631278
0.64875 0.637797
0.65 0.643228
0.65125 0.647547
0.6525 0.650733
0.65375 0.652768
0.655 0.653641
0.65625 0.653346
0.6575 0.651878
0.65875 0.649242
0.66 0.645442
0.66125 0.640492
0.6625 0.634406
0.66375 0.627205
0.665 0.618915
0.66625 0.609565
0.6675 0.599187
0.66875 0.587821
0.67 0.575507
0.67125 0.562291
0.6725 0.548222
0.67375 0.533352
0.675 0.517737
0.67625 0.501435
0.6775 0.484508
0.67875 0.46702
0.68 0.449036
0.68125 0.430624
0.6825 0.411855
0.68375 0.392799
0.685 0.37353
0.68625 0.354119
0.6875 0.334642
0.68875 0.315172
0.69 0.295783
0.69125 0.276549
0.6925 0.257543
0.69375 0.238838
0.695 0.220505
0.69625 0.202613
0.6975 0.185231
0.69875 0.168425
0.7 0.152259
0.70125 0.136793
0.7025 0.122087
0.70375 0.108195
0.705 0.0951712
0.70625 0.0830634
0.7075 0.0719173
0.70875 0.0617743
0.71 0.0526722
0.71125 0.0446445
0.7125 0.0377206
0.71375 0.0319253
0.715 0.0272793
0.71625 0.0237985
0.7175 0.0214943
0.71875 0.0203736
0.72 0.0204384
0.72125 0.0216862
0.7225 0.0241098
0.72375 0.0276972
0.725 0.0324322
0.72625 0.0382936
0.7275 0.0452562
0.72875 0.05329
0.73 0.0623613
0.73125 0.0724318
0.7325 0.0834595
0.73375 0.0953987
0.735 0.1082
0.73625 0.121811
0.7375 0.136174
0.73875 0.151232
0.74 0.166923
0.74125 0.183182
0.7425 0.199943
0.74375 0.217137
0.745 0.234694
0.74625 0.252543
0.7475 0.27061
0.74875 0.288823
0.75 0.307107
0.75125 0.325387
0.7525 0.343588
0.75375 0.361638
0.755 0.379461
0.75625 0.396985
0.7575 0.414139
0.75875 0.430852
0.76 0.447056
0.76125 0.462684
0.7625 0.477673
0.76375 0.49196
0.765 0.505486
0.76625 0.518196
0.7675 0.530037
0.76875 0.54096
0.77 0.550918
0.77125 0.55987
0.7725 0.567778
0.77375 0.574607
0.775 0.580328
0.77625 0.584916
0.7775 0.58835
0.77875 0.590613
0.78 0.591694
0.78125 0.591585
0.7825 0.590284
0.78375 0.587793
0.785 0.584119
0.78625 0.579274
0.7875 0.573273
0.78875 0.566137
0.79 0.557891
0.79125 0.548565
0.7925 0.538193
0.79375 0.526811
0.795 0.514461
0.79625 0.50119
0.7975 0.487046
0.79875 0.472082
0.8 0.456352
0.80125 0.439917
0.8025 0.422837
0.80375 0.405176
0.805 0.387001
0.80625 0.368379
0.8075 0.34938
0.80875 0.330076
0.81 0.310539
0.81125 0.290843
0.8125 0.271061
0.81375 0.251268
0.815 0.231538
0.81625 0.211945
0.8175 0.192562
0.81875 0.173462
0.82 0.154716
0.82125 0.136394
0.8225 0.118564
0.82375 0.101293
0.825 0.0846441
0.82625 0.0686789
0.8275 0.0534562
0.82875 0.0390316
0.83 0.0254578
0.83125 0.0127838
0.8325 0.00105527
0.83375 -0.00968616
0.835 -0.0194027
0.83625 -0.0280605
0.8375 -0.0356302
0.83875 -0.0420866
0.84 -0.0474091
0.84125 -0.0515813
0.8425 -0.0545918
0.84375 -0.0564335
0.845 -0.0571042
0.84625 -0.0566062
0.8475 -0.0549466
0.84875 -0.052137
0.85 -0.0481937
0.85125 -0.0431374
0.8525 -0.0369934
0.85375 -0.0297911
0.855 -0.0215645
0.85625 -0.0123513
0.8575 -0.00219339
0.85875 0.00886365
0.86 0.0207706
0.86125 0.033475
0.8625 0.0469209
0.86375 0.0610496
0.865 0.0757996
0.86625 0.0911068
0.8675 0.106905
0.86875 0.123126
0.87 0.1397
0.87125 0.156555
0.8725 0.173619
0.87375 0.190819
0.875 0.20808
0.87625 0.225328
0.8775 0.242489
0.87875 0.259488
0.88 0.276253
0.88125 0.292711
0.8825 0.30879
0.88375 0.324421
0.885 0.339534
0.88625 0.354065
0.8875 0.367949
0.88875 0.381125
0.89 0.393533
0.89125 0.405119
0.8925 0.415829
0.89375 0.425615
0.895 0.434431
0.89625 0.442235
0.8975 0.44899
0.89875 0.454661
0.9 0.45922
0.90125 0.462641
0.9025 0.464903
0.90375 0.465991
0.905 0.465893
0.90625 0.464602
0.9075 0.462115
0.90875 0.458436
0.91 0.453571
0.91125 0.447531
0.9125 0.440334
0.91375 0.432001
0.915 0.422555
0.91625 0.412028
0.9175 0.400453
0.91875 0.387867
0.92 0.374314
0.92125 0.359838
0.9225 0.344489
0.92375 0.328319
0.925 0.311385
0.92625 0.293746
0.9275 0.275462
0.92875 0.256599
0.93 0.237222
0.93125 0.2174
0.9325 0.197203
0.93375 0.176703
0.935 0.155972
0.93625 0.135084
0.9375 0.114113
0.93875 0.0931337
0.94 0.0722206
0.94125 0.0514478
0.9425 0.0308889
0.94375 0.0106166
0.945 -0.00929752
0.94625 -0.0287833
0.9475 -0.0477723
0.94875 -0.0661982
0.95 -0.0839967
0.95125 -0.101106
0.9525 -0.117468
0.95375 -0.133025
0.955 -0.147727
0.95625 -0.161522
0.9575 -0.174365
0.95875 -0.186215
0.96 -0.197033
0.96125 -0.206785
0.9625 -0.215442
0.96375 -0.222978
0.965 -0.229373
0.96625 -0.234609
0.9675 -0.238676
0.96875 -0.241565
0.97 -0.243276
0.97125 -0.243809
0.9725 -0.243171
0.97375 -0.241374
0.975 -0.238434
0.97625 -0.234372
0.9775 -0.229213
0.97875 -0.222985
0.98 -0.215723
0.98125 -0.207464
0.9825 -0.19825
0.98375 -0.188126
0.985 -0.177142
0.98625 -0.165349
0.9875 -0.152804
0.98875 -0.139564
0.99 -0.125692
0.99125 -0.111251
0.9925 -0.0963067
0.99375 -0.0809279
0.995 -0.0651841
0.99625 -0.0491466
0.9975 -0.0328878
0.99875 -0.016481
1 -5.14352e-16
