x B f
0 0.5 0.5
0.0025 0.4975 0.4975
0.005 0.495 0.495
0.0075 0.4925 0.4925
0.01 0.49 0.49
0.0125 0.4875 0.4875
0.015 0.485 0.485
0.0175 0.4825 0.4825
0.02 0.48 0.48
0.0225 0.4775 0.4775
0.025 0.475 0.475
0.0275 0.4725 0.4725
0.03 0.47 0.47
0.0325 0.4675 0.4675
0.035 0.465001 0.465
0.0375 0.462501 0.4625
0.04 0.460001 0.46
0.0425 0.457502 0.4575
0.045 0.455002 0.455
0.0475 0.452503 0.4525
0.05 0.450004 0.45
0.0525 0.447505 0.4475
0.055 0.445006 0.445
0.0575 0.442508 0.4425
0.06 0.44001 0.44
0.0625 0.437512 0.4375
0.065 0.435014 0.435
0.0675 0.432517 0.4325
0.07 0.43002 0.43
0.0725 0.427524 0.4275
0.075 0.425029 0.425
0.0775 0.422533 0.4225
0.08 0.420039 0.42
0.0825 0.417545 0.4175
0.085 0.415052 0.415
0.0875 0.41256 0.4125
0.09 0.410069 0.41
0.0925 0.407578 0.4075
0.095 0.405089 0.405
0.0975 0.402601 0.4025
0.1 0.400114 0.4
0.1025 0.397628 0.3975
0.105 0.395144 0.395
0.1075 0.392661 0.3925
0.11 0.39018 0.39
0.1125 0.3877 0.3875
0.115 0.385222 0.385
0.1175 0.382746 0.3825
0.12 0.380272 0.38
0.1225 0.3778 0.3775
0.125 0.37533 0.375
0.1275 0.372862 0.3725
0.13 0.370397 0.37
0.1325 0.367934 0.3675
0.135 0.365474 0.365
0.1375 0.363017 0.3625
0.14 0.360562 0.36
0.1425 0.358111 0.3575
0.145 0.355663 0.355
0.1475 0.353218 0.3525
0.15 0.350777 0.35
0.1525 0.348339 0.3475
0.155 0.345906 0.345
0.1575 0.343476 0.3425
0.16 0.34105 0.34
0.1625 0.338628 0.3375
0.165 0.336211 0.335
0.1675 0.333798 0.3325
0.17 0.331391 0.33
0.1725 0.328988 0.3275
0.175 0.32659 0.325
0.1775 0.324197 0.3225
0.18 0.32181 0.32
0.1825 0.319428 0.3175
0.185 0.317053 0.315
0.1875 0.314683 0.3125
0.19 0.31232 0.31
0.1925 0.309962 0.3075
0.195 0.307612 0.305
0.1975 0.305268 0.3025
0.2 0.302931 0.3
0.2025 0.300602 0.2975
0.205 0.298279 0.295
0.2075 0.295965 0.2925
0.21 0.293658 0.29
0.2125 0.291359 0.2875
0.215 0.289068 0.285
0.2175 0.286786 0.2825
0.22 0.284512 0.28
0.2225 0.282247 0.2775
0.225 0.279991 0.275
0.2275 0.277745 0.2725
0.23 0.275508 0.27
0.2325 0.27328 0.2675
0.235 0.271063 0.265
0.2375 0.268856 0.2625
0.24 0.266659 0.26
0.2425 0.264473 0.2575
0.245 0.262298 0.255
0.2475 0.260133 0.2525
0.25 0.25798 0.25
0.2525 0.255839 0.2475
0.255 0.253709 0.245
0.2575 0.251592 0.2425
0.26 0.249486 0.24
0.2625 0.247393 0.2375
0.265 0.245313 0.235
0.2675 0.243246 0.2325
0.27 0.241192 0.23
0.2725 0.239151 0.2275
0.275 0.237124 0.225
0.2775 0.23511 0.2225
0.28 0.233111 0.22
0.2825 0.231126 0.2175
0.285 0.229156 0.215
0.2875 0.227201 0.2125
0.29 0.22526 0.21
0.2925 0.223335 0.2075
0.295 0.221426 0.205
0.2975 0.219532 0.2025
0.3 0.217654 0.2
0.3025 0.215792 0.1975
0.305 0.213947 0.195
0.3075 0.212118 0.1925
0.31 0.210307 0.19
0.3125 0.208512 0.1875
0.315 0.206735 0.185
0.3175 0.204975 0.1825
0.32 0.203234 0.18
0.3225 0.20151 0.1775
0.325 0.199804 0.175
0.3275 0.198117 0.1725
0.33 0.196449 0.17
0.3325 0.194799 0.1675
0.335 0.193169 0.165
0.3375 0.191558 0.1625
0.34 0.189967 0.16
0.3425 0.188395 0.1575
0.345 0.186844 0.155
0.3475 0.185312 0.1525
0.35 0.183801 0.15
0.3525 0.182311 0.1475
0.355 0.180841 0.145
0.3575 0.179392 0.1425
0.36 0.177965 0.14
0.3625 0.176559 0.1375
0.365 0.175175 0.135
0.3675 0.173812 0.1325
0.37 0.172471 0.13
0.3725 0.171153 0.1275
0.375 0.169857 0.125
0.3775 0.168583 0.1225
0.38 0.167332 0.12
0.3825 0.166104 0.1175
0.385 0.164899 0.115
0.3875 0.163718 0.1125
0.39 0.162559 0.11
0.3925 0.161424 0.1075
0.395 0.160313 0.105
0.3975 0.159226 0.1025
0.4 0.158163 0.1
0.4025 0.157124 0.0975
0.405 0.15611 0.095
0.4075 0.15512 0.0925
0.41 0.154154 0.09
0.4125 0.153213 0.0875
0.415 0.152298 0.085
0.4175 0.151407 0.0825
0.42 0.150541 0.08
0.4225 0.149701 0.0775
0.425 0.148886 0.075
0.4275 0.148097 0.0725
0.43 0.147333 0.07
0.4325 0.146595 0.0675
0.435 0.145883 0.065
0.4375 0.145197 0.0625
0.44 0.144537 0.06
0.4425 0.143904 0.0575
0.445 0.143296 0.055
0.4475 0.142715 0.0525
0.45 0.14216 0.05
0.4525 0.141632 0.0475
0.455 0.141131 0.045
0.4575 0.140656 0.0425
0.46 0.140208 0.04
0.4625 0.139786 0.0375
0.465 0.139392 0.035
0.4675 0.139024 0.0325
0.47 0.138684 0.03
0.4725 0.138371 0.0275
0.475 0.138084 0.025
0.4775 0.137825 0.0225
0.48 0.137593 0.02
0.4825 0.137388 0.0175
0.485 0.137211 0.015
0.4875 0.13706 0.0125
0.49 0.136937 0.01
0.4925 0.136842 0.0075
0.495 0.136773 0.005
0.4975 0.136732 0.0025
0.5 0.136719 0
0.5025 0.136732 0.0025
0.505 0.136773 0.005
0.5075 0.136842 0.0075
0.51 0.136937 0.01
0.5125 0.13706 0.0125
0.515 0.137211 0.015
0.5175 0.137388 0.0175
0.52 0.137593 0.02
0.5225 0.137825 0.0225
0.525 0.138084 0.025
0.5275 0.138371 0.0275
0.53 0.138684 0.03
0.5325 0.139024 0.0325
0.535 0.139392 0.035
0.5375 0.139786 0.0375
0.54 0.140208 0.04
0.5425 0.140656 0.0425
0.545 0.141131 0.045
0.5475 0.141632 0.0475
0.55 0.14216 0.05
0.5525 0.142715 0.0525
0.555 0.143296 0.055
0.5575 0.143904 0.0575
0.56 0.144537 0.06
0.5625 0.145197 0.0625
0.565 0.145883 0.065
0.5675 0.146595 0.0675
0.57 0.147333 0.07
0.5725 0.148097 0.0725
0.575 0.148886 0.075
0.5775 0.149701 0.0775
0.58 0.150541 0.08
0.5825 0.151407 0.0825
0.585 0.152298 0.085
0.5875 0.153213 0.0875
0.59 0.154154 0.09
0.5925 0.15512 0.0925
0.595 0.15611 0.095
0.5975 0.157124 0.0975
0.6 0.158163 0.1
0.6025 0.159226 0.1025
0.605 0.160313 0.105
0.6075 0.161424 0.1075
0.61 0.162559 0.11
0.6125 0.163718 0.1125
0.615 0.164899 0.115
0.6175 0.166104 0.1175
0.62 0.167332 0.12
0.6225 0.168583 0.1225
0.625 0.169857 0.125
0.6275 0.171153 0.1275
0.63 0.172471 0.13
0.6325 0.173812 0.1325
0.635 0.175175 0.135
0.6375 0.176559 0.1375
0.64 0.177965 0.14
0.6425 0.179392 0.1425
0.645 0.180841 0.145
0.6475 0.182311 0.1475
0.65 0.183801 0.15
0.6525 0.185312 0.1525
0.655 0.186844 0.155
0.6575 0.188395 0.1575
0.66 0.189967 0.16
0.6625 0.191558 0.1625
0.665 0.193169 0.165
0.6675 0.194799 0.1675
0.67 0.196449 0.17
0.6725 0.198117 0.1725
0.675 0.199804 0.175
0.6775 0.20151 0.1775
0.68 0.203234 0.18
0.6825 0.204975 0.1825
0.685 0.206735 0.185
0.6875 0.208512 0.1875
0.69 0.210307 0.19
0.6925 0.212118 0.1925
0.695 0.213947 0.195
0.6975 0.215792 0.1975
0.7 0.217654 0.2
0.7025 0.219532 0.2025
0.705 0.221426 0.205
0.7075 0.223335 0.2075
0.71 0.22526 0.21
0.7125 0.227201 0.2125
0.715 0.229156 0.215
0.7175 0.231126 0.2175
0.72 0.233111 0.22
0.7225 0.23511 0.2225
0.725 0.237124 0.225
0.7275 0.239151 0.2275
0.73 0.241192 0.23
0.7325 0.243246 0.2325
0.735 0.245313 0.235
0.7375 0.247393 0.2375
0.74 0.249486 0.24
0.7425 0.251592 0.2425
0.745 0.253709 0.245
0.7475 0.255839 0.2475
0.75 0.25798 0.25
0.7525 0.260133 0.2525
0.755 0.262298 0.255
0.7575 0.264473 0.2575
0.76 0.266659 0.26
0.7625 0.268856 0.2625
0.765 0.271063 0.265
0.7675 0.27328 0.2675
0.77 0.275508 0.27
0.7725 0.277745 0.2725
0.775 0.279991 0.275
0.7775 0.282247 0.2775
0.78 0.284512 0.28
0.7825 0.286786 0.2825
0.785 0.289068 0.285
0.7875 0.291359 0.2875
0.79 0.293658 0.29
0.7925 0.295965 0.2925
0.795 0.298279 0.295
0.7975 0.300602 0.2975
0.8 0.302931 0.3
0.8025 0.305268 0.3025
0.805 0.307612 0.305
0.8075 0.309962 0.3075
0.81 0.31232 0.31
0.8125 0.314683 0.3125
0.815 0.317053 0.315
0.8175 0.319428 0.3175
0.82 0.32181 0.32
0.8225 0.324197 0.3225
0.825 0.32659 0.325
0.8275 0.328988 0.3275
0.83 0.331391 0.33
0.8325 0.333798 0.3325
0.835 0.336211 0.335
0.8375 0.338628 0.3375
0.84 0.34105 0.34
0.8425 0.343476 0.3425
0.845 0.345906 0.345
0.8475 0.348339 0.3475
0.85 0.350777 0.35
0.8525 0.353218 0.3525
0.855 0.355663 0.355
0.8575 0.358111 0.3575
0.86 0.360562 0.36
0.8625 0.363017 0.3625
0.865 0.365474 0.365
0.8675 0.367934 0.3675
0.87 0.370397 0.37
0.8725 0.372862 0.3725
0.875 0.37533 0.375
0.8775 0.3778 0.3775
0.88 0.380272 0.38
0.8825 0.382746 0.3825
0.885 0.385222 0.385
0.8875 0.3877 0.3875
0.89 0.39018 0.39
0.8925 0.392661 0.3925
0.895 0.395144 0.395
0.8975 0.397628 0.3975
0.9 0.400114 0.4
0.9025 0.402601 0.4025
0.905 0.405089 0.405
0.9075 0.407578 0.4075
0.91 0.410069 0.41
0.9125 0.41256 0.4125
0.915 0.415052 0.415
0.9175 0.417545 0.4175
0.92 0.420039 0.42
0.9225 0.422533 0.4225
0.925 0.425029 0.425
0.9275 0.427524 0.4275
0.93 0.43002 0.43
0.9325 0.432517 0.4325
0.935 0.435014 0.435
0.9375 0.437512 0.4375
0.94 0.44001 0.44
0.9425 0.442508 0.4425
0.945 0.445006 0.445
0.9475 0.447505 0.4475
0.95 0.450004 0.45
0.9525 0.452503 0.4525
0.955 0.455002 0.455
0.9575 0.457502 0.4575
0.96 0.460001 0.46
0.9625 0.462501 0.4625
0.965 0.465001 0.465
0.9675 0.4675 0.4675
0.97 0.47 0.47
0.9725 0.4725 0.4725
0.975 0.475 0.475
0.9775 0.4775 0.4775
0.98 0.48 0.48
0.9825 0.4825 0.4825
0.985 0.485 0.485
0.9875 0.4875 0.4875
0.99 0.49 0.49
0.9925 0.4925 0.4925
0.995 0.495 0.495
0.9975 0.4975 0.4975
1 0.5 0.5
