x B f
0 0.5 0.5
0.0025 0.4975 0.4975
0.005 0.495 0.495
0.0075 0.4925 0.4925
0.01 0.49 0.49
0.0125 0.4875 0.4875
0.015 0.485 0.485
0.0175 0.4825 0.4825
0.02 0.48 0.48
0.0225 0.4775 0.4775
0.025 0.475 0.475
0.0275 0.4725 0.4725
0.03 0.47 0.47
0.0325 0.4675 0.4675
0.035 0.465 0.465
0.0375 0.4625 0.4625
0.04 0.46 0.46
0.0425 0.4575 0.4575
0.045 0.455 0.455
0.0475 0.4525 0.4525
0.05 0.45 0.45
0.0525 0.4475 0.4475
0.055 0.445 0.445
0.0575 0.4425 0.4425
0.06 0.44 0.44
0.0625 0.4375 0.4375
0.065 0.435 0.435
0.0675 0.4325 0.4325
0.07 0.43 0.43
0.0725 0.4275 0.4275
0.075 0.425 0.425
0.0775 0.4225 0.4225
0.08 0.42 0.42
0.0825 0.4175 0.4175
0.085 0.415 0.415
0.0875 0.4125 0.4125
0.09 0.41 0.41
0.0925 0.4075 0.4075
0.095 0.405 0.405
0.0975 0.4025 0.4025
0.1 0.4 0.4
0.1025 0.3975 0.3975
0.105 0.395 0.395
0.1075 0.3925 0.3925
0.11 0.39 0.39
0.1125 0.3875 0.3875
0.115 0.385 0.385
0.1175 0.3825 0.3825
0.12 0.38 0.38
0.1225 0.3775 0.3775
0.125 0.375 0.375
0.1275 0.3725 0.3725
0.13 0.37 0.37
0.1325 0.3675 0.3675
0.135 0.365 0.365
0.1375 0.3625 0.3625
0.14 0.36 0.36
0.1425 0.3575 0.3575
0.145 0.355 0.355
0.1475 0.3525 0.3525
0.15 0.35 0.35
0.1525 0.3475 0.3475
0.155 0.345 0.345
0.1575 0.3425 0.3425
0.16 0.34 0.34
0.1625 0.3375 0.3375
0.165 0.335 0.335
0.1675 0.3325 0.3325
0.17 0.33 0.33
0.1725 0.3275 0.3275
0.175 0.325 0.325
0.1775 0.3225 0.3225
0.18 0.320001 0.32
0.1825 0.317501 0.3175
0.185 0.315001 0.315
0.1875 0.312501 0.3125
0.19 0.310001 0.31
0.1925 0.307501 0.3075
0.195 0.305002 0.305
0.1975 0.302502 0.3025
0.2 0.300003 0.3
0.2025 0.297503 0.2975
0.205 0.295004 0.295
0.2075 0.292504 0.2925
0.21 0.290005 0.29
0.2125 0.287506 0.2875
0.215 0.285007 0.285
0.2175 0.282508 0.2825
0.22 0.280009 0.28
0.2225 0.277511 0.2775
0.225 0.275013 0.275
0.2275 0.272515 0.2725
0.23 0.270017 0.27
0.2325 0.26752 0.2675
0.235 0.265023 0.265
0.2375 0.262526 0.2625
0.24 0.26003 0.26
0.2425 0.257534 0.2575
0.245 0.255039 0.255
0.2475 0.252544 0.2525
0.25 0.250051 0.25
0.2525 0.247557 0.2475
0.255 0.245065 0.245
0.2575 0.242574 0.2425
0.26 0.240083 0.24
0.2625 0.237594 0.2375
0.265 0.235106 0.235
0.2675 0.232619 0.2325
0.27 0.230134 0.23
0.2725 0.22765 0.2275
0.275 0.225168 0.225
0.2775 0.222688 0.2225
0.28 0.22021 0.22
0.2825 0.217734 0.2175
0.285 0.215261 0.215
0.2875 0.21279 0.2125
0.29 0.210322 0.21
0.2925 0.207857 0.2075
0.295 0.205396 0.205
0.2975 0.202938 0.2025
0.3 0.200483 0.2
0.3025 0.198033 0.1975
0.305 0.195587 0.195
0.3075 0.193146 0.1925
0.31 0.19071 0.19
0.3125 0.188279 0.1875
0.315 0.185855 0.185
0.3175 0.183436 0.1825
0.32 0.181024 0.18
0.3225 0.178619 0.1775
0.325 0.176221 0.175
0.3275 0.173831 0.1725
0.33 0.171449 0.17
0.3325 0.169077 0.1675
0.335 0.166713 0.165
0.3375 0.16436 0.1625
0.34 0.162017 0.16
0.3425 0.159686 0.1575
0.345 0.157365 0.155
0.3475 0.155058 0.1525
0.35 0.152763 0.15
0.3525 0.150482 0.1475
0.355 0.148215 0.145
0.3575 0.145963 0.1425
0.36 0.143726 0.14
0.3625 0.141507 0.1375
0.365 0.139304 0.135
0.3675 0.13712 0.1325
0.37 0.134954 0.13
0.3725 0.132807 0.1275
0.375 0.130682 0.125
0.3775 0.128577 0.1225
0.38 0.126495 0.12
0.3825 0.124435 0.1175
0.385 0.1224 0.115
0.3875 0.120389 0.1125
0.39 0.118404 0.11
0.3925 0.116445 0.1075
0.395 0.114514 0.105
0.3975 0.112612 0.1025
0.4 0.110739 0.1
0.4025 0.108896 0.0975
0.405 0.107085 0.095
0.4075 0.105305 0.0925
0.41 0.103559 0.09
0.4125 0.101848 0.0875
0.415 0.100171 0.085
0.4175 0.0985301 0.0825
0.42 0.0969264 0.08
0.4225 0.0953606 0.0775
0.425 0.0938338 0.075
0.4275 0.0923467 0.0725
0.43 0.0909003 0.07
0.4325 0.0894955 0.0675
0.435 0.0881332 0.065
0.4375 0.0868142 0.0625
0.44 0.0855394 0.06
0.4425 0.0843097 0.0575
0.445 0.0831258 0.055
0.4475 0.0819886 0.0525
0.45 0.0808987 0.05
0.4525 0.079857 0.0475
0.455 0.0788642 0.045
0.4575 0.0779209 0.0425
0.46 0.0770278 0.04
0.4625 0.0761855 0.0375
0.465 0.0753947 0.035
0.4675 0.0746559 0.0325
0.47 0.0739696 0.03
0.4725 0.0733364 0.0275
0.475 0.0727566 0.025
0.4775 0.0722307 0.0225
0.48 0.0717592 0.02
0.4825 0.0713423 0.0175
0.485 0.0709803 0.015
0.4875 0.0706736 0.0125
0.49 0.0704224 0.01
0.4925 0.0702267 0.0075
0.495 0.0700869 0.005
0.4975 0.070003 0.0025
0.5 0.069975 0
0.5025 0.070003 0.0025
0.505 0.0700869 0.005
0.5075 0.0702267 0.0075
0.51 0.0704224 0.01
0.5125 0.0706736 0.0125
0.515 0.0709803 0.015
0.5175 0.0713423 0.0175
0.52 0.0717592 0.02
0.5225 0.0722307 0.0225
0.525 0.0727566 0.025
0.5275 0.0733364 0.0275
0.53 0.0739696 0.03
0.5325 0.0746559 0.0325
0.535 0.0753947 0.035
0.5375 0.0761855 0.0375
0.54 0.0770278 0.04
0.5425 0.0779209 0.0425
0.545 0.0788642 0.045
0.5475 0.079857 0.0475
0.55 0.0808987 0.05
0.5525 0.0819886 0.0525
0.555 0.0831258 0.055
0.5575 0.0843097 0.0575
0.56 0.0855394 0.06
0.5625 0.0868142 0.0625
0.565 0.0881332 0.065
0.5675 0.0894955 0.0675
0.57 0.0909003 0.07
0.5725 0.0923467 0.0725
0.575 0.0938338 0.075
0.5775 0.0953606 0.0775
0.58 0.0969264 0.08
0.5825 0.0985301 0.0825
0.585 0.100171 0.085
0.5875 0.101848 0.0875
0.59 0.103559 0.09
0.5925 0.105305 0.0925
0.595 0.107085 0.095
0.5975 0.108896 0.0975
0.6 0.110739 0.1
0.6025 0.112612 0.1025
0.605 0.114514 0.105
0.6075 0.116445 0.1075
0.61 0.118404 0.11
0.6125 0.120389 0.1125
0.615 0.1224 0.115
0.6175 0.124435 0.1175
0.62 0.126495 0.12
0.6225 0.128577 0.1225
0.625 0.130682 0.125
0.6275 0.132807 0.1275
0.63 0.134954 0.13
0.6325 0.13712 0.1325
0.635 0.139304 0.135
0.6375 0.141507 0.1375
0.64 0.143726 0.14
0.6425 0.145963 0.1425
0.645 0.148215 0.145
0.6475 0.150482 0.1475
0.65 0.152763 0.15
0.6525 0.155058 0.1525
0.655 0.157365 0.155
0.6575 0.159686 0.1575
0.66 0.162017 0.16
0.6625 0.16436 0.1625
0.665 0.166713 0.165
0.6675 0.169077 0.1675
0.67 0.171449 0.17
0.6725 0.173831 0.1725
0.675 0.176221 0.175
0.6775 0.178619 0.1775
0.68 0.181024 0.18
0.6825 0.183436 0.1825
0.685 0.185855 0.185
0.6875 0.188279 0.1875
0.69 0.19071 0.19
0.6925 0.193146 0.1925
0.695 0.195587 0.195
0.6975 0.198033 0.1975
0.7 0.200483 0.2
0.7025 0.202938 0.2025
0.705 0.205396 0.205
0.7075 0.207857 0.2075
0.71 0.210322 0.21
0.7125 0.21279 0.2125
0.715 0.215261 0.215
0.7175 0.217734 0.2175
0.72 0.22021 0.22
0.7225 0.222688 0.2225
0.725 0.225168 0.225
0.7275 0.22765 0.2275
0.73 0.230134 0.23
0.7325 0.232619 0.2325
0.735 0.235106 0.235
0.7375 0.237594 0.2375
0.74 0.240083 0.24
0.7425 0.242574 0.2425
0.745 0.245065 0.245
0.7475 0.247557 0.2475
0.75 0.250051 0.25
0.7525 0.252544 0.2525
0.755 0.255039 0.255
0.7575 0.257534 0.2575
0.76 0.26003 0.26
0.7625 0.262526 0.2625
0.765 0.265023 0.265
0.7675 0.26752 0.2675
0.77 0.270017 0.27
0.7725 0.272515 0.2725
0.775 0.275013 0.275
0.7775 0.277511 0.2775
0.78 0.280009 0.28
0.7825 0.282508 0.2825
0.785 0.285007 0.285
0.7875 0.287506 0.2875
0.79 0.290005 0.29
0.7925 0.292504 0.2925
0.795 0.295004 0.295
0.7975 0.297503 0.2975
0.8 0.300003 0.3
0.8025 0.302502 0.3025
0.805 0.305002 0.305
0.8075 0.307501 0.3075
0.81 0.310001 0.31
0.8125 0.312501 0.3125
0.815 0.315001 0.315
0.8175 0.317501 0.3175
0.82 0.320001 0.32
0.8225 0.3225 0.3225
0.825 0.325 0.325
0.8275 0.3275 0.3275
0.83 0.33 0.33
0.8325 0.3325 0.3325
0.835 0.335 0.335
0.8375 0.3375 0.3375
0.84 0.34 0.34
0.8425 0.3425 0.3425
0.845 0.345 0.345
0.8475 0.3475 0.3475
0.85 0.35 0.35
0.8525 0.3525 0.3525
0.855 0.355 0.355
0.8575 0.3575 0.3575
0.86 0.36 0.36
0.8625 0.3625 0.3625
0.865 0.365 0.365
0.8675 0.3675 0.3675
0.87 0.37 0.37
0.8725 0.3725 0.3725
0.875 0.375 0.375
0.8775 0.3775 0.3775
0.88 0.38 0.38
0.8825 0.3825 0.3825
0.885 0.385 0.385
0.8875 0.3875 0.3875
0.89 0.39 0.39
0.8925 0.3925 0.3925
0.895 0.395 0.395
0.8975 0.3975 0.3975
0.9 0.4 0.4
0.9025 0.4025 0.4025
0.905 0.405 0.405
0.9075 0.4075 0.4075
0.91 0.41 0.41
0.9125 0.4125 0.4125
0.915 0.415 0.415
0.9175 0.4175 0.4175
0.92 0.42 0.42
0.9225 0.4225 0.4225
0.925 0.425 0.425
0.9275 0.4275 0.4275
0.93 0.43 0.43
0.9325 0.4325 0.4325
0.935 0.435 0.435
0.9375 0.4375 0.4375
0.94 0.44 0.44
0.9425 0.4425 0.4425
0.945 0.445 0.445
0.9475 0.4475 0.4475
0.95 0.45 0.45
0.9525 0.4525 0.4525
0.955 0.455 0.455
0.9575 0.4575 0.4575
0.96 0.46 0.46
0.9625 0.4625 0.4625
0.965 0.465 0.465
0.9675 0.4675 0.4675
0.97 0.47 0.47
0.9725 0.4725 0.4725
0.975 0.475 0.475
0.9775 0.4775 0.4775
0.98 0.48 0.48
0.9825 0.4825 0.4825
0.985 0.485 0.485
0.9875 0.4875 0.4875
0.99 0.49 0.49
0.9925 0.4925 0.4925
0.995 0.495 0.495
0.9975 0.4975 0.4975
1 0.5 0.5
