x B f
0 0.5 0.5
0.0025 0.497506 0.4975
0.005 0.495025 0.495
0.0075 0.492556 0.4925
0.01 0.4901 0.49
0.0125 0.487656 0.4875
0.015 0.485225 0.485
0.0175 0.482806 0.4825
0.02 0.4804 0.48
0.0225 0.478006 0.4775
0.025 0.475625 0.475
0.0275 0.473256 0.4725
0.03 0.4709 0.47
0.0325 0.468556 0.4675
0.035 0.466225 0.465
0.0375 0.463906 0.4625
0.04 0.4616 0.46
0.0425 0.459306 0.4575
0.045 0.457025 0.455
0.0475 0.454756 0.4525
0.05 0.4525 0.45
0.0525 0.450256 0.4475
0.055 0.448025 0.445
0.0575 0.445806 0.4425
0.06 0.4436 0.44
0.0625 0.441406 0.4375
0.065 0.439225 0.435
0.0675 0.437056 0.4325
0.07 0.4349 0.43
0.0725 0.432756 0.4275
0.075 0.430625 0.425
0.0775 0.428506 0.4225
0.08 0.4264 0.42
0.0825 0.424306 0.4175
0.085 0.422225 0.415
0.0875 0.420156 0.4125
0.09 0.4181 0.41
0.0925 0.416056 0.4075
0.095 0.414025 0.405
0.0975 0.412006 0.4025
0.1 0.41 0.4
0.1025 0.408006 0.3975
0.105 0.406025 0.395
0.1075 0.404056 0.3925
0.11 0.4021 0.39
0.1125 0.400156 0.3875
0.115 0.398225 0.385
0.1175 0.396306 0.3825
0.12 0.3944 0.38
0.1225 0.392506 0.3775
0.125 0.390625 0.375
0.1275 0.388756 0.3725
0.13 0.3869 0.37
0.1325 0.385056 0.3675
0.135 0.383225 0.365
0.1375 0.381406 0.3625
0.14 0.3796 0.36
0.1425 0.377806 0.3575
0.145 0.376025 0.355
0.1475 0.374256 0.3525
0.15 0.3725 0.35
0.1525 0.370756 0.3475
0.155 0.369025 0.345
0.1575 0.367306 0.3425
0.16 0.3656 0.34
0.1625 0.363906 0.3375
0.165 0.362225 0.335
0.1675 0.360556 0.3325
0.17 0.3589 0.33
0.1725 0.357256 0.3275
0.175 0.355625 0.325
0.1775 0.354006 0.3225
0.18 0.3524 0.32
0.1825 0.350806 0.3175
0.185 0.349225 0.315
0.1875 0.347656 0.3125
0.19 0.3461 0.31
0.1925 0.344556 0.3075
0.195 0.343025 0.305
0.1975 0.341506 0.3025
0.2 0.34 0.3
0.2025 0.338506 0.2975
0.205 0.337025 0.295
0.2075 0.335556 0.2925
0.21 0.3341 0.29
0.2125 0.332656 0.2875
0.215 0.331225 0.285
0.2175 0.329806 0.2825
0.22 0.3284 0.28
0.2225 0.327006 0.2775
0.225 0.325625 0.275
0.2275 0.324256 0.2725
0.23 0.3229 0.27
0.2325 0.321556 0.2675
0.235 0.320225 0.265
0.2375 0.318906 0.2625
0.24 0.3176 0.26
0.2425 0.316306 0.2575
0.245 0.315025 0.255
0.2475 0.313756 0.2525
0.25 0.3125 0.25
0.2525 0.311256 0.2475
0.255 0.310025 0.245
0.2575 0.308806 0.2425
0.26 0.3076 0.24
0.2625 0.306406 0.2375
0.265 0.305225 0.235
0.2675 0.304056 0.2325
0.27 0.3029 0.23
0.2725 0.301756 0.2275
0.275 0.300625 0.225
0.2775 0.299506 0.2225
0.28 0.2984 0.22
0.2825 0.297306 0.2175
0.285 0.296225 0.215
0.2875 0.295156 0.2125
0.29 0.2941 0.21
0.2925 0.293056 0.2075
0.295 0.292025 0.205
0.2975 0.291006 0.2025
0.3 0.29 0.2
0.3025 0.289006 0.1975
0.305 0.288025 0.195
0.3075 0.287056 0.1925
0.31 0.2861 0.19
0.3125 0.285156 0.1875
0.315 0.284225 0.185
0.3175 0.283306 0.1825
0.32 0.2824 0.18
0.3225 0.281506 0.1775
0.325 0.280625 0.175
0.3275 0.279756 0.1725
0.33 0.2789 0.17
0.3325 0.278056 0.1675
0.335 0.277225 0.165
0.3375 0.276406 0.1625
0.34 0.2756 0.16
0.3425 0.274806 0.1575
0.345 0.274025 0.155
0.3475 0.273256 0.1525
0.35 0.2725 0.15
0.3525 0.271756 0.1475
0.355 0.271025 0.145
0.3575 0.270306 0.1425
0.36 0.2696 0.14
0.3625 0.268906 0.1375
0.365 0.268225 0.135
0.3675 0.267556 0.1325
0.37 0.2669 0.13
0.3725 0.266256 0.1275
0.375 0.265625 0.125
0.3775 0.265006 0.1225
0.38 0.2644 0.12
0.3825 0.263806 0.1175
0.385 0.263225 0.115
0.3875 0.262656 0.1125
0.39 0.2621 0.11
0.3925 0.261556 0.1075
0.395 0.261025 0.105
0.3975 0.260506 0.1025
0.4 0.26 0.1
0.4025 0.259506 0.0975
0.405 0.259025 0.095
0.4075 0.258556 0.0925
0.41 0.2581 0.09
0.4125 0.257656 0.0875
0.415 0.257225 0.085
0.4175 0.256806 0.0825
0.42 0.2564 0.08
0.4225 0.256006 0.0775
0.425 0.255625 0.075
0.4275 0.255256 0.0725
0.43 0.2549 0.07
0.4325 0.254556 0.0675
0.435 0.254225 0.065
0.4375 0.253906 0.0625
0.44 0.2536 0.06
0.4425 0.253306 0.0575
0.445 0.253025 0.055
0.4475 0.252756 0.0525
0.45 0.2525 0.05
0.4525 0.252256 0.0475
0.455 0.252025 0.045
0.4575 0.251806 0.0425
0.46 0.2516 0.04
0.4625 0.251406 0.0375
0.465 0.251225 0.035
0.4675 0.251056 0.0325
0.47 0.2509 0.03
0.4725 0.250756 0.0275
0.475 0.250625 0.025
0.4775 0.250506 0.0225
0.48 0.2504 0.02
0.4825 0.250306 0.0175
0.485 0.250225 0.015
0.4875 0.250156 0.0125
0.49 0.2501 0.01
0.4925 0.250056 0.0075
0.495 0.250025 0.005
0.4975 0.250006 0.0025
0.5 0.25 0
0.5025 0.250006 0.0025
0.505 0.250025 0.005
0.5075 0.250056 0.0075
0.51 0.2501 0.01
0.5125 0.250156 0.0125
0.515 0.250225 0.015
0.5175 0.250306 0.0175
0.52 0.2504 0.02
0.5225 0.250506 0.0225
0.525 0.250625 0.025
0.5275 0.250756 0.0275
0.53 0.2509 0.03
0.5325 0.251056 0.0325
0.535 0.251225 0.035
0.5375 0.251406 0.0375
0.54 0.2516 0.04
0.5425 0.251806 0.0425
0.545 0.252025 0.045
0.5475 0.252256 0.0475
0.55 0.2525 0.05
0.5525 0.252756 0.0525
0.555 0.253025 0.055
0.5575 0.253306 0.0575
0.56 0.2536 0.06
0.5625 0.253906 0.0625
0.565 0.254225 0.065
0.5675 0.254556 0.0675
0.57 0.2549 0.07
0.5725 0.255256 0.0725
0.575 0.255625 0.075
0.5775 0.256006 0.0775
0.58 0.2564 0.08
0.5825 0.256806 0.0825
0.585 0.257225 0.085
0.5875 0.257656 0.0875
0.59 0.2581 0.09
0.5925 0.258556 0.0925
0.595 0.259025 0.095
0.5975 0.259506 0.0975
0.6 0.26 0.1
0.6025 0.260506 0.1025
0.605 0.261025 0.105
0.6075 0.261556 0.1075
0.61 0.2621 0.11
0.6125 0.262656 0.1125
0.615 0.263225 0.115
0.6175 0.263806 0.1175
0.62 0.2644 0.12
0.6225 0.265006 0.1225
0.625 0.265625 0.125
0.6275 0.266256 0.1275
0.63 0.2669 0.13
0.6325 0.267556 0.1325
0.635 0.268225 0.135
0.6375 0.268906 0.1375
0.64 0.2696 0.14
0.6425 0.270306 0.1425
0.645 0.271025 0.145
0.6475 0.271756 0.1475
0.65 0.2725 0.15
0.6525 0.273256 0.1525
0.655 0.274025 0.155
0.6575 0.274806 0.1575
0.66 0.2756 0.16
0.6625 0.276406 0.1625
0.665 0.277225 0.165
0.6675 0.278056 0.1675
0.67 0.2789 0.17
0.6725 0.279756 0.1725
0.675 0.280625 0.175
0.6775 0.281506 0.1775
0.68 0.2824 0.18
0.6825 0.283306 0.1825
0.685 0.284225 0.185
0.6875 0.285156 0.1875
0.69 0.2861 0.19
0.6925 0.287056 0.1925
0.695 0.288025 0.195
0.6975 0.289006 0.1975
0.7 0.29 0.2
0.7025 0.291006 0.2025
0.705 0.292025 0.205
0.7075 0.293056 0.2075
0.71 0.2941 0.21
0.7125 0.295156 0.2125
0.715 0.296225 0.215
0.7175 0.297306 0.2175
0.72 0.2984 0.22
0.7225 0.299506 0.2225
0.725 0.300625 0.225
0.7275 0.301756 0.2275
0.73 0.3029 0.23
0.7325 0.304056 0.2325
0.735 0.305225 0.235
0.7375 0.306406 0.2375
0.74 0.3076 0.24
0.7425 0.308806 0.2425
0.745 0.310025 0.245
0.7475 0.311256 0.2475
0.75 0.3125 0.25
0.7525 0.313756 0.2525
0.755 0.315025 0.255
0.7575 0.316306 0.2575
0.76 0.3176 0.26
0.7625 0.318906 0.2625
0.765 0.320225 0.265
0.7675 0.321556 0.2675
0.77 0.3229 0.27
0.7725 0.324256 0.2725
0.775 0.325625 0.275
0.7775 0.327006 0.2775
0.78 0.3284 0.28
0.7825 0.329806 0.2825
0.785 0.331225 0.285
0.7875 0.332656 0.2875
0.79 0.3341 0.29
0.7925 0.335556 0.2925
0.795 0.337025 0.295
0.7975 0.338506 0.2975
0.8 0.34 0.3
0.8025 0.341506 0.3025
0.805 0.343025 0.305
0.8075 0.344556 0.3075
0.81 0.3461 0.31
0.8125 0.347656 0.3125
0.815 0.349225 0.315
0.8175 0.350806 0.3175
0.82 0.3524 0.32
0.8225 0.354006 0.3225
0.825 0.355625 0.325
0.8275 0.357256 0.3275
0.83 0.3589 0.33
0.8325 0.360556 0.3325
0.835 0.362225 0.335
0.8375 0.363906 0.3375
0.84 0.3656 0.34
0.8425 0.367306 0.3425
0.845 0.369025 0.345
0.8475 0.370756 0.3475
0.85 0.3725 0.35
0.8525 0.374256 0.3525
0.855 0.376025 0.355
0.8575 0.377806 0.3575
0.86 0.3796 0.36
0.8625 0.381406 0.3625
0.865 0.383225 0.365
0.8675 0.385056 0.3675
0.87 0.3869 0.37
0.8725 0.388756 0.3725
0.875 0.390625 0.375
0.8775 0.392506 0.3775
0.88 0.3944 0.38
0.8825 0.396306 0.3825
0.885 0.398225 0.385
0.8875 0.400156 0.3875
0.89 0.4021 0.39
0.8925 0.404056 0.3925
0.895 0.406025 0.395
0.8975 0.408006 0.3975
0.9 0.41 0.4
0.9025 0.412006 0.4025
0.905 0.414025 0.405
0.9075 0.416056 0.4075
0.91 0.4181 0.41
0.9125 0.420156 0.4125
0.915 0.422225 0.415
0.9175 0.424306 0.4175
0.92 0.4264 0.42
0.9225 0.428506 0.4225
0.925 0.430625 0.425
0.9275 0.432756 0.4275
0.93 0.4349 0.43
0.9325 0.437056 0.4325
0.935 0.439225 0.435
0.9375 0.441406 0.4375
0.94 0.4436 0.44
0.9425 0.445806 0.4425
0.945 0.448025 0.445
0.9475 0.450256 0.4475
0.95 0.4525 0.45
0.9525 0.454756 0.4525
0.955 0.457025 0.455
0.9575 0.459306 0.4575
0.96 0.4616 0.46
0.9625 0.463906 0.4625
0.965 0.466225 0.465
0.9675 0.468556 0.4675
0.97 0.4709 0.47
0.9725 0.473256 0.4725
0.975 0.475625 0.475
0.9775 0.478006 0.4775
0.98 0.4804 0.48
0.9825 0.482806 0.4825
0.985 0.485225 0.485
0.9875 0.487656 0.4875
0.99 0.4901 0.49
0.9925 0.492556 0.4925
0.995 0.495025 0.495
0.9975 0.497506 0.4975
1 0.5 0.5
