x u B w0 w1 w2 w3 w4 w5 w6 w7 w8
0 0 0 0 0 0 0 0 0 0 0 0
0.0025 0.017278 0.0153982 0 0.0152065 0.000190856 8.16945e-07 1.62428e-09 2.06108e-12 2.08888e-15 1.01348e-18 1.1212e-37
0.005 0.0345514 0.030642 0 0.0298835 0.000752014 6.45407e-06 2.57289e-08 6.54599e-11 1.33019e-13 1.294e-16 2.87027e-35
0.0075 0.0518158 0.045731 0 0.0440427 0.00166668 2.15102e-05 1.28949e-07 4.93349e-10 1.50757e-12 2.20536e-15 7.35618e-34
0.01 0.0690665 0.0606652 0 0.057696 0.00291849 5.03482e-05 4.0345e-07 2.0633e-09 8.42787e-12 1.64799e-14 7.34788e-33
0.0125 0.086299 0.0754443 0 0.0708548 0.00449149 9.7101e-05 9.75074e-07 6.2491e-09 3.19876e-11 7.8384e-14 4.37968e-32
0.015 0.103509 0.0900681 0 0.0835303 0.00637012 0.000165677 2.00152e-06 1.5432e-08 9.50315e-11 2.80153e-13 1.88318e-31
0.0175 0.120691 0.104536 0 0.0957338 0.00853924 0.000259768 3.67055e-06 3.31012e-08 2.38419e-10 8.22089e-13 6.46348e-31
0.02 0.137842 0.118849 0 0.107476 0.0109841 0.00038285 6.19831e-06 6.40449e-08 5.28542e-10 2.08812e-12 1.88106e-30
0.0225 0.154956 0.133006 0 0.118768 0.0136903 0.000538195 9.82758e-06 1.1453e-07 1.06605e-09 4.75023e-12 4.82639e-30
0.025 0.17203 0.147008 0 0.12962 0.0166439 0.000728872 1.48261e-05 1.92473e-07 1.99571e-09 9.90615e-12 1.1212e-29
0.0275 0.189059 0.160853 0 0.140042 0.0198313 0.000957754 2.14852e-05 3.07602e-07 3.51741e-09 1.92548e-11 2.40339e-29
0.03 0.206037 0.174543 0 0.150045 0.0232392 0.00122753 3.01177e-05 4.71604e-07 5.89819e-09 3.53135e-11 4.82094e-29
0.0325 0.222962 0.188076 0 0.159639 0.0268547 0.00154068 4.10569e-05 6.98274e-07 9.48527e-09 6.16815e-11 9.14595e-29
0.035 0.239828 0.201454 0 0.168833 0.0306653 0.00189954 5.46551e-05 1.00364e-06 1.47201e-08 1.03353e-10 1.65465e-28
0.0375 0.256631 0.214676 0 0.177638 0.0346589 0.00230625 7.12816e-05 1.4061e-06 2.21532e-08 1.67086e-10 2.87351e-28
0.04 0.273367 0.227742 0 0.186062 0.0388235 0.00276277 9.13217e-05 1.9265e-06 3.24601e-08 2.61825e-10 4.81551e-28
0.0425 0.290032 0.240652 0 0.194115 0.0431477 0.00327091 0.000115176 2.58832e-06 4.64578e-08 3.99192e-10 7.8212e-28
0.045 0.30662 0.253406 0 0.201807 0.0476204 0.00383233 0.000143256 3.41766e-06 6.51222e-08 5.94034e-10 1.23556e-27
0.0475 0.323129 0.266005 0 0.209145 0.0522306 0.0044485 0.000175988 4.44344e-06 8.96064e-08 8.65048e-10 1.90419e-27
0.05 0.339552 0.278448 0 0.21614 0.0569678 0.00512078 0.000213808 5.69741e-06 1.21259e-07 1.23547e-09 2.87027e-27
0.0525 0.355888 0.290736 0 0.222799 0.0618218 0.00585035 0.00025716 7.21424e-06 1.61645e-07 1.73386e-09 4.24069e-27
0.055 0.37213 0.302868 0 0.229131 0.0667827 0.00663827 0.000306498 9.03161e-06 2.12563e-07 2.39492e-09 6.15267e-27
0.0575 0.388276 0.314846 0 0.235145 0.0718408 0.00748546 0.000362281 1.11902e-05 2.76069e-07 3.26044e-09 8.78021e-27
0.06 0.40432 0.326668 0 0.240849 0.076987 0.00839269 0.000424977 1.3734e-05 3.54495e-07 4.38033e-09 1.23416e-26
0.0625 0.42026 0.338336 0 0.246251 0.082212 0.00936062 0.000495056 1.67098e-05 4.50474e-07 5.81369e-09 1.71081e-26
0.065 0.43609 0.349849 0 0.251359 0.0875072 0.0103898 0.000572993 2.01678e-05 5.66958e-07 7.63001e-09 2.34136e-26
0.0675 0.451807 0.361209 0 0.25618 0.0928642 0.0114806 0.000659265 2.41614e-05 7.07242e-07 9.9105e-09 3.16659e-26
0.07 0.467408 0.372414 0 0.260722 0.0982746 0.0126333 0.000754351 2.87472e-05 8.74987e-07 1.27494e-08 4.23591e-26
0.0725 0.482887 0.383466 0 0.264993 0.103731 0.0138481 0.000858731 3.39851e-05 1.07424e-06 1.62555e-08 5.60875e-26
0.075 0.498242 0.394364 0 0.269 0.109225 0.0151252 0.000972884 3.99381e-05 1.30948e-06 2.05537e-08 7.35618e-26
0.0775 0.513469 0.40511 0 0.272751 0.114749 0.0164644 0.00109729 4.66728e-05 1.58559e-06 2.57869e-08 9.56259e-26
0.08 0.528563 0.415702 0 0.276251 0.120297 0.0178656 0.00123243 5.42587e-05 1.90793e-06 3.21172e-08 1.23277e-25
0.0825 0.543521 0.426143 0 0.279509 0.125861 0.0193286 0.00137876 6.27689e-05 2.28236e-06 3.97287e-08 1.57686e-25
0.085 0.55834 0.436431 0 0.282531 0.131435 0.0208531 0.00153677 7.22794e-05 2.71521e-06 4.88285e-08 2.00223e-25
0.0875 0.573016 0.446568 0 0.285323 0.137013 0.0224386 0.00170692 8.28696e-05 3.21338e-06 5.96499e-08 2.5248e-25
0.09 0.587546 0.456554 0 0.287893 0.142587 0.0240848 0.00188967 9.46222e-05 3.7843e-06 7.24535e-08 3.16302e-25
0.0925 0.601925 0.466388 0 0.290247 0.148153 0.0257909 0.00208546 0.000107623 4.436e-06 8.75304e-08 3.93818e-25
0.095 0.616152 0.476073 0 0.29239 0.153704 0.0275564 0.00229476 0.000121961 5.1771e-06 1.05204e-07 4.87473e-25
0.0975 0.630221 0.485608 0 0.29433 0.159236 0.0293804 0.00251801 0.000137728 6.01686e-06 1.25834e-07 6.00066e-25
0.1 0.644131 0.494993 0 0.296072 0.164741 0.0312623 0.00275562 0.000155019 6.96518e-06 1.49818e-07 7.34788e-25
0.1025 0.657878 0.504229 0 0.297622 0.170217 0.0332011 0.00300803 0.000173932 8.03266e-06 1.77591e-07 8.95268e-25
0.105 0.671458 0.513317 0 0.298985 0.175657 0.0351958 0.00327566 0.000194568 9.23059e-06 2.09637e-07 1.08562e-24
0.1075 0.684869 0.522257 0 0.300169 0.181056 0.0372456 0.0035589 0.000217032 1.0571e-05 2.46483e-07 1.31048e-24
0.11 0.698108 0.53105 0 0.301177 0.186412 0.0393492 0.00385816 0.000241429 1.20666e-05 2.88708e-07 1.57508e-24
0.1125 0.711172 0.539696 0 0.302016 0.191718 0.0415057 0.00417381 0.00026787 1.37309e-05 3.36943e-07 1.88531e-24
0.115 0.724058 0.548195 0 0.302691 0.196971 0.0437137 0.00450623 0.000296466 1.55783e-05 3.91876e-07 2.24773e-24
0.1175 0.736763 0.556549 0 0.303208 0.202168 0.0459722 0.00485579 0.000327333 1.7624e-05 4.54255e-07 2.66972e-24
0.12 0.749284 0.564757 0 0.30357 0.207303 0.0482798 0.00522282 0.000360587 1.98838e-05 5.24894e-07 3.15945e-24
0.1225 0.761619 0.572821 0 0.303784 0.212375 0.0506351 0.00560767 0.000396349 2.23748e-05 6.04672e-07 3.72607e-24
0.125 0.773765 0.580741 0 0.303854 0.217378 0.0530369 0.00601065 0.000434741 2.51144e-05 6.94542e-07 4.37968e-24
0.1275 0.78572 0.588517 0 0.303786 0.222311 0.0554837 0.00643208 0.000475887 2.81216e-05 7.95531e-07 5.13149e-24
0.13 0.797482 0.596151 0 0.303583 0.227169 0.0579741 0.00687226 0.000519913 3.14157e-05 9.08747e-07 5.99389e-24
0.1325 0.809047 0.603643 0 0.303251 0.231951 0.0605067 0.00733146 0.000566949 3.50172e-05 1.03538e-06 6.98054e-24
0.135 0.820415 0.610993 0 0.302793 0.236653 0.0630797 0.00780996 0.000617126 3.89477e-05 1.17672e-06 8.10648e-24
0.1375 0.831581 0.618202 0 0.302215 0.241272 0.0656919 0.008308 0.000670575 4.32297e-05 1.33413e-06 9.38823e-24
0.14 0.842545 0.625271 0 0.30152 0.245807 0.0683415 0.00882582 0.000727431 4.78864e-05 1.50909e-06 1.08439e-23
0.1425 0.853305 0.632201 0 0.300714 0.250255 0.071027 0.00936365 0.000787831 5.29426e-05 1.70317e-06 1.24934e-23
0.145 0.863858 0.638992 0 0.299799 0.254613 0.0737467 0.00992169 0.000851912 5.84235e-05 1.91806e-06 1.43584e-23
0.1475 0.874202 0.645645 0 0.29878 0.25888 0.0764991 0.0105001 0.000919813 6.43559e-05 2.15555e-06 1.64626e-23
0.15 0.884337 0.652161 0 0.297662 0.263053 0.0792823 0.0110992 0.000991675 7.07673e-05 2.41756e-06 1.88318e-23
0.1525 0.894259 0.658541 0 0.296447 0.267132 0.0820949 0.0117189 0.00106764 7.76866e-05 2.70613e-06 2.14942e-23
0.155 0.903968 0.664784 0 0.29514 0.271114 0.084935 0.0123596 0.00114785 8.51434e-05 3.02342e-06 2.44802e-23
0.1575 0.913462 0.670892 0 0.293744 0.274997 0.087801 0.0130212 0.00123245 9.31688e-05 3.37174e-06 2.78232e-23
0.16 0.922739 0.676866 0 0.292263 0.278781 0.0906911 0.013704 0.00132158 0.000101795 3.75353e-06 3.15589e-23
0.1625 0.931799 0.682707 0 0.290701 0.282464 0.0936035 0.0144079 0.00141539 0.000111055 4.17137e-06 3.57264e-23
0.165 0.940639 0.688415 0 0.28906 0.286045 0.0965367 0.0151332 0.00151403 0.000120983 4.62801e-06 4.03677e-23
0.1675 0.949259 0.693991 0 0.287345 0.289523 0.0994887 0.0158798 0.00161764 0.000131615 5.12635e-06 4.55282e-23
0.17 0.957657 0.699435 0 0.285558 0.292896 0.102458 0.0166478 0.00172638 0.000142987 5.66945e-06 5.1257e-23
0.1725 0.965833 0.70475 0 0.283703 0.296165 0.105442 0.0174372 0.00184037 0.000155138 6.26054e-06 5.7607e-23
0.175 0.973785 0.709935 0 0.281783 0.299328 0.108441 0.0182481 0.00195978 0.000168106 6.90304e-06 6.46348e-23
0.1775 0.981513 0.714991 0 0.279801 0.302385 0.111451 0.0190804 0.00208476 0.000181932 7.60054e-06 7.24017e-23
0.18 0.989015 0.719919 0 0.277759 0.305334 0.114471 0.019934 0.00221544 0.000196657 8.35683e-06 8.09734e-23
0.1825 0.996292 0.72472 0 0.275662 0.308177 0.117499 0.020809 0.00235198 0.000212325 9.17589e-06 9.04201e-23
0.185 1.00334 0.729395 0 0.273511 0.310911 0.120534 0.0217053 0.00249452 0.000228978 1.00619e-05 1.00818e-22
0.1875 1.01017 0.733945 0 0.271309 0.313538 0.123574 0.0226229 0.00264322 0.000246662 1.10193e-05 1.12246e-22
0.19 1.01676 0.738371 0 0.269059 0.316057 0.126618 0.0235615 0.0027982 0.000265423 1.20526e-05 1.24793e-22
0.1925 1.02313 0.742673 0 0.266764 0.318467 0.129662 0.0245212 0.00295963 0.00028531 1.31667e-05 1.3855e-22
0.195 1.02927 0.746852 0 0.264427 0.320769 0.132706 0.0255018 0.00312764 0.00030637 1.43667e-05 1.53617e-22
0.1975 1.03518 0.750909 0 0.262048 0.322962 0.135748 0.0265032 0.00330238 0.000328655 1.5658e-05 1.70098e-22
0.2 1.04086 0.754846 0 0.259633 0.325048 0.138787 0.0275251 0.00348398 0.000352215 1.70459e-05 1.88106e-22
0.2025 1.04632 0.758662 0 0.257181 0.327026 0.14182 0.0285675 0.0036726 0.000377102 1.85364e-05 2.0776e-22
0.205 1.05154 0.76236 0 0.254697 0.328896 0.144846 0.0296301 0.00386836 0.000403371 2.01356e-05 2.29189e-22
0.2075 1.05654 0.765939 0 0.252181 0.330658 0.147863 0.0307128 0.00407141 0.000431077 2.18497e-05 2.52526e-22
0.21 1.06131 0.769401 0 0.249637 0.332314 0.150869 0.0318152 0.00428188 0.000460275 2.36855e-05 2.77918e-22
0.2125 1.06585 0.772747 0 0.247066 0.333863 0.153864 0.0329372 0.0044999 0.000491023 2.56498e-05 3.05516e-22
0.215 1.07017 0.775977 0 0.24447 0.335307 0.156845 0.0340786 0.00472561 0.00052338 2.77498e-05 3.35482e-22
0.2175 1.07425 0.779093 0 0.241852 0.336645 0.159811 0.035239 0.00495913 0.000557406 2.9993e-05 3.6799e-22
0.22 1.07812 0.782096 0 0.239213 0.337878 0.162761 0.0364182 0.0052006 0.000593161 3.23872e-05 4.03221e-22
0.2225 1.08175 0.784986 0 0.236555 0.339008 0.165691 0.0376159 0.00545014 0.000630708 3.49406e-05 4.41369e-22
0.225 1.08516 0.787765 0 0.23388 0.340034 0.168603 0.0388317 0.00570787 0.00067011 3.76617e-05 4.82639e-22
0.2275 1.08835 0.790432 0 0.231191 0.340958 0.171492 0.0400653 0.00597391 0.000711431 4.05591e-05 5.27246e-22
0.23 1.09131 0.792991 0 0.228487 0.341781 0.174359 0.0413165 0.00624838 0.000754737 4.36421e-05 5.7542e-22
0.2325 1.09405 0.79544 0 0.225772 0.342503 0.177202 0.0425848 0.0065314 0.000800096 4.69201e-05 6.27402e-22
0.235 1.09657 0.797782 0 0.223047 0.343125 0.180019 0.0438699 0.00682307 0.000847574 5.0403e-05 6.83447e-22
0.2375 1.09887 0.800017 0 0.220314 0.343648 0.182809 0.0451714 0.00712351 0.00089724 5.4101e-05 7.43825e-22
0.24 1.10095 0.802147 0 0.217573 0.344074 0.185571 0.0464888 0.00743281 0.000949166 5.80246e-05 8.0882e-22
0.2425 1.10281 0.804172 0 0.214827 0.344403 0.188303 0.0478219 0.00775109 0.00100342 6.21849e-05 8.78731e-22
0.245 1.10446 0.806092 0 0.212077 0.344637 0.191003 0.0491701 0.00807844 0.00106008 6.65932e-05 9.53873e-22
0.2475 1.10589 0.807911 0 0.209324 0.344776 0.193672 0.0505331 0.00841496 0.00111921 7.12612e-05 1.03458e-21
0.25 1.10711 0.809627 0 0.20657 0.344822 0.196306 0.0519104 0.00876073 0.00118089 7.62011e-05 1.1212e-21
0.2525 1.10811 0.811243 0 0.203816 0.344776 0.198906 0.0533015 0.00911584 0.0012452 8.14256e-05 1.2141e-21
0.255 1.10891 0.812759 0 0.201064 0.34464 0.20147 0.054706 0.00948039 0.0013122 8.69476e-05 1.31366e-21
0.2575 1.10949 0.814176 0 0.198313 0.344414 0.203996 0.0561234 0.00985444 0.00138199 9.27806e-05 1.4203e-21
0.26 1.10987 0.815495 0 0.195567 0.3441 0.206484 0.0575532 0.0102381 0.00145462 9.89385e-05 1.53444e-21
0.2625 1.11004 0.816718 0 0.192825 0.343699 0.208933 0.0589949 0.0106314 0.0015302 0.000105436 1.65652e-21
0.265 1.11001 0.817845 0 0.190089 0.343213 0.21134 0.060448 0.0110344 0.00160878 0.000112287 1.78702e-21
0.2675 1.10978 0.818878 0 0.18736 0.342642 0.213706 0.061912 0.0114472 0.00169046 0.000119507 1.92643e-21
0.27 1.10935 0.819816 0 0.184639 0.341989 0.21603 0.0633864 0.0118698 0.00177532 0.000127113 2.07526e-21
0.2725 1.10872 0.820662 0 0.181927 0.341255 0.218309 0.0648705 0.0123023 0.00186343 0.00013512 2.23406e-21
0.275 1.1079 0.821417 0 0.179225 0.34044 0.220544 0.0663639 0.0127448 0.00195488 0.000143545 2.40339e-21
0.2775 1.10688 0.82208 0 0.176534 0.339548 0.222734 0.0678661 0.0131973 0.00204975 0.000152405 2.58384e-21
0.28 1.10568 0.822655 0 0.173854 0.338578 0.224877 0.0693763 0.0136598 0.00214813 0.000161718 2.77604e-21
0.2825 1.10428 0.82314 0 0.171187 0.337533 0.226972 0.0708942 0.0141323 0.0022501 0.000171503 2.98064e-21
0.285 1.1027 0.823538 0 0.168534 0.336414 0.22902 0.0724191 0.014615 0.00235575 0.000181778 3.19831e-21
0.2875 1.10093 0.82385 0 0.165894 0.335222 0.231018 0.0739503 0.0151078 0.00246516 0.000192562 3.42977e-21
0.29 1.09899 0.824076 0 0.16327 0.333959 0.232967 0.0754874 0.0156107 0.00257841 0.000203875 3.67575e-21
0.2925 1.09686 0.824218 0 0.160661 0.332627 0.234865 0.0770298 0.0161237 0.0026956 0.000215739 3.93703e-21
0.295 1.09456 0.824276 0 0.158068 0.331227 0.236712 0.0785767 0.0166469 0.00281681 0.000228173 4.21442e-21
0.2975 1.09209 0.824252 0 0.155493 0.329761 0.238507 0.0801277 0.0171803 0.00294213 0.000241199 4.50877e-21
0.3 1.08944 0.824147 0 0.152935 0.32823 0.240249 0.081682 0.0177238 0.00307165 0.00025484 4.82094e-21
0.3025 1.08663 0.823961 0 0.150395 0.326636 0.241939 0.0832392 0.0182775 0.00320544 0.000269118 5.15187e-21
0.305 1.08365 0.823696 0 0.147874 0.32498 0.243574 0.0847984 0.0188413 0.00334361 0.000284056 5.50251e-21
0.3075 1.08051 0.823352 0 0.145373 0.323263 0.245156 0.0863593 0.0194152 0.00348624 0.000299679 5.87385e-21
0.31 1.0772 0.822932 0 0.142891 0.321489 0.246683 0.087921 0.0199992 0.00363342 0.00031601 6.26694e-21
0.3125 1.07375 0.822435 0 0.140429 0.319657 0.248154 0.0894829 0.0205932 0.00378524 0.000333076 6.68286e-21
0.315 1.07013 0.821863 0 0.137989 0.317769 0.24957 0.0910445 0.0211973 0.00394178 0.000350901 7.12273e-21
0.3175 1.06637 0.821217 0 0.135569 0.315828 0.25093 0.0926051 0.0218114 0.00410313 0.000369512 7.58773e-21
0.32 1.06246 0.820497 0 0.133172 0.313835 0.252233 0.094164 0.0224354 0.00426938 0.000388937 8.07908e-21
0.3225 1.0584 0.819706 0 0.130796 0.31179 0.25348 0.0957206 0.0230692 0.00444063 0.000409202 8.59805e-21
0.325 1.05421 0.818843 0 0.128443 0.309697 0.25467 0.0972742 0.0237129 0.00461695 0.000430336 9.14595e-21
0.3275 1.04987 0.817911 0 0.126112 0.307556 0.255802 0.0988243 0.0243663 0.00479844 0.000452368 9.72417e-21
0.33 1.0454 0.816909 0 0.123805 0.305369 0.256876 0.10037 0.0250294 0.00498518 0.000475327 1.03341e-20
0.3325 1.04079 0.81584 0 0.121521 0.303137 0.257893 0.101911 0.0257021 0.00517726 0.000499244 1.09773e-20
0.335 1.03606 0.814703 0 0.11926 0.300862 0.258852 0.103446 0.0263843 0.00537477 0.00052415 1.16552e-20
0.3375 1.0312 0.8135 0 0.117024 0.298545 0.259752 0.104975 0.0270759 0.00557779 0.000550076 1.23695e-20
0.34 1.02622 0.812233 0 0.114812 0.296189 0.260594 0.106498 0.0277768 0.0057864 0.000577054 1.31218e-20
0.3425 1.02112 0.810901 0 0.112624 0.293794 0.261378 0.108013 0.028487 0.00600071 0.000605118 1.39138e-20
0.345 1.0159 0.809507 0 0.110461 0.291362 0.262103 0.109519 0.0292062 0.00622078 0.000634301 1.47474e-20
0.3475 1.01057 0.80805 0 0.108322 0.288895 0.26277 0.111017 0.0299345 0.0064467 0.000664637 1.56243e-20
0.35 1.00513 0.806533 0 0.106209 0.286394 0.263378 0.112506 0.0306716 0.00667855 0.000696161 1.65465e-20
0.3525 0.999577 0.804955 0 0.104121 0.28386 0.263927 0.113984 0.0314175 0.00691643 0.00072891 1.7516e-20
0.355 0.993927 0.803319 0 0.102058 0.281295 0.264418 0.115452 0.0321719 0.0071604 0.000762919 1.85348e-20
0.3575 0.988176 0.801624 0 0.10002 0.278701 0.264851 0.116908 0.0329349 0.00741054 0.000798226 1.96052e-20
0.36 0.982329 0.799873 0 0.098008 0.276078 0.265226 0.118353 0.0337061 0.00766695 0.000834868 2.07292e-20
0.3625 0.976389 0.798065 0 0.0960215 0.273429 0.265542 0.119785 0.0344855 0.00792968 0.000872884 2.19092e-20
0.365 0.970359 0.796203 0 0.0940607 0.270754 0.2658 0.121204 0.035273 0.00819883 0.000912313 2.31475e-20
0.3675 0.964243 0.794287 0 0.0921256 0.268056 0.266001 0.122609 0.0360682 0.00847447 0.000953196 2.44467e-20
0.37 0.958044 0.792317 0 0.0902163 0.265335 0.266144 0.123999 0.0368711 0.00875667 0.000995572 2.58093e-20
0.3725 0.951765 0.790296 0 0.0883327 0.262593 0.266229 0.125375 0.0376816 0.0090455 0.00103948 2.72378e-20
0.375 0.94541 0.788223 0 0.086475 0.259831 0.266258 0.126734 0.0384993 0.00934104 0.00108497 2.87351e-20
0.3775 0.938982 0.7861 0 0.0846431 0.25705 0.266229 0.128078 0.0393241 0.00964335 0.00113208 3.03038e-20
0.38 0.932484 0.783928 0 0.0828371 0.254252 0.266144 0.129405 0.0401559 0.0099525 0.00118086 3.19471e-20
0.3825 0.92592 0.781707 0 0.0810568 0.251439 0.266003 0.130714 0.0409944 0.0102686 0.00123134 3.36677e-20
0.385 0.919294 0.77944 0 0.0793023 0.248611 0.265807 0.132006 0.0418394 0.0105916 0.00128357 3.54689e-20
0.3875 0.912608 0.777126 0 0.0775735 0.245769 0.265554 0.133279 0.0426907 0.0109217 0.00133761 3.73539e-20
0.39 0.905866 0.774766 0 0.0758705 0.242916 0.265247 0.134532 0.0435481 0.0112589 0.00139348 3.93259e-20
0.3925 0.899071 0.772363 0 0.074193 0.240052 0.264886 0.135767 0.0444113 0.0116032 0.00145126 4.13885e-20
0.395 0.892227 0.769915 0 0.0725411 0.237178 0.26447 0.136981 0.0452802 0.0119548 0.00151097 4.35451e-20
0.3975 0.885336 0.767425 0 0.0709146 0.234296 0.264 0.138174 0.0461544 0.0123136 0.00157267 4.57993e-20
0.4 0.878402 0.764894 0 0.0693135 0.231406 0.263478 0.139346 0.0470338 0.0126797 0.00163641 4.81551e-20
0.4025 0.871429 0.762321 0 0.0677377 0.228511 0.262903 0.140496 0.0479181 0.0130532 0.00170223 5.06162e-20
0.405 0.864419 0.759709 0 0.0661871 0.225611 0.262276 0.141624 0.048807 0.0134342 0.0017702 5.31866e-20
0.4075 0.857376 0.757058 0 0.0646614 0.222707 0.261597 0.142729 0.0497004 0.0138226 0.00184036 5.58706e-20
0.41 0.850303 0.754368 0 0.0631607 0.2198 0.260867 0.143811 0.0505978 0.0142185 0.00191275 5.86723e-20
0.4125 0.843203 0.751642 0 0.0616848 0.216892 0.260087 0.144869 0.0514991 0.014622 0.00198745 6.15962e-20
0.415 0.83608 0.748879 0 0.0602335 0.213983 0.259258 0.145903 0.052404 0.0150331 0.00206449 6.46468e-20
0.4175 0.828936 0.746081 0 0.0588068 0.211075 0.258379 0.146913 0.0533122 0.0154518 0.00214393 6.78288e-20
0.42 0.821774 0.743248 0 0.0574043 0.208168 0.257452 0.147897 0.0542234 0.0158781 0.00222584 7.1147e-20
0.4225 0.814598 0.740382 0 0.056026 0.205264 0.256477 0.148855 0.0551373 0.0163122 0.00231025 7.46064e-20
0.425 0.807411 0.737483 0 0.0546718 0.202364 0.255455 0.149788 0.0560537 0.0167539 0.00239723 7.8212e-20
0.4275 0.800215 0.734552 0 0.0533413 0.199468 0.254386 0.150694 0.0569723 0.0172034 0.00248684 8.19693e-20
0.43 0.793014 0.73159 0 0.0520345 0.196577 0.253272 0.151573 0.0578926 0.0176607 0.00257914 8.58835e-20
0.4325 0.785811 0.728598 0 0.0507512 0.193693 0.252113 0.152425 0.0588145 0.0181257 0.00267417 8.99603e-20
0.435 0.778607 0.725576 0 0.0494912 0.190817 0.25091 0.15325 0.0597376 0.0185986 0.002772 9.42055e-20
0.4375 0.771408 0.722526 0 0.0482542 0.187948 0.249663 0.154046 0.0606616 0.0190792 0.00287269 9.86249e-20
0.44 0.764214 0.719448 0 0.0470401 0.185089 0.248374 0.154815 0.0615863 0.0195677 0.0029763 1.03225e-19
0.4425 0.757029 0.716344 0 0.0458487 0.18224 0.247043 0.155554 0.0625111 0.020064 0.00308289 1.08011e-19
0.445 0.749856 0.713213 0 0.0446797 0.179401 0.24567 0.156265 0.0634359 0.0205681 0.00319252 1.12991e-19
0.4475 0.742698 0.710057 0 0.043533 0.176574 0.244258 0.156946 0.0643603 0.02108 0.00330525 1.1817e-19
0.45 0.735556 0.706876 0 0.0424083 0.17376 0.242806 0.157598 0.065284 0.0215997 0.00342114 1.23556e-19
0.4525 0.728434 0.703672 0 0.0413054 0.170958 0.241315 0.15822 0.0662067 0.0221272 0.00354025 1.29155e-19
0.455 0.721335 0.700445 0 0.0402241 0.16817 0.239787 0.158811 0.0671279 0.0226626 0.00366266 1.34975e-19
0.4575 0.71426 0.697196 0 0.0391641 0.165397 0.238221 0.159372 0.0680473 0.0232056 0.00378842 1.41023e-19
0.46 0.707212 0.693926 0 0.0381253 0.162639 0.236619 0.159903 0.0689647 0.0237565 0.00391759 1.47307e-19
0.4625 0.700195 0.690634 0 0.0371074 0.159898 0.234983 0.160402 0.0698796 0.024315 0.00405024 1.53835e-19
0.465 0.693209 0.687324 0 0.0361101 0.157172 0.233311 0.16087 0.0707917 0.0248813 0.00418644 1.60615e-19
0.4675 0.686258 0.683994 0 0.0351332 0.154464 0.231607 0.161307 0.0717007 0.0254552 0.00432625 1.67654e-19
0.47 0.679343 0.680646 0 0.0341765 0.151774 0.229869 0.161713 0.0726061 0.0260367 0.00446973 1.74962e-19
0.4725 0.672468 0.67728 0 0.0332398 0.149103 0.2281 0.162086 0.0735077 0.0266258 0.00461695 1.82548e-19
0.475 0.665634 0.673897 0 0.0323227 0.14645 0.2263 0.162428 0.074405 0.0272225 0.00476798 1.90419e-19
0.4775 0.658843 0.670498 0 0.0314251 0.143818 0.224471 0.162738 0.0752978 0.0278266 0.00492289 1.98586e-19
0.48 0.652097 0.667084 0 0.0305467 0.141205 0.222612 0.163015 0.0761855 0.0284382 0.00508174 2.07058e-19
0.4825 0.645399 0.663655 0 0.0296872 0.138613 0.220725 0.16326 0.077068 0.0290571 0.00524459 2.15844e-19
0.485 0.63875 0.660212 0 0.0288464 0.136042 0.218811 0.163473 0.0779447 0.0296833 0.00541152 2.24955e-19
0.4875 0.632153 0.656756 0 0.0280241 0.133493 0.216871 0.163653 0.0788154 0.0303168 0.0055826 2.34401e-19
0.49 0.625609 0.653287 0 0.0272199 0.130967 0.214905 0.1638 0.0796796 0.0309574 0.00575788 2.44192e-19
0.4925 0.61912 0.649806 0 0.0264337 0.128462 0.212915 0.163915 0.080537 0.0316051 0.00593745 2.54338e-19
0.495 0.612688 0.646314 0 0.0256652 0.125981 0.210902 0.163997 0.0813873 0.0322598 0.00612136 2.64852e-19
0.4975 0.606314 0.642811 0 0.0249141 0.123524 0.208866 0.164046 0.0822299 0.0329214 0.00630969 2.75744e-19
0.5 0.6 0.639298 0 0.0241802 0.12109 0.206808 0.164063 0.0830647 0.0335898 0.0065025 2.87027e-19
0.5025 0.593748 0.635775 0 0.0234632 0.11868 0.20473 0.164046 0.0838911 0.0342649 0.00669986 2.98711e-19
0.505 0.587559 0.632244 0 0.0227629 0.116295 0.202632 0.163997 0.0847089 0.0349467 0.00690184 3.10809e-19
0.5075 0.581435 0.628705 0 0.022079 0.113935 0.200515 0.163915 0.0855176 0.035635 0.00710851 3.23333e-19
0.51 0.575377 0.625158 0 0.0214112 0.1116 0.198381 0.1638 0.0863168 0.0363296 0.00731994 3.36297e-19
0.5125 0.569386 0.621605 0 0.0207594 0.109291 0.196229 0.163653 0.0871063 0.0370305 0.00753619 3.49714e-19
0.515 0.563464 0.618045 0 0.0201233 0.107007 0.194061 0.163473 0.0878856 0.0377376 0.00775733 3.63597e-19
0.5175 0.557612 0.614479 0 0.0195025 0.10475 0.191878 0.16326 0.0886544 0.0384507 0.00798344 3.77959e-19
0.52 0.551831 0.610908 0 0.0188969 0.102518 0.189681 0.163015 0.0894122 0.0391697 0.00821457 3.92816e-19
0.5225 0.546122 0.607332 0 0.0183062 0.100314 0.187471 0.162738 0.0901588 0.0398944 0.0084508 4.08181e-19
0.525 0.540486 0.603753 0 0.0177302 0.0981359 0.185248 0.162428 0.0908937 0.0406247 0.00869218 4.24069e-19
0.5275 0.534925 0.60017 0 0.0171686 0.095985 0.183014 0.162086 0.0916166 0.0413605 0.0089388 4.40496e-19
0.53 0.529438 0.596584 0 0.0166211 0.0938613 0.180769 0.161713 0.0923271 0.0421016 0.00919071 4.57477e-19
0.5325 0.524028 0.592996 0 0.0160876 0.0917649 0.178515 0.161307 0.0930249 0.0428478 0.00944798 4.75028e-19
0.535 0.518694 0.589405 0 0.0155677 0.0896959 0.176252 0.16087 0.0937096 0.043599 0.00971068 4.93165e-19
0.5375 0.513438 0.585814 0 0.0150612 0.0876546 0.173981 0.160402 0.0943809 0.0443549 0.00997887 5.11906e-19
0.54 0.508261 0.582221 0 0.0145679 0.0856411 0.171703 0.159903 0.0950383 0.0451155 0.0102526 5.31266e-19
0.5425 0.503161 0.578628 0 0.0140876 0.0836553 0.169419 0.159372 0.0956816 0.0458805 0.010532 5.51265e-19
0.545 0.498142 0.575036 0 0.01362 0.0816975 0.16713 0.158811 0.0963104 0.0466497 0.010817 5.71918e-19
0.5475 0.493202 0.571444 0 0.0131648 0.0797677 0.164836 0.15822 0.0969243 0.047423 0.0111078 5.93246e-19
0.55 0.488343 0.567853 0 0.0127218 0.077866 0.162539 0.157598 0.0975231 0.0482002 0.0114044 6.15267e-19
0.5525 0.483564 0.564263 0 0.0122909 0.0759924 0.16024 0.156946 0.0981063 0.048981 0.0117068 6.38e-19
0.555 0.478866 0.560676 0 0.0118717 0.074147 0.157938 0.156265 0.0986737 0.0497652 0.0120152 6.61464e-19
0.5575 0.474249 0.557091 0 0.011464 0.0723297 0.155636 0.155554 0.0992249 0.0505526 0.0123296 6.85679e-19
0.56 0.469714 0.553508 0 0.0110677 0.0705407 0.153333 0.154815 0.0997596 0.051343 0.01265 7.10667e-19
0.5625 0.465261 0.54993 0 0.0106824 0.0687798 0.151031 0.154046 0.100277 0.0521361 0.0129765 7.36448e-19
0.565 0.460889 0.546354 0 0.010308 0.0670471 0.14873 0.15325 0.100778 0.0529318 0.0133091 7.63044e-19
0.5675 0.456599 0.542783 0 0.00994416 0.0653425 0.146432 0.152425 0.101261 0.0537298 0.0136479 7.90477e-19
0.57 0.452391 0.539217 0 0.00959077 0.0636661 0.144137 0.151573 0.101727 0.0545297 0.0139931 8.18768e-19
0.5725 0.448264 0.535655 0 0.00924757 0.0620176 0.141845 0.150694 0.102174 0.0553315 0.0143445 8.47942e-19
0.575 0.444219 0.532098 0 0.00891435 0.0603972 0.139558 0.149788 0.102604 0.0561348 0.0147023 8.78021e-19
0.5775 0.440254 0.528548 0 0.00859089 0.0588047 0.137277 0.148855 0.103014 0.0569394 0.0150664 9.0903e-19
0.58 0.436371 0.525003 0 0.00827699 0.05724 0.135001 0.147897 0.103406 0.0577449 0.0154371 9.40992e-19
0.5825 0.432569 0.521464 0 0.00797243 0.055703 0.132733 0.146913 0.103778 0.0585512 0.0158142 9.73934e-19
0.585 0.428847 0.517932 0 0.007677 0.0541936 0.130472 0.145903 0.104131 0.0593579 0.0161979 1.00788e-18
0.5875 0.425205 0.514408 0 0.00739052 0.0527117 0.128219 0.144869 0.104464 0.0601648 0.0165882 1.04286e-18
0.59 0.421642 0.51089 0 0.00711276 0.0512572 0.125975 0.143811 0.104777 0.0609715 0.0169851 1.07889e-18
0.5925 0.418158 0.50738 0 0.00684354 0.0498299 0.12374 0.142729 0.105071 0.0617779 0.0173887 1.11601e-18
0.595 0.414753 0.503878 0 0.00658266 0.0484297 0.121516 0.141624 0.105343 0.0625834 0.0177989 1.15424e-18
0.5975 0.411425 0.500384 0 0.00632992 0.0470564 0.119303 0.140496 0.105595 0.0633879 0.0182159 1.19362e-18
0.6 0.408174 0.496899 0 0.00608514 0.0457099 0.117101 0.139346 0.105826 0.0641911 0.0186397 1.23416e-18
0.6025 0.405 0.493423 0 0.00584812 0.0443899 0.114912 0.138174 0.106036 0.0649926 0.0190703 1.27591e-18
0.605 0.401901 0.489955 0 0.00561868 0.0430964 0.112735 0.136981 0.106224 0.0657921 0.0195076 1.31888e-18
0.6075 0.398877 0.486497 0 0.00539664 0.0418291 0.110572 0.135767 0.106391 0.0665893 0.0199519 1.36311e-18
0.61 0.395927 0.483048 0 0.00518181 0.0405877 0.108423 0.134532 0.106537 0.0673838 0.020403 1.40864e-18
0.6125 0.39305 0.479609 0 0.00497402 0.0393722 0.106288 0.133279 0.10666 0.0681754 0.020861 1.4555e-18
0.615 0.390245 0.476181 0 0.00477309 0.0381823 0.104169 0.132006 0.106761 0.0689635 0.0213259 1.50371e-18
0.6175 0.38751 0.472762 0 0.00457885 0.0370178 0.102065 0.130714 0.10684 0.0697481 0.0217977 1.55331e-18
0.62 0.384846 0.469353 0 0.00439113 0.0358784 0.0999772 0.129405 0.106897 0.0705285 0.0222764 1.60434e-18
0.6225 0.382251 0.465956 0 0.00420976 0.0347639 0.0979064 0.128078 0.106931 0.0713046 0.0227621 1.65683e-18
0.625 0.379724 0.462569 0 0.00403458 0.033674 0.0958527 0.126734 0.106942 0.0720759 0.0232547 1.71081e-18
0.6275 0.377264 0.459193 0 0.00386542 0.0326086 0.0938168 0.125375 0.106931 0.0728421 0.0237543 1.76633e-18
0.63 0.374869 0.455828 0 0.00370213 0.0315674 0.0917991 0.123999 0.106897 0.0736028 0.0242608 1.82342e-18
0.6325 0.372538 0.452474 0 0.00354455 0.0305501 0.0898 0.122609 0.106839 0.0743576 0.0247743 1.88212e-18
0.635 0.37027 0.449132 0 0.00339252 0.0295564 0.08782 0.121204 0.106759 0.0751062 0.0252947 1.94246e-18
0.6375 0.368064 0.445802 0 0.0032459 0.0285862 0.0858596 0.119785 0.106655 0.0758481 0.025822 2.00449e-18
0.64 0.365918 0.442483 0 0.00310454 0.027639 0.083919 0.118353 0.106528 0.076583 0.0263562 2.06824e-18
0.6425 0.363832 0.439176 0 0.00296828 0.0267147 0.0819988 0.116908 0.106378 0.0773105 0.0268973 2.13377e-18
0.645 0.361803 0.43588 0 0.00283699 0.0258129 0.0800993 0.115452 0.106204 0.0780301 0.0274452 2.2011e-18
0.6475 0.35983 0.432597 0 0.00271052 0.0249334 0.0782209 0.113984 0.106007 0.0787416 0.028 2.27028e-18
0.65 0.357912 0.429326 0 0.00258874 0.0240759 0.0763639 0.112506 0.105786 0.0794445 0.0285615 2.34136e-18
0.6525 0.356047 0.426067 0 0.00247152 0.0232401 0.0745287 0.111017 0.105542 0.0801383 0.0291299 2.41438e-18
0.655 0.354233 0.422821 0 0.00235871 0.0224256 0.0727156 0.109519 0.105274 0.0808227 0.0297049 2.48939e-18
0.6575 0.35247 0.419586 0 0.00225019 0.0216323 0.0709248 0.108013 0.104982 0.0814973 0.0302866 2.56642e-18
0.66 0.350756 0.416364 0 0.00214583 0.0208597 0.0691567 0.106498 0.104668 0.0821616 0.030875 2.64554e-18
0.6625 0.349089 0.413155 0 0.00204551 0.0201077 0.0674116 0.104975 0.104329 0.0828152 0.0314699 2.72677e-18
0.665 0.347467 0.409958 0 0.0019491 0.0193758 0.0656897 0.103446 0.103968 0.0834578 0.0320713 2.81019e-18
0.6675 0.345889 0.406773 0 0.00185649 0.0186638 0.0639912 0.101911 0.103583 0.0840888 0.0326791 2.89582e-18
0.67 0.344353 0.403601 0 0.00176755 0.0179714 0.0623164 0.10037 0.103174 0.0847079 0.0332934 2.98374e-18
0.6725 0.342858 0.400442 0 0.00168217 0.0172982 0.0606655 0.0988243 0.102743 0.0853147 0.0339139 3.07398e-18
0.675 0.341401 0.397294 0 0.00160025 0.0166439 0.0590386 0.0972742 0.102288 0.0859086 0.0345406 3.16659e-18
0.6775 0.339982 0.39416 0 0.00152166 0.0160083 0.057436 0.0957206 0.10181 0.0864894 0.0351735 3.26164e-18
0.68 0.338598 0.391038 0 0.0014463 0.0153909 0.0558579 0.094164 0.10131 0.0870564 0.0358123 3.35918e-18
0.6825 0.337248 0.387928 0 0.00137407 0.0147916 0.0543044 0.0926051 0.100786 0.0876094 0.0364571 3.45926e-18
0.685 0.33593 0.38483 0 0.00130486 0.0142099 0.0527755 0.0910445 0.10024 0.0881479 0.0371078 3.56194e-18
0.6875 0.334642 0.381745 0 0.00123857 0.0136456 0.0512715 0.0894829 0.0996713 0.0886714 0.0377641 3.66728e-18
0.69 0.333383 0.378673 0 0.00117511 0.0130983 0.0497925 0.087921 0.0990802 0.0891796 0.038426 3.77533e-18
0.6925 0.33215 0.375612 0 0.00111438 0.0125678 0.0483385 0.0863593 0.098467 0.0896719 0.0390934 3.88616e-18
0.695 0.330942 0.372564 0 0.00105629 0.0120536 0.0469096 0.0847984 0.0978318 0.090148 0.0397662 3.99982e-18
0.6975 0.329758 0.369527 0 0.00100074 0.0115555 0.0455059 0.0832392 0.0971748 0.0906074 0.0404441 4.11638e-18
0.7 0.328594 0.366503 0 0.000947646 0.0110731 0.0441274 0.081682 0.0964962 0.0910496 0.0411271 4.23591e-18
0.7025 0.327451 0.363491 0 0.000896921 0.0106063 0.0427742 0.0801277 0.0957963 0.0914744 0.0418149 4.35846e-18
0.705 0.326325 0.36049 0 0.000848482 0.0101545 0.0414463 0.0785767 0.0950754 0.0918811 0.0425075 4.4841e-18
0.7075 0.325216 0.357501 0 0.000802245 0.00971752 0.0401436 0.0770298 0.0943335 0.0922694 0.0432047 4.6129e-18
0.71 0.32412 0.354523 0 0.00075813 0.00929506 0.0388663 0.0754874 0.0935712 0.0926389 0.0439063 4.74492e-18
0.7125 0.323038 0.351557 0 0.000716059 0.00888678 0.0376142 0.0739503 0.0927885 0.0929892 0.044612 4.88024e-18
0.715 0.321965 0.348602 0 0.000675957 0.00849237 0.0363874 0.0724191 0.0919859 0.0933197 0.0453218 5.01892e-18
0.7175 0.320902 0.345658 0 0.00063775 0.00811152 0.0351857 0.0708942 0.0911635 0.0936302 0.0460354 5.16104e-18
0.72 0.319846 0.342725 0 0.000601365 0.00774392 0.0340091 0.0693763 0.0903219 0.0939201 0.0467526 5.30667e-18
0.7225 0.318796 0.339803 0 0.000566732 0.00738926 0.0328577 0.0678661 0.0894612 0.0941891 0.0474732 5.45588e-18
0.725 0.317749 0.336891 0 0.000533785 0.00704725 0.0317311 0.0663639 0.0885818 0.0944367 0.0481969 5.60875e-18
0.7275 0.316704 0.33399 0 0.000502456 0.00671758 0.0306295 0.0648705 0.0876841 0.0946626 0.0489235 5.76536e-18
0.73 0.31566 0.331099 0 0.000472681 0.00639994 0.0295526 0.0633864 0.0867685 0.0948663 0.0496528 5.92577e-18
0.7325 0.314613 0.328218 0 0.000444399 0.00609404 0.0285003 0.061912 0.0858353 0.0950475 0.0503846 6.09008e-18
0.735 0.313564 0.325347 0 0.000417549 0.00579959 0.0274726 0.060448 0.0848849 0.0952058 0.0511184 6.25836e-18
0.7375 0.31251 0.322485 0 0.000392073 0.00551629 0.0264692 0.0589949 0.0839179 0.0953407 0.0518542 6.4307e-18
0.74 0.311449 0.319633 0 0.000367912 0.00524386 0.02549 0.0575532 0.0829345 0.0954519 0.0525915 6.60718e-18
0.7425 0.31038 0.31679 0 0.000345014 0.004982 0.0245349 0.0561234 0.0819352 0.095539 0.0533301 6.78787e-18
0.745 0.309301 0.313955 0 0.000323323 0.00473044 0.0236036 0.054706 0.0809204 0.0956017 0.0540697 6.97288e-18
0.7475 0.30821 0.311129 0 0.000302789 0.00448888 0.022696 0.0533015 0.0798907 0.0956395 0.05481 7.16229e-18
0.75 0.307107 0.308312 0 0.000283361 0.00425706 0.0218118 0.0519104 0.0788465 0.0956522 0.0555506 7.35618e-18
0.7525 0.305988 0.305503 0 0.000264992 0.0040347 0.0209509 0.0505331 0.0777883 0.0956394 0.0562913 7.55465e-18
0.755 0.304854 0.302701 0 0.000247633 0.00382154 0.0201131 0.0491701 0.0767166 0.0956008 0.0570315 7.75778e-18
0.7575 0.303701 0.299907 0 0.000231241 0.00361729 0.0192981 0.0478219 0.0756319 0.0955359 0.0577711 7.96569e-18
0.76 0.30253 0.297121 0 0.00021577 0.0034217 0.0185057 0.0464888 0.0745346 0.0954446 0.0585095 8.17845e-18
0.7625 0.301337 0.294341 0 0.00020118 0.00323451 0.0177356 0.0451714 0.0734254 0.0953265 0.0592465 8.39616e-18
0.765 0.300122 0.291568 0 0.000187429 0.00305547 0.0169876 0.0438699 0.0723048 0.0951813 0.0599816 8.61893e-18
0.7675 0.298884 0.288801 0 0.000174477 0.00288431 0.0162614 0.0425848 0.0711733 0.0950088 0.0607144 8.84686e-18
0.77 0.29762 0.286041 0 0.000162287 0.0027208 0.0155568 0.0413165 0.0700315 0.0948085 0.0614445 9.08004e-18
0.7725 0.296329 0.283286 0 0.000150823 0.00256468 0.0148734 0.0400653 0.06888 0.0945804 0.0621715 9.31859e-18
0.775 0.295011 0.280537 0 0.000140049 0.00241572 0.014211 0.0388317 0.0677193 0.0943241 0.0628948 9.56259e-18
0.7775 0.293664 0.277792 0 0.00012993 0.00227368 0.0135694 0.0376159 0.06655 0.0940394 0.063614 9.81217e-18
0.78 0.292286 0.275053 0 0.000120435 0.00213832 0.0129481 0.0364182 0.0653728 0.0937261 0.0643287 1.00674e-17
0.7825 0.290876 0.272317 0 0.000111532 0.00200943 0.0123469 0.035239 0.0641883 0.0933839 0.0650384 1.03285e-17
0.785 0.289433 0.269586 0 0.00010319 0.00188676 0.0117655 0.0340786 0.062997 0.0930127 0.0657425 1.05954e-17
0.7875 0.287956 0.266859 0 9.53811e-05 0.00177012 0.0112035 0.0329372 0.0617996 0.0926123 0.0664405 1.08684e-17
0.79 0.286443 0.264135 0 8.80768e-05 0.00165927 0.0106607 0.0318152 0.0605968 0.0921825 0.0671319 1.11475e-17
0.7925 0.284894 0.261413 0 8.12504e-05 0.00155401 0.0101367 0.0307128 0.0593891 0.0917232 0.0678162 1.14329e-17
0.795 0.283308 0.258694 0 7.48761e-05 0.00145414 0.00963116 0.0296301 0.0581773 0.0912343 0.0684926 1.17246e-17
0.7975 0.281682 0.255978 0 6.89295e-05 0.00135944 0.00914377 0.0285675 0.056962 0.0907155 0.0691608 1.20229e-17
0.8 0.280017 0.253263 0 6.33869e-05 0.00126972 0.00867417 0.0275251 0.0557438 0.0901669 0.06982 1.23277e-17
0.8025 0.278311 0.25055 0 5.82256e-05 0.00118479 0.00822202 0.0265032 0.0545234 0.0895884 0.0704697 1.26393e-17
0.805 0.276563 0.247837 0 5.34241e-05 0.00110445 0.00778697 0.0255018 0.0533015 0.0889799 0.0711092 1.29577e-17
0.8075 0.274773 0.245125 0 4.89618e-05 0.00102853 0.00736867 0.0245212 0.0520788 0.0883414 0.0717379 1.32832e-17
0.81 0.272939 0.242414 0 4.48187e-05 0.00095684 0.00696676 0.0235615 0.050856 0.0876728 0.0723551 1.36158e-17
0.8125 0.271061 0.239702 0 4.09762e-05 0.000889205 0.00658089 0.0226229 0.0496337 0.0869742 0.07296 1.39556e-17
0.815 0.269138 0.236989 0 3.74161e-05 0.000825454 0.00621069 0.0217053 0.0484127 0.0862455 0.0735521 1.43029e-17
0.8175 0.267169 0.234276 0 3.41214e-05 0.000765421 0.00585579 0.020809 0.0471937 0.0854869 0.0741306 1.46576e-17
0.82 0.265154 0.23156 0 3.10757e-05 0.000708941 0.00551585 0.019934 0.0459773 0.0846985 0.0746947 1.50201e-17
0.8225 0.263091 0.228843 0 2.82634e-05 0.000655858 0.00519048 0.0190804 0.0447642 0.0838802 0.0752437 1.53904e-17
0.825 0.26098 0.226123 0 2.56696e-05 0.000606015 0.00487933 0.0182481 0.0435552 0.0830323 0.0757767 1.57686e-17
0.8275 0.25882 0.223401 0 2.32804e-05 0.000559266 0.00458203 0.0174372 0.042351 0.0821549 0.0762931 1.6155e-17
0.83 0.256612 0.220675 0 2.10824e-05 0.000515463 0.0042982 0.0166478 0.0411522 0.0812482 0.076792 1.65496e-17
0.8325 0.254354 0.217945 0 1.90628e-05 0.000474466 0.00402749 0.0158798 0.0399597 0.0803124 0.0772725 1.69526e-17
0.835 0.252045 0.215211 0 1.72097e-05 0.000436138 0.00376953 0.0151332 0.038774 0.0793477 0.0777337 1.73642e-17
0.8375 0.249687 0.212473 0 1.55116e-05 0.000400348 0.00352395 0.0144079 0.0375959 0.0783543 0.0781749 1.77845e-17
0.84 0.247277 0.209729 0 1.39578e-05 0.000366966 0.00329038 0.013704 0.0364261 0.0773327 0.078595 1.82136e-17
0.8425 0.244816 0.20698 0 1.25381e-05 0.00033587 0.00306846 0.0130212 0.0352653 0.076283 0.0789933 1.86518e-17
0.845 0.242304 0.204224 0 1.12429e-05 0.000306938 0.00285783 0.0123596 0.0341142 0.0752058 0.0793686 1.90992e-17
0.8475 0.23974 0.201462 0 1.0063e-05 0.000280057 0.00265813 0.0117189 0.0329735 0.0741012 0.0797201 1.9556e-17
0.85 0.237123 0.198693 0 8.98994e-06 0.000255113 0.002469 0.0110992 0.0318438 0.0729699 0.0800468 2.00223e-17
0.8525 0.234455 0.195916 0 8.01563e-06 0.000232 0.00229008 0.0105001 0.0307259 0.0718121 0.0803476 2.04983e-17
0.855 0.231734 0.193131 0 7.13249e-06 0.000210614 0.00212103 0.00992169 0.0296204 0.0706285 0.0806215 2.09841e-17
0.8575 0.228961 0.190337 0 6.33341e-06 0.000190856 0.00196148 0.00936365 0.028528 0.0694196 0.0808675 2.148e-17
0.86 0.226135 0.187535 0 5.61169e-06 0.000172629 0.0018111 0.00882582 0.0274494 0.0681858 0.0810844 2.19862e-17
0.8625 0.223256 0.184723 0 4.96109e-06 0.000155841 0.00166955 0.008308 0.0263852 0.0669279 0.0812712 2.25027e-17
0.865 0.220326 0.1819 0 4.37574e-06 0.000140405 0.00153647 0.00780996 0.025336 0.0656465 0.0814267 2.30298e-17
0.8675 0.217342 0.179068 0 3.85017e-06 0.000126236 0.00141155 0.00733146 0.0243025 0.0643422 0.0815497 2.35677e-17
0.87 0.214307 0.176224 0 3.37926e-06 0.000113252 0.00129444 0.00687226 0.0232853 0.0630158 0.0816391 2.41166e-17
0.8725 0.211219 0.173368 0 2.95826e-06 0.000101377 0.00118483 0.00643208 0.0222851 0.0616681 0.0816937 2.46766e-17
0.875 0.20808 0.1705 0 2.58272e-06 9.05365e-05 0.00108239 0.00601065 0.0213023 0.0602998 0.0817121 2.5248e-17
0.8775 0.204889 0.16762 0 2.24853e-06 8.066e-05 0.000986802 0.00560767 0.0203376 0.0589118 0.0816932 2.58309e-17
0.88 0.201646 0.164727 0 1.95187e-06 7.16804e-05 0.000897764 0.00522282 0.0193916 0.057505 0.0816357 2.64255e-17
0.8825 0.198353 0.161819 0 1.68919e-06 6.35337e-05 0.00081497 0.00485579 0.0184648 0.0560804 0.0815382 2.70321e-17
0.885 0.195008 0.158898 0 1.45723e-06 5.61592e-05 0.00073812 0.00450623 0.0175576 0.054639 0.0813993 2.76508e-17
0.8875 0.191614 0.155962 0 1.25295e-06 4.94993e-05 0.000666923 0.00417381 0.0166708 0.0531818 0.0812178 2.82819e-17
0.89 0.188169 0.15301 0 1.07359e-06 4.34994e-05 0.000601093 0.00385816 0.0158046 0.0517098 0.0809922 2.89256e-17
0.8925 0.184675 0.150043 0 9.16572e-07 3.81079e-05 0.00054035 0.0035589 0.0149597 0.0502243 0.0807209 2.9582e-17
0.895 0.181133 0.14706 0 7.79556e-07 3.32759e-05 0.000484422 0.00327566 0.0141364 0.0487264 0.0804027 3.02515e-17
0.8975 0.177542 0.144059 0 6.6039e-07 2.89574e-05 0.000433043 0.00300803 0.0133352 0.0472174 0.080036 3.09341e-17
0.9 0.173903 0.141041 0 5.57111e-07 2.51092e-05 0.000385954 0.00275562 0.0125565 0.0456986 0.0796192 3.16302e-17
0.9025 0.170217 0.138006 0 4.67928e-07 2.16905e-05 0.000342904 0.00251801 0.0118007 0.0441713 0.0791508 3.234e-17
0.905 0.166485 0.134952 0 3.91213e-07 1.86632e-05 0.000303649 0.00229476 0.011068 0.0426369 0.0786292 3.30636e-17
0.9075 0.162707 0.131878 0 3.2549e-07 1.59916e-05 0.000267952 0.00208546 0.0103589 0.0410971 0.0780528 3.38014e-17
0.91 0.158884 0.128786 0 2.69425e-07 1.36422e-05 0.000235583 0.00188967 0.00967366 0.0395531 0.0774199 3.45536e-17
0.9125 0.155017 0.125673 0 2.21814e-07 1.15841e-05 0.000206323 0.00170692 0.00901249 0.0380068 0.0767288 3.53204e-17
0.915 0.151107 0.12254 0 1.81574e-07 9.78821e-06 0.000179956 0.00153677 0.00837565 0.0364596 0.0759778 3.6102e-17
0.9175 0.147154 0.119385 0 1.47735e-07 8.22779e-06 0.000156277 0.00137876 0.00776334 0.0349134 0.0751652 3.68987e-17
0.92 0.14316 0.116209 0 1.19431e-07 6.87802e-06 0.000135089 0.00123243 0.00717572 0.0333699 0.0742891 3.77107e-17
0.9225 0.139125 0.113011 0 9.58909e-08 5.71598e-06 0.000116203 0.00109729 0.00661292 0.0318309 0.0733477 3.85383e-17
0.925 0.13505 0.10979 0 7.64311e-08 4.72062e-06 9.94351e-05 0.000972884 0.00607504 0.0302984 0.0723392 3.93818e-17
0.9275 0.130936 0.106545 0 6.04476e-08 3.87261e-06 8.46135e-05 0.000858731 0.00556211 0.0287744 0.0712616 4.02414e-17
0.93 0.126784 0.103277 0 4.74098e-08 3.15429e-06 7.15727e-05 0.000754351 0.00507417 0.027261 0.0701131 4.11174e-17
0.9325 0.122596 0.0999848 0 3.68531e-08 2.54958e-06 6.01552e-05 0.000659265 0.00461118 0.0257601 0.0688915 4.201e-17
0.935 0.118372 0.0966675 0 2.83729e-08 2.04386e-06 5.02122e-05 0.000572993 0.00417306 0.0242741 0.067595 4.29195e-17
0.9375 0.114113 0.0933248 0 2.16188e-08 1.62394e-06 4.16027e-05 0.000495056 0.0037597 0.0228053 0.0662215 4.38462e-17
0.94 0.109821 0.0899561 0 1.62887e-08 1.27794e-06 3.41938e-05 0.000424977 0.00337093 0.0213559 0.0647689 4.47904e-17
0.9425 0.105496 0.086561 0 1.21243e-08 9.95216e-07 2.78607e-05 0.000362281 0.00300654 0.0199283 0.063235 4.57523e-17
0.945 0.10114 0.083139 0 8.90574e-09 7.6628e-07 2.24862e-05 0.000306498 0.00266627 0.0185252 0.0616177 4.67322e-17
0.9475 0.0967538 0.0796894 0 6.44753e-09 5.82723e-07 1.79615e-05 0.00025716 0.0023498 0.0171491 0.0599148 4.77305e-17
0.95 0.0923389 0.0762118 0 4.59423e-09 4.37134e-07 1.4185e-05 0.000213808 0.00205676 0.0158026 0.058124 4.87473e-17
0.9525 0.0878963 0.0727057 0 3.21677e-09 3.23027e-07 1.1063e-05 0.000175988 0.00178674 0.0144885 0.056243 4.97831e-17
0.955 0.0834274 0.0691705 0 2.20897e-09 2.34763e-07 8.50904e-06 0.000143256 0.00153926 0.0132097 0.0542696 5.08381e-17
0.9575 0.0789334 0.0656058 0 1.48443e-09 1.67478e-07 6.4442e-06 0.000115176 0.00131376 0.011969 0.0522012 5.19126e-17
0.96 0.0744155 0.062011 0 9.73622e-10 1.17017e-07 4.79647e-06 9.13217e-05 0.00110967 0.0107695 0.0500356 5.30068e-17
0.9625 0.0698752 0.0583855 0 6.21325e-10 7.98613e-08 3.50079e-06 7.12816e-05 0.000926305 0.00961423 0.0477702 5.41213e-17
0.965 0.0653136 0.0547291 0 3.84329e-10 5.30653e-08 2.49879e-06 5.46551e-05 0.000762952 0.00850643 0.0454025 5.52561e-17
0.9675 0.0607322 0.051041 0 2.29368e-10 3.4194e-08 1.73851e-06 4.10569e-05 0.000618816 0.00744938 0.0429299 5.64118e-17
0.97 0.0561323 0.0473208 0 1.31317e-10 2.12627e-08 1.17417e-06 3.01177e-05 0.000493036 0.00644645 0.04035 5.75885e-17
0.9725 0.0515153 0.043568 0 7.16008e-11 1.26801e-08 7.65844e-07 2.14852e-05 0.000384683 0.00550111 0.03766 5.87867e-17
0.975 0.0468826 0.0397822 0 3.6837e-11 7.19444e-09 4.79206e-07 1.48261e-05 0.000292752 0.00461695 0.0348572 6.00066e-17
0.9775 0.0422354 0.0359628 0 1.76642e-11 3.84305e-09 2.85148e-07 9.82758e-06 0.000216166 0.00379763 0.0319389 6.12486e-17
0.98 0.0375754 0.0321094 0 7.76489e-12 1.90537e-09 1.59454e-07 6.19831e-06 0.000153772 0.00304694 0.0289023 6.25131e-17
0.9825 0.0329038 0.0282214 0 3.05702e-12 8.5949e-10 8.2413e-08 3.67055e-06 0.000104336 0.00236875 0.0257446 6.38003e-17
0.985 0.0282221 0.0242985 0 1.04178e-12 3.42584e-10 3.84214e-08 2.00152e-06 6.65444e-05 0.00176704 0.0224629 6.51106e-17
0.9875 0.0235317 0.0203401 0 2.91478e-13 1.15314e-10 1.55586e-08 9.75074e-07 3.90007e-05 0.00124592 0.0190542 6.64445e-17
0.99 0.0188341 0.0163457 0 6.12822e-14 3.03821e-11 5.13705e-09 4.0345e-07 2.02224e-05 0.000809578 0.0155155 6.78022e-17
0.9925 0.0141306 0.012315 0 8.20085e-15 5.43471e-12 1.2283e-09 1.28949e-07 8.63958e-06 0.000462331 0.0118439 6.91841e-17
0.995 0.00942284 0.00824744 0 4.81185e-16 4.79528e-13 1.62977e-10 2.57289e-08 2.59228e-06 0.000208606 0.00803622 7.05906e-17
0.9975 0.00471215 0.00414259 0 3.76871e-18 7.53032e-15 5.13153e-12 1.62428e-09 3.28126e-07 5.29426e-05 0.00408931 7.2022e-17
1 7.34788e-17 7.34788e-17 0 0 0 0 0 0 0 0 7.34788e-17
