x f sum b0 b1 b2 b3 b4
-3 1.24582 1.43639 1.44701 -0.0106183 -1.37252e-24 2.46293e-18 -7.78519e-32
-2.99 1.2592 1.43545 1.44672 -0.0112726 -1.5472e-24 2.94807e-18 -9.89494e-32
-2.98 1.27191 1.43389 1.44585 -0.0119625 -1.74342e-24 3.52737e-18 -1.25714e-31
-2.97 1.28392 1.43172 1.44441 -0.0126895 -1.96374e-24 4.2188e-18 -1.59654e-31
-2.96 1.29521 1.42893 1.44239 -0.0134553 -2.21101e-24 5.04376e-18 -2.02676e-31
-2.95 1.30575 1.42553 1.43979 -0.0142617 -2.48842e-24 6.02761e-18 -2.57188e-31
-2.94 1.31552 1.42152 1.43663 -0.0151103 -2.79952e-24 7.20051e-18 -3.26232e-31
-2.93 1.32449 1.4169 1.4329 -0.016003 -3.14826e-24 8.59819e-18 -4.13645e-31
-2.92 1.33266 1.41167 1.42861 -0.0169416 -3.53902e-24 1.02631e-17 -5.24271e-31
-2.91 1.33999 1.40583 1.42376 -0.0179282 -3.97669e-24 1.22454e-17 -6.64217e-31
-2.9 1.34647 1.39939 1.41836 -0.0189646 -4.4667e-24 1.46048e-17 -8.41183e-31
-2.89 1.35208 1.39236 1.41241 -0.0200529 -5.01508e-24 1.74119e-17 -1.06487e-30
-2.88 1.3568 1.38474 1.40593 -0.0211952 -5.62853e-24 2.07501e-17 -1.3475e-30
-2.87 1.36063 1.37653 1.39892 -0.0223936 -6.3145e-24 2.47185e-17 -1.70447e-30
-2.86 1.36354 1.36774 1.39139 -0.0236503 -7.08124e-24 2.9434e-17 -2.15514e-30
-2.85 1.36552 1.35837 1.38334 -0.0249675 -7.9379e-24 3.50351e-17 -2.72387e-30
-2.84 1.36657 1.34844 1.37479 -0.0263475 -8.89464e-24 4.16854e-17 -3.44131e-30
-2.83 1.36666 1.33795 1.36575 -0.0277927 -9.96271e-24 4.95782e-17 -4.34599e-30
-2.82 1.3658 1.32691 1.35622 -0.0293055 -1.11546e-23 5.89419e-17 -5.4863e-30
-2.81 1.36397 1.31533 1.34622 -0.0308882 -1.2484e-23 7.00459e-17 -6.92303e-30
-2.8 1.36116 1.30322 1.33576 -0.0325434 -1.39663e-23 8.32087e-17 -8.73251e-30
-2.79 1.35738 1.29058 1.32485 -0.0342736 -1.56184e-23 9.88053e-17 -1.10105e-29
-2.78 1.35261 1.27743 1.31351 -0.0360813 -1.74589e-23 1.17278e-16 -1.38773e-29
-2.77 1.34686 1.26377 1.30174 -0.0379692 -1.95085e-23 1.3915e-16 -1.74834e-29
-2.76 1.34012 1.24962 1.28956 -0.0399399 -2.179e-23 1.65034e-16 -2.20178e-29
-2.75 1.33239 1.23499 1.27698 -0.041996 -2.43285e-23 1.95655e-16 -2.77172e-29
-2.74 1.32367 1.21988 1.26402 -0.0441404 -2.7152e-23 2.31864e-16 -3.48779e-29
-2.73 1.31397 1.20432 1.2507 -0.0463757 -3.0291e-23 2.74665e-16 -4.3871e-29
-2.72 1.30328 1.18831 1.23701 -0.0487047 -3.37793e-23 3.25236e-16 -5.51608e-29
-2.71 1.29162 1.17186 1.22299 -0.0511302 -3.76544e-23 3.84965e-16 -6.93283e-29
-2.7 1.27899 1.15499 1.20865 -0.053655 -4.19572e-23 4.5548e-16 -8.70997e-29
-2.69 1.2654 1.13771 1.19399 -0.056282 -4.67329e-23 5.38696e-16 -1.09383e-28
-2.68 1.25086 1.12003 1.17904 -0.059014 -5.20315e-23 6.36861e-16 -1.37312e-28
-2.67 1.23537 1.10196 1.16381 -0.0618539 -5.79076e-23 7.52613e-16 -1.72303e-28
-2.66 1.21895 1.08352 1.14832 -0.0648045 -6.44216e-23 8.89048e-16 -2.16124e-28
-2.65 1.20161 1.06471 1.13258 -0.0678687 -7.16397e-23 1.0498e-15 -2.70982e-28
-2.64 1.18337 1.04556 1.11661 -0.0710494 -7.96346e-23 1.23911e-15 -3.39629e-28
-2.63 1.16424 1.02608 1.10043 -0.0743494 -8.84864e-23 1.46199e-15 -4.25495e-28
-2.62 1.14424 1.00627 1.08405 -0.0777715 -9.82828e-23 1.72426e-15 -5.32857e-28
-2.61 1.12338 0.986161 1.06748 -0.0813186 -1.0912e-22 2.03276e-15 -6.67042e-28
-2.6 1.10168 0.965753 1.05075 -0.0849935 -1.21104e-22 2.39551e-15 -8.34684e-28
-2.59 1.07917 0.945062 1.03386 -0.088799 -1.3435e-22 2.82186e-15 -1.04404e-27
-2.58 1.05586 0.924103 1.01684 -0.0927377 -1.48986e-22 3.32276e-15 -1.30539e-27
-2.57 1.03177 0.902888 0.999701 -0.0968124 -1.65149e-22 3.91101e-15 -1.6315e-27
-2.56 1.00694 0.881431 0.982456 -0.101026 -1.82993e-22 4.60156e-15 -2.03826e-27
-2.55 0.981376 0.859743 0.965123 -0.10538 -2.02684e-22 5.41188e-15 -2.54543e-27
-2.54 0.955113 0.837838 0.947717 -0.109878 -2.24404e-22 6.36234e-15 -3.17751e-27
-2.53 0.928173 0.815729 0.930252 -0.114523 -2.48352e-22 7.47673e-15 -3.96497e-27
-2.52 0.900585 0.793428 0.912744 -0.119316 -2.74747e-22 8.78281e-15 -4.9456e-27
-2.51 0.872375 0.770948 0.895208 -0.12426 -3.03824e-22 1.03129e-14 -6.16629e-27
-2.5 0.843572 0.7483 0.877657 -0.129357 -3.35845e-22 1.21047e-14 -7.68521e-27
-2.49 0.814205 0.725497 0.860106 -0.134609 -3.71092e-22 1.42022e-14 -9.57445e-27
-2.48 0.784305 0.702551 0.842569 -0.140019 -4.09874e-22 1.66564e-14 -1.19233e-26
-2.47 0.753901 0.679473 0.82506 -0.145587 -4.52528e-22 1.9527e-14 -1.48426e-26
-2.46 0.723025 0.656274 0.807591 -0.151317 -4.99421e-22 2.2883e-14 -1.84691e-26
-2.45 0.69171 0.632967 0.790176 -0.157209 -5.50953e-22 2.68052e-14 -2.29725e-26
-2.44 0.659987 0.609562 0.772827 -0.163265 -6.07559e-22 3.13871e-14 -2.85626e-26
-2.43 0.627889 0.586071 0.755557 -0.169487 -6.69713e-22 3.67374e-14 -3.54988e-26
-2.42 0.59545 0.562503 0.738378 -0.175875 -7.3793e-22 4.29826e-14 -4.41017e-26
-2.41 0.562704 0.538869 0.721301 -0.182432 -8.12771e-22 5.02694e-14 -5.47676e-26
-2.4 0.529684 0.51518 0.704336 -0.189157 -8.94844e-22 5.87679e-14 -6.79857e-26
-2.39 0.496425 0.491445 0.687496 -0.196051 -9.8481e-22 6.86757e-14 -8.43604e-26
-2.38 0.462962 0.467674 0.67079 -0.203116 -1.08339e-21 8.02219e-14 -1.04637e-25
-2.37 0.429329 0.443878 0.654228 -0.21035 -1.19136e-21 9.36717e-14 -1.29736e-25
-2.36 0.395562 0.420064 0.63782 -0.217756 -1.30956e-21 1.09333e-13 -1.6079e-25
-2.35 0.361695 0.396243 0.621575 -0.225332 -1.43892e-21 1.27561e-13 -1.99198e-25
-2.34 0.327764 0.372422 0.605501 -0.233078 -1.58043e-21 1.48769e-13 -2.46682e-25
-2.33 0.293803 0.348612 0.589607 -0.240995 -1.73515e-21 1.73434e-13 -3.05362e-25
-2.32 0.259849 0.32482 0.5739 -0.24908 -1.90426e-21 2.02107e-13 -3.7785e-25
-2.31 0.225935 0.301055 0.558389 -0.257334 -2.08902e-21 2.35426e-13 -4.67359e-25
-2.3 0.192097 0.277325 0.54308 -0.265755 -2.29078e-21 2.74128e-13 -5.77841e-25
-2.29 0.158368 0.253637 0.527979 -0.274342 -2.51103e-21 3.19065e-13 -7.14154e-25
-2.28 0.124784 0.229999 0.513092 -0.283093 -2.75136e-21 3.7122e-13 -8.8227e-25
-2.27 0.091378 0.20642 0.498426 -0.292006 -3.01347e-21 4.31728e-13 -1.08953e-24
-2.26 0.0581838 0.182906 0.483986 -0.30108 -3.29925e-21 5.01898e-13 -1.34493e-24
-2.25 0.0252346 0.159465 0.469776 -0.310311 -3.61067e-21 5.83238e-13 -1.65954e-24
-2.24 -0.00743708 0.136103 0.455801 -0.319697 -3.94991e-21 6.77491e-13 -2.04693e-24
-2.23 -0.039799 0.112828 0.442065 -0.329236 -4.3193e-21 7.8666e-13 -2.52374e-24
-2.22 -0.0718194 0.0896471 0.428571 -0.338924 -4.72135e-21 9.13055e-13 -3.11037e-24
-2.21 -0.103468 0.0665659 0.415323 -0.348757 -5.15875e-21 1.05933e-12 -3.83183e-24
-2.2 -0.134713 0.0435915 0.402323 -0.358732 -5.63442e-21 1.22856e-12 -4.71874e-24
-2.19 -0.165526 0.0207303 0.389575 -0.368844 -6.15149e-21 1.42424e-12 -5.80862e-24
-2.18 -0.195878 -0.00201108 0.377079 -0.379091 -6.71332e-21 1.65044e-12 -7.14736e-24
-2.17 -0.22574 -0.0246265 0.364839 -0.389465 -7.32354e-21 1.91179e-12 -8.79113e-24
-2.16 -0.255085 -0.0471097 0.352855 -0.399964 -7.98603e-21 2.21365e-12 -1.08086e-23
-2.15 -0.283888 -0.0694544 0.341127 -0.410582 -8.70497e-21 2.56213e-12 -1.32838e-23
-2.14 -0.312122 -0.0916545 0.329658 -0.421313 -9.48483e-21 2.9643e-12 -1.63192e-23
-2.13 -0.339762 -0.113704 0.318447 -0.432151 -1.03304e-20 3.42822e-12 -2.00403e-23
-2.12 -0.366786 -0.135597 0.307494 -0.443091 -1.12469e-20 3.96316e-12 -2.45999e-23
-2.11 -0.393169 -0.157327 0.296799 -0.454126 -1.22398e-20 4.57973e-12 -3.01849e-23
-2.1 -0.418892 -0.178888 0.286362 -0.46525 -1.3315e-20 5.29012e-12 -3.70231e-23
-2.09 -0.443933 -0.200275 0.276181 -0.476456 -1.44789e-20 6.10825e-12 -4.53923e-23
-2.08 -0.468273 -0.221481 0.266255 -0.487736 -1.57382e-20 7.05009e-12 -5.56311e-23
-2.07 -0.491894 -0.2425 0.256584 -0.499084 -1.71003e-20 8.1339e-12 -6.81522e-23
-2.06 -0.514778 -0.263327 0.247165 -0.510492 -1.85727e-20 9.38057e-12 -8.34579e-23
-2.05 -0.536909 -0.283955 0.237996 -0.521952 -2.01639e-20 1.0814e-11 -1.0216e-22
-2.04 -0.558272 -0.304379 0.229076 -0.533455 -2.18826e-20 1.24615e-11 -1.25004e-22
-2.03 -0.578855 -0.324592 0.220403 -0.544994 -2.37384e-20 1.43542e-11 -1.52894e-22
-2.02 -0.598644 -0.344588 0.211972 -0.55656 -2.57412e-20 1.65278e-11 -1.86932e-22
-2.01 -0.617629 -0.364361 0.203783 -0.568144 -2.79019e-20 1.90228e-11 -2.28456e-22
-2 -0.635799 -0.383906 0.195832 -0.579737 -3.02318e-20 2.18859e-11 -2.79092e-22
-1.99 -0.653146 -0.403215 0.188115 -0.59133 -3.27432e-20 2.51697e-11 -3.40816e-22
-1.98 -0.669663 -0.422283 0.180631 -0.602914 -3.5449e-20 2.89347e-11 -4.16024e-22
-1.97 -0.685343 -0.441104 0.173375 -0.614479 -3.8363e-20 3.32495e-11 -5.07625e-22
-1.96 -0.700181 -0.459672 0.166344 -0.626015 -4.15e-20 3.81926e-11 -6.19147e-22
-1.95 -0.714175 -0.477979 0.159534 -0.637513 -4.48756e-20 4.38529e-11 -7.54868e-22
-1.94 -0.727321 -0.496021 0.152942 -0.648963 -4.85063e-20 5.0332e-11 -9.19972e-22
-1.93 -0.73962 -0.51379 0.146563 -0.660353 -5.24098e-20 5.77452e-11 -1.12074e-21
-1.92 -0.751071 -0.531281 0.140394 -0.671675 -5.66048e-20 6.62239e-11 -1.36477e-21
-1.91 -0.761676 -0.548486 0.134432 -0.682918 -6.11111e-20 7.5917e-11 -1.66128e-21
-1.9 -0.771438 -0.565401 0.128671 -0.694072 -6.59498e-20 8.69941e-11 -2.02139e-21
-1.89 -0.780361 -0.582018 0.123107 -0.705125 -7.11431e-20 9.96477e-11 -2.45859e-21
-1.88 -0.78845 -0.598331 0.117737 -0.716068 -7.67147e-20 1.14096e-10 -2.98915e-21
-1.87 -0.795713 -0.614333 0.112557 -0.72689 -8.26896e-20 1.30587e-10 -3.63274e-21
-1.86 -0.802157 -0.63002 0.107561 -0.73758 -8.90942e-20 1.49402e-10 -4.41314e-21
-1.85 -0.807791 -0.645383 0.102746 -0.748129 -9.59564e-20 1.70859e-10 -5.35905e-21
-1.84 -0.812625 -0.660418 0.0981067 -0.758524 -1.03306e-19 1.9532e-10 -6.50511e-21
-1.83 -0.816671 -0.675117 0.0936398 -0.768757 -1.11174e-19 2.23194e-10 -7.89309e-21
-1.82 -0.819942 -0.689476 0.0893406 -0.778816 -1.19593e-19 2.54943e-10 -9.57339e-21
-1.81 -0.822452 -0.703487 0.0852046 -0.788691 -1.28598e-19 2.91092e-10 -1.16068e-20
-1.8 -0.824214 -0.717145 0.0812277 -0.798372 -1.38227e-19 3.32234e-10 -1.40664e-20
-1.79 -0.825245 -0.730444 0.0774053 -0.807849 -1.48516e-19 3.7904e-10 -1.70404e-20
-1.78 -0.825562 -0.743378 0.0737334 -0.817111 -1.59508e-19 4.32266e-10 -2.0635e-20
-1.77 -0.825183 -0.755941 0.0702076 -0.826149 -1.71245e-19 4.92769e-10 -2.49778e-20
-1.76 -0.824127 -0.768129 0.0668236 -0.834953 -1.83772e-19 5.61516e-10 -3.02225e-20
-1.75 -0.822414 -0.779935 0.0635773 -0.843513 -1.97136e-19 6.39599e-10 -3.65539e-20
-1.74 -0.820063 -0.791355 0.0604645 -0.85182 -2.11388e-19 7.28247e-10 -4.41939e-20
-1.73 -0.817098 -0.802384 0.0574811 -0.859865 -2.26579e-19 8.28851e-10 -5.34094e-20
-1.72 -0.81354 -0.813015 0.054623 -0.867638 -2.42765e-19 9.42976e-10 -6.45208e-20
-1.71 -0.809413 -0.823246 0.0518864 -0.875132 -2.60003e-19 1.07239e-09 -7.79126e-20
-1.7 -0.80474 -0.833071 0.0492671 -0.882338 -2.78354e-19 1.21907e-09 -9.40463e-20
-1.69 -0.799547 -0.842486 0.0467613 -0.889247 -2.97881e-19 1.38526e-09 -1.13476e-19
-1.68 -0.793858 -0.851487 0.0443652 -0.895852 -3.1865e-19 1.57347e-09 -1.36864e-19
-1.67 -0.7877 -0.86007 0.0420751 -0.902145 -3.40731e-19 1.78655e-09 -1.65007e-19
-1.66 -0.781099 -0.868231 0.0398872 -0.908119 -3.64197e-19 2.02767e-09 -1.98857e-19
-1.65 -0.774082 -0.875968 0.037798 -0.913766 -3.89122e-19 2.30041e-09 -2.39556e-19
-1.64 -0.766677 -0.883278 0.0358039 -0.919082 -4.15588e-19 2.60879e-09 -2.88469e-19
-1.63 -0.758912 -0.890157 0.0339014 -0.924058 -4.43676e-19 2.95733e-09 -3.4723e-19
-1.62 -0.750814 -0.896603 0.0320872 -0.92869 -4.73472e-19 3.35109e-09 -4.17794e-19
-1.61 -0.742413 -0.902614 0.0303579 -0.932972 -5.05068e-19 3.79576e-09 -5.02496e-19
-1.6 -0.733738 -0.908188 0.0287103 -0.936899 -5.38557e-19 4.29772e-09 -6.04129e-19
-1.59 -0.724817 -0.913324 0.0271413 -0.940466 -5.74037e-19 4.86412e-09 -7.26027e-19
-1.58 -0.715681 -0.918021 0.0256478 -0.943669 -6.11609e-19 5.50296e-09 -8.72173e-19
-1.57 -0.706358 -0.922277 0.0242267 -0.946504 -6.5138e-19 6.22321e-09 -1.04732e-18
-1.56 -0.696879 -0.926093 0.0228753 -0.948968 -6.9346e-19 7.03491e-09 -1.25713e-18
-1.55 -0.687272 -0.929467 0.0215906 -0.951058 -7.37963e-19 7.94931e-09 -1.50837e-18
-1.54 -0.677568 -0.932402 0.0203698 -0.952771 -7.85008e-19 8.97897e-09 -1.80911e-18
-1.53 -0.667796 -0.934896 0.0192105 -0.954106 -8.34718e-19 1.01379e-08 -2.16893e-18
-1.52 -0.657986 -0.936951 0.0181098 -0.955061 -8.87221e-19 1.14419e-08 -2.59927e-18
-1.51 -0.648166 -0.938569 0.0170654 -0.955634 -9.42649e-19 1.29085e-08 -3.11376e-18
-1.5 -0.638365 -0.93975 0.0160748 -0.955825 -1.00114e-18 1.45572e-08 -3.7286e-18
-1.49 -0.628614 -0.940498 0.0151357 -0.955634 -1.06283e-18 1.64099e-08 -4.46305e-18
-1.48 -0.618939 -0.940815 0.0142457 -0.955061 -1.12788e-18 1.8491e-08 -5.34004e-18
-1.47 -0.609369 -0.940703 0.0134027 -0.954106 -1.19643e-18 2.08277e-08 -6.38679e-18
-1.46 -0.599931 -0.940167 0.0126045 -0.952771 -1.26863e-18 2.34504e-08 -7.63568e-18
-1.45 -0.590654 -0.939209 0.0118491 -0.951058 -1.34466e-18 2.63926e-08 -9.12513e-18
-1.44 -0.581563 -0.937833 0.0111346 -0.948968 -1.42467e-18 2.96922e-08 -1.09008e-17
-1.43 -0.572684 -0.936045 0.0104589 -0.946504 -1.50884e-18 3.3391e-08 -1.30167e-17
-1.42 -0.564044 -0.933848 0.00982034 -0.943669 -1.59734e-18 3.75354e-08 -1.55371e-17
-1.41 -0.555666 -0.931248 0.00921706 -0.940466 -1.69035e-18 4.21774e-08 -1.85382e-17
-1.4 -0.547576 -0.928251 0.00864738 -0.936899 -1.78807e-18 4.73746e-08 -2.21101e-17
-1.39 -0.539797 -0.924862 0.00810966 -0.932972 -1.89068e-18 5.31908e-08 -2.63596e-17
-1.38 -0.532351 -0.921088 0.00760234 -0.92869 -1.99838e-18 5.96972e-08 -3.14133e-17
-1.37 -0.52526 -0.916934 0.0071239 -0.924058 -2.11137e-18 6.69727e-08 -3.7421e-17
-1.36 -0.518546 -0.912409 0.00667291 -0.919082 -2.22986e-18 7.51049e-08 -4.45598e-17
-1.35 -0.512228 -0.907518 0.00624797 -0.913766 -2.35405e-18 8.41908e-08 -5.30393e-17
-1.34 -0.506327 -0.902271 0.00584774 -0.908119 -2.48417e-18 9.43381e-08 -6.3107e-17
-1.33 -0.50086 -0.896674 0.00547097 -0.902145 -2.62043e-18 1.05666e-07 -7.50558e-17
-1.32 -0.495844 -0.890735 0.00511642 -0.895852 -2.76306e-18 1.18307e-07 -8.92313e-17
-1.31 -0.491297 -0.884464 0.00478294 -0.889247 -2.91229e-18 1.32408e-07 -1.06042e-16
-1.3 -0.487232 -0.877868 0.00446941 -0.882338 -3.06835e-18 1.48129e-07 -1.25969e-16
-1.29 -0.483666 -0.870957 0.00417476 -0.875132 -3.23147e-18 1.65651e-07 -1.4958e-16
-1.28 -0.48061 -0.86374 0.00389797 -0.867638 -3.40192e-18 1.85172e-07 -1.77546e-16
-1.27 -0.478078 -0.856226 0.00363808 -0.859865 -3.57991e-18 2.0691e-07 -2.10657e-16
-1.26 -0.476079 -0.848425 0.00339416 -0.85182 -3.76572e-18 2.31108e-07 -2.49843e-16
-1.25 -0.474624 -0.840347 0.00316533 -0.843513 -3.95958e-18 2.58033e-07 -2.96199e-16
-1.24 -0.473721 -0.832002 0.00295074 -0.834953 -4.16176e-18 2.87978e-07 -3.51016e-16
-1.23 -0.473378 -0.823399 0.0027496 -0.826149 -4.37252e-18 3.21271e-07 -4.15812e-16
-1.22 -0.473601 -0.81455 0.00256115 -0.817111 -4.59211e-18 3.5827e-07 -4.92371e-16
-1.21 -0.474396 -0.805464 0.00238466 -0.807849 -4.82079e-18 3.99369e-07 -5.82793e-16
-1.2 -0.475765 -0.796152 0.00221944 -0.798372 -5.05885e-18 4.45005e-07 -6.89545e-16
-1.19 -0.477713 -0.786626 0.00206485 -0.788691 -5.30653e-18 4.95658e-07 -8.15525e-16
-1.18 -0.480239 -0.776895 0.00192025 -0.778816 -5.56412e-18 5.51855e-07 -9.64136e-16
-1.17 -0.483345 -0.766971 0.00178507 -0.768757 -5.83187e-18 6.14178e-07 -1.13937e-15
-1.16 -0.487029 -0.756865 0.00165874 -0.758524 -6.11007e-18 6.83267e-07 -1.34592e-15
-1.15 -0.491289 -0.746587 0.00154073 -0.748129 -6.39898e-18 7.59823e-07 -1.58927e-15
-1.14 -0.496121 -0.736149 0.00143055 -0.73758 -6.69887e-18 8.44619e-07 -1.87588e-15
-1.13 -0.501522 -0.725561 0.00132771 -0.72689 -7.01001e-18 9.38503e-07 -2.21328e-15
-1.12 -0.507484 -0.714835 0.00123177 -0.716068 -7.33266e-18 1.0424e-06 -2.61033e-15
-1.11 -0.514001 -0.703981 0.00114231 -0.705125 -7.6671e-18 1.15735e-06 -3.07738e-15
-1.1 -0.521064 -0.693011 0.00105893 -0.694072 -8.01359e-18 1.28445e-06 -3.62653e-15
-1.09 -0.528664 -0.681935 0.000981234 -0.682918 -8.37238e-18 1.42494e-06 -4.27198e-15
-1.08 -0.536791 -0.670765 0.000908878 -0.671675 -8.74374e-18 1.58017e-06 -5.03029e-15
-1.07 -0.545431 -0.65951 0.000841521 -0.660353 -9.12793e-18 1.7516e-06 -5.92083e-15
-1.06 -0.554574 -0.648182 0.000778844 -0.648963 -9.52518e-18 1.94086e-06 -6.96625e-15
-1.05 -0.564203 -0.636791 0.000720547 -0.637513 -9.93574e-18 2.1497e-06 -8.19297e-15
-1.04 -0.574305 -0.625347 0.000666347 -0.626015 -1.03599e-17 2.38007e-06 -9.63187e-15
-1.03 -0.584863 -0.613861 0.000615978 -0.614479 -1.07978e-17 2.63407e-06 -1.13189e-14
-1.02 -0.595859 -0.602342 0.000569188 -0.602914 -1.12497e-17 2.91401e-06 -1.32962e-14
-1.01 -0.607276 -0.590801 0.000525742 -0.59133 -1.17158e-17 3.22241e-06 -1.56126e-14
-1 -0.619094 -0.579248 0.000485418 -0.579737 -1.21964e-17 3.56203e-06 -1.83252e-14
-0.99 -0.631293 -0.567692 0.000448008 -0.568144 -1.26916e-17 3.93586e-06 -2.15005e-14
-0.98 -0.643851 -0.556142 0.000413315 -0.55656 -1.32016e-17 4.34719e-06 -2.5216e-14
-0.97 -0.656748 -0.544608 0.000381157 -0.544994 -1.37266e-17 4.79959e-06 -2.95616e-14
-0.96 -0.669959 -0.533098 0.00035136 -0.533455 -1.42668e-17 5.29695e-06 -3.46424e-14
-0.95 -0.683462 -0.521622 0.000323763 -0.521952 -1.48224e-17 5.8435e-06 -4.05801e-14
-0.94 -0.697231 -0.510187 0.000298214 -0.510492 -1.53934e-17 6.44388e-06 -4.75165e-14
-0.93 -0.711242 -0.498803 0.000274571 -0.499084 -1.598e-17 7.10309e-06 -5.56163e-14
-0.92 -0.725469 -0.487476 0.000252702 -0.487736 -1.65823e-17 7.82662e-06 -6.50709e-14
-0.91 -0.739885 -0.476215 0.000232482 -0.476456 -1.72005e-17 8.62039e-06 -7.61022e-14
-0.9 -0.754463 -0.465027 0.000213794 -0.46525 -1.78346e-17 9.49087e-06 -8.8968e-14
-0.89 -0.769176 -0.453919 0.000196529 -0.454126 -1.84846e-17 1.04451e-05 -1.03967e-13
-0.88 -0.783995 -0.442899 0.000180587 -0.443091 -1.91507e-17 1.14906e-05 -1.21447e-13
-0.87 -0.798891 -0.431972 0.000165871 -0.432151 -1.98328e-17 1.26358e-05 -1.41808e-13
-0.86 -0.813836 -0.421146 0.000152294 -0.421313 -2.05311e-17 1.38895e-05 -1.65518e-13
-0.85 -0.8288 -0.410427 0.000139772 -0.410582 -2.12454e-17 1.52615e-05 -1.93113e-13
-0.84 -0.843753 -0.399819 0.000128228 -0.399964 -2.19757e-17 1.67623e-05 -2.2522e-13
-0.83 -0.858665 -0.389329 0.000117591 -0.389465 -2.27221e-17 1.84033e-05 -2.62559e-13
-0.82 -0.873506 -0.378963 0.000107793 -0.379091 -2.34845e-17 2.01969e-05 -3.05967e-13
-0.81 -0.888245 -0.368724 9.87717e-05 -0.368844 -2.42627e-17 2.21565e-05 -3.56408e-13
-0.8 -0.902852 -0.358617 9.04694e-05 -0.358732 -2.50566e-17 2.42965e-05 -4.14999e-13
-0.79 -0.917296 -0.348647 8.28317e-05 -0.348757 -2.58662e-17 2.66324e-05 -4.83029e-13
-0.78 -0.931546 -0.338819 7.58086e-05 -0.338924 -2.66913e-17 2.91814e-05 -5.61986e-13
-0.77 -0.945572 -0.329135 6.93531e-05 -0.329236 -2.75317e-17 3.19614e-05 -6.53588e-13
-0.76 -0.959342 -0.319599 6.3422e-05 -0.319697 -2.83872e-17 3.49924e-05 -7.59817e-13
-0.75 -0.972828 -0.310215 5.7975e-05 -0.310311 -2.92576e-17 3.82954e-05 -8.82957e-13
-0.74 -0.985997 -0.300985 5.29745e-05 -0.30108 -3.01426e-17 4.18935e-05 -1.02565e-12
-0.73 -0.99882 -0.291912 4.8386e-05 -0.292006 -3.10419e-17 4.58113e-05 -1.19091e-12
-0.72 -1.01127 -0.282999 4.41773e-05 -0.283093 -3.19553e-17 5.00754e-05 -1.38226e-12
-0.71 -1.02331 -0.274247 4.03185e-05 -0.274342 -3.28824e-17 5.47146e-05 -1.60371e-12
-0.7 -1.03492 -0.265659 3.67821e-05 -0.265755 -3.38229e-17 5.97596e-05 -1.8599e-12
-0.69 -1.04606 -0.257235 3.35424e-05 -0.257334 -3.47764e-17 6.52438e-05 -2.15614e-12
-0.68 -1.05672 -0.248978 3.05759e-05 -0.24908 -3.57424e-17 7.12027e-05 -2.49858e-12
-0.67 -1.06685 -0.240889 2.78605e-05 -0.240995 -3.67206e-17 7.76748e-05 -2.89424e-12
-0.66 -1.07644 -0.232968 2.53762e-05 -0.233078 -3.77105e-17 8.47012e-05 -3.35121e-12
-0.65 -1.08545 -0.225217 2.31041e-05 -0.225332 -3.87116e-17 9.23264e-05 -3.87878e-12
-0.64 -1.09387 -0.217634 2.10271e-05 -0.217756 -3.97233e-17 0.000100598 -4.48762e-12
-0.63 -1.10166 -0.210222 1.91291e-05 -0.21035 -4.07452e-17 0.000109566 -5.18994e-12
-0.62 -1.10881 -0.202979 1.73955e-05 -0.203116 -4.17767e-17 0.000119287 -5.99977e-12
-0.61 -1.11528 -0.195905 1.58127e-05 -0.196051 -4.28171e-17 0.000129818 -6.9332e-12
-0.6 -1.12106 -0.189001 1.43681e-05 -0.189157 -4.3866e-17 0.000141222 -8.00865e-12
-0.59 -1.12612 -0.182265 1.30503e-05 -0.182432 -4.49225e-17 0.000153566 -9.24721e-12
-0.58 -1.13044 -0.175696 1.18486e-05 -0.175875 -4.59861e-17 0.000166923 -1.0673e-11
-0.57 -1.13401 -0.169295 1.07533e-05 -0.169487 -4.7056e-17 0.000181368 -1.23138e-11
-0.56 -1.1368 -0.163058 9.7553e-06 -0.163265 -4.81316e-17 0.000196986 -1.42011e-11
-0.55 -1.1388 -0.156986 8.8464e-06 -0.157209 -4.92121e-17 0.000213862 -1.63712e-11
-0.54 -1.13998 -0.151077 8.01898e-06 -0.151317 -5.02967e-17 0.000232091 -1.88653e-11
-0.53 -1.14033 -0.145328 7.26604e-06 -0.145587 -5.13846e-17 0.000251774 -2.17306e-11
-0.52 -1.13985 -0.139739 6.58116e-06 -0.140019 -5.24751e-17 0.000273016 -2.50212e-11
-0.51 -1.1385 -0.134307 5.95845e-06 -0.134609 -5.35673e-17 0.000295932 -2.87985e-11
-0.5 -1.13629 -0.129031 5.39251e-06 -0.129357 -5.46603e-17 0.000320644 -3.31327e-11
-0.49 -1.13319 -0.123908 4.87837e-06 -0.12426 -5.57534e-17 0.00034728 -3.81041e-11
-0.48 -1.12921 -0.118936 4.41148e-06 -0.119316 -5.68456e-17 0.000375978 -4.38038e-11
-0.47 -1.12432 -0.114112 3.98769e-06 -0.114523 -5.7936e-17 0.000406885 -5.03361e-11
-0.46 -1.11853 -0.109435 3.60316e-06 -0.109878 -5.90237e-17 0.000440156 -5.78192e-11
-0.45 -1.11182 -0.104901 3.25441e-06 -0.10538 -6.01077e-17 0.000475958 -6.63884e-11
-0.44 -1.10419 -0.100508 2.93824e-06 -0.101026 -6.11872e-17 0.000514466 -7.6197e-11
-0.43 -1.09564 -0.0962539 2.65173e-06 -0.0968124 -6.22612e-17 0.000555868 -8.74198e-11
-0.42 -1.08617 -0.0921349 2.39219e-06 -0.0927377 -6.33287e-17 0.00060036 -1.00255e-10
-0.41 -1.07576 -0.0881487 2.1572e-06 -0.088799 -6.43887e-17 0.000648155 -1.1493e-10
-0.4 -1.06443 -0.0842921 1.94451e-06 -0.0849935 -6.54403e-17 0.000699475 -1.31699e-10
-0.39 -1.05217 -0.0805623 1.75209e-06 -0.0813186 -6.64825e-17 0.000754557 -1.50855e-10
-0.38 -1.03899 -0.0769563 1.57808e-06 -0.0777715 -6.75142e-17 0.00081365 -1.72729e-10
-0.37 -1.02488 -0.0734709 1.42079e-06 -0.0743494 -6.85346e-17 0.00087702 -1.97694e-10
-0.36 -1.00987 -0.0701031 1.27866e-06 -0.0710494 -6.95425e-17 0.000944948 -2.26178e-10
-0.35 -0.993938 -0.0668498 1.15029e-06 -0.0678687 -7.05371e-17 0.00101773 -2.58662e-10
-0.34 -0.97711 -0.0637078 1.03439e-06 -0.0648045 -7.15172e-17 0.00109568 -2.95693e-10
-0.33 -0.959389 -0.0606738 9.29797e-07 -0.0618539 -7.2482e-17 0.00117913 -3.3789e-10
-0.32 -0.940787 -0.0577448 8.35447e-07 -0.059014 -7.34304e-17 0.00126842 -3.85955e-10
-0.31 -0.921315 -0.0549173 7.5037e-07 -0.056282 -7.43615e-17 0.00136394 -4.40681e-10
-0.3 -0.900985 -0.0521883 6.73688e-07 -0.053655 -7.52743e-17 0.00146605 -5.02966e-10
-0.29 -0.879812 -0.0495544 6.046e-07 -0.0511302 -7.61678e-17 0.00157519 -5.73823e-10
-0.28 -0.857811 -0.0470124 5.4238e-07 -0.0487047 -7.70411e-17 0.00169177 -6.54402e-10
-0.27 -0.834998 -0.0445589 4.86368e-07 -0.0463757 -7.78932e-17 0.00181625 -7.45997e-10
-0.26 -0.811391 -0.0421908 4.35967e-07 -0.0441404 -7.87233e-17 0.00194911 -8.50073e-10
-0.25 -0.787008 -0.0399048 3.90632e-07 -0.041996 -7.95303e-17 0.00209086 -9.6828e-10
-0.24 -0.76187 -0.0376975 3.49872e-07 -0.0399399 -8.03136e-17 0.00224201 -1.10248e-09
-0.23 -0.735997 -0.0355657 3.13239e-07 -0.0379692 -8.10721e-17 0.00240314 -1.25479e-09
-0.22 -0.709412 -0.0335062 2.8033e-07 -0.0360813 -8.1805e-17 0.00257481 -1.42756e-09
-0.21 -0.682138 -0.0315157 2.50778e-07 -0.0342736 -8.25116e-17 0.00275764 -1.62347e-09
-0.2 -0.654198 -0.0295909 2.24251e-07 -0.0325434 -8.31909e-17 0.00295227 -1.84553e-09
-0.19 -0.625618 -0.0277286 2.0045e-07 -0.0308882 -8.38424e-17 0.00315938 -2.09712e-09
-0.18 -0.596424 -0.0259257 1.79104e-07 -0.0293055 -8.44651e-17 0.00337966 -2.38206e-09
-0.17 -0.566642 -0.0241787 1.59967e-07 -0.0277927 -8.50584e-17 0.00361385 -2.70463e-09
-0.16 -0.5363 -0.0224847 1.42817e-07 -0.0263475 -8.56217e-17 0.00386273 -3.06966e-09
-0.15 -0.505428 -0.0208403 1.27455e-07 -0.0249675 -8.61542e-17 0.0041271 -3.48256e-09
-0.14 -0.474053 -0.0192424 1.137e-07 -0.0236503 -8.66553e-17 0.0044078 -3.94941e-09
-0.13 -0.442207 -0.0176878 1.01389e-07 -0.0223936 -8.71245e-17 0.0047057 -4.47706e-09
-0.12 -0.409919 -0.0161734 9.03749e-08 -0.0211952 -8.75612e-17 0.00502173 -5.07317e-09
-0.11 -0.377222 -0.014696 8.05249e-08 -0.0200529 -8.7965e-17 0.00535684 -5.74636e-09
-0.1 -0.344147 -0.0132525 7.17198e-08 -0.0189646 -8.83352e-17 0.00571203 -6.50627e-09
-0.09 -0.310727 -0.0118398 6.38519e-08 -0.0179282 -8.86715e-17 0.00608834 -7.36373e-09
-0.08 -0.276995 -0.0104548 5.68244e-08 -0.0169416 -8.89735e-17 0.00648684 -8.33086e-09
-0.07 -0.242985 -0.00909428 5.05502e-08 -0.016003 -8.92408e-17 0.00690866 -9.42124e-09
-0.06 -0.20873 -0.00775528 4.49507e-08 -0.0151103 -8.94731e-17 0.00735496 -1.06501e-08
-0.05 -0.174264 -0.00643467 3.99555e-08 -0.0142617 -8.96702e-17 0.00782697 -1.20344e-08
-0.04 -0.139623 -0.00512937 3.55012e-08 -0.0134553 -8.98318e-17 0.00832593 -1.35932e-08
-0.03 -0.104841 -0.00383632 3.15308e-08 -0.0126895 -8.99576e-17 0.00885316 -1.53477e-08
-0.02 -0.0699528 -0.00255245 2.79933e-08 -0.0119625 -9.00476e-17 0.00941002 -1.73218e-08
-0.01 -0.0349941 -0.0012747 2.48428e-08 -0.0112726 -9.01017e-17 0.0099979 -1.9542e-08
0 0 -8.29174e-17 2.2038e-08 -0.0106183 -9.01197e-17 0.0106183 -2.2038e-08
0.01 0.0349941 0.0012747 1.9542e-08 -0.0099979 -9.01017e-17 0.0112726 -2.48428e-08
0.02 0.0699528 0.00255245 1.73218e-08 -0.00941002 -9.00476e-17 0.0119625 -2.79933e-08
0.03 0.104841 0.00383632 1.53477e-08 -0.00885316 -8.99576e-17 0.0126895 -3.15308e-08
0.04 0.139623 0.00512937 1.35932e-08 -0.00832593 -8.98318e-17 0.0134553 -3.55012e-08
0.05 0.174264 0.00643467 1.20344e-08 -0.00782697 -8.96702e-17 0.0142617 -3.99555e-08
0.06 0.20873 0.00775528 1.06501e-08 -0.00735496 -8.94731e-17 0.0151103 -4.49507e-08
0.07 0.242985 0.00909428 9.42124e-09 -0.00690866 -8.92408e-17 0.016003 -5.05502e-08
0.08 0.276995 0.0104548 8.33086e-09 -0.00648684 -8.89735e-17 0.0169416 -5.68244e-08
0.09 0.310727 0.0118398 7.36373e-09 -0.00608834 -8.86715e-17 0.0179282 -6.38519e-08
0.1 0.344147 0.0132525 6.50627e-09 -0.00571203 -8.83352e-17 0.0189646 -7.17198e-08
0.11 0.377222 0.014696 5.74636e-09 -0.00535684 -8.7965e-17 0.0200529 -8.05249e-08
0.12 0.409919 0.0161734 5.07317e-09 -0.00502173 -8.75612e-17 0.0211952 -9.03749e-08
0.13 0.442207 0.0176878 4.47706e-09 -0.0047057 -8.71245e-17 0.0223936 -1.01389e-07
0.14 0.474053 0.0192424 3.94941e-09 -0.0044078 -8.66553e-17 0.0236503 -1.137e-07
0.15 0.505428 0.0208403 3.48256e-09 -0.0041271 -8.61542e-17 0.0249675 -1.27455e-07
0.16 0.5363 0.0224847 3.06966e-09 -0.00386273 -8.56217e-17 0.0263475 -1.42817e-07
0.17 0.566642 0.0241787 2.70463e-09 -0.00361385 -8.50584e-17 0.0277927 -1.59967e-07
0.18 0.596424 0.0259257 2.38206e-09 -0.00337966 -8.44651e-17 0.0293055 -1.79104e-07
0.19 0.625618 0.0277286 2.09712e-09 -0.00315938 -8.38424e-17 0.0308882 -2.0045e-07
0.2 0.654198 0.0295909 1.84553e-09 -0.00295227 -8.31909e-17 0.0325434 -2.24251e-07
0.21 0.682138 0.0315157 1.62347e-09 -0.00275764 -8.25116e-17 0.0342736 -2.50778e-07
0.22 0.709412 0.0335062 1.42756e-09 -0.00257481 -8.1805e-17 0.0360813 -2.8033e-07
0.23 0.735997 0.0355657 1.25479e-09 -0.00240314 -8.10721e-17 0.0379692 -3.13239e-07
0.24 0.76187 0.0376975 1.10248e-09 -0.00224201 -8.03136e-17 0.0399399 -3.49872e-07
0.25 0.787008 0.0399048 9.6828e-10 -0.00209086 -7.95303e-17 0.041996 -3.90632e-07
0.26 0.811391 0.0421908 8.50073e-10 -0.00194911 -7.87233e-17 0.0441404 -4.35967e-07
0.27 0.834998 0.0445589 7.45997e-10 -0.00181625 -7.78932e-17 0.0463757 -4.86368e-07
0.28 0.857811 0.0470124 6.54402e-10 -0.00169177 -7.70411e-17 0.0487047 -5.4238e-07
0.29 0.879812 0.0495544 5.73823e-10 -0.00157519 -7.61678e-17 0.0511302 -6.046e-07
0.3 0.900985 0.0521883 5.02966e-10 -0.00146605 -7.52743e-17 0.053655 -6.73688e-07
0.31 0.921315 0.0549173 4.40681e-10 -0.00136394 -7.43615e-17 0.056282 -7.5037e-07
0.32 0.940787 0.0577448 3.85955e-10 -0.00126842 -7.34304e-17 0.059014 -8.35447e-07
0.33 0.959389 0.0606738 3.3789e-10 -0.00117913 -7.2482e-17 0.0618539 -9.29797e-07
0.34 0.97711 0.0637078 2.95693e-10 -0.00109568 -7.15172e-17 0.0648045 -1.03439e-06
0.35 0.993938 0.0668498 2.58662e-10 -0.00101773 -7.05371e-17 0.0678687 -1.15029e-06
0.36 1.00987 0.0701031 2.26178e-10 -0.000944948 -6.95425e-17 0.0710494 -1.27866e-06
0.37 1.02488 0.0734709 1.97694e-10 -0.00087702 -6.85346e-17 0.0743494 -1.42079e-06
0.38 1.03899 0.0769563 1.72729e-10 -0.00081365 -6.75142e-17 0.0777715 -1.57808e-06
0.39 1.05217 0.0805623 1.50855e-10 -0.000754557 -6.64825e-17 0.0813186 -1.75209e-06
0.4 1.06443 0.0842921 1.31699e-10 -0.000699475 -6.54403e-17 0.0849935 -1.94451e-06
0.41 1.07576 0.0881487 1.1493e-10 -0.000648155 -6.43887e-17 0.088799 -2.1572e-06
0.42 1.08617 0.0921349 1.00255e-10 -0.00060036 -6.33287e-17 0.0927377 -2.39219e-06
0.43 1.09564 0.0962539 8.74198e-11 -0.000555868 -6.22612e-17 0.0968124 -2.65173e-06
0.44 1.10419 0.100508 7.6197e-11 -0.000514466 -6.11872e-17 0.101026 -2.93824e-06
0.45 1.11182 0.104901 6.63884e-11 -0.000475958 -6.01077e-17 0.10538 -3.25441e-06
0.46 1.11853 0.109435 5.78192e-11 -0.000440156 -5.90237e-17 0.109878 -3.60316e-06
0.47 1.12432 0.114112 5.03361e-11 -0.000406885 -5.7936e-17 0.114523 -3.98769e-06
0.48 1.12921 0.118936 4.38038e-11 -0.000375978 -5.68456e-17 0.119316 -4.41148e-06
0.49 1.13319 0.123908 3.81041e-11 -0.00034728 -5.57534e-17 0.12426 -4.87837e-06
0.5 1.13629 0.129031 3.31327e-11 -0.000320644 -5.46603e-17 0.129357 -5.39251e-06
0.51 1.1385 0.134307 2.87985e-11 -0.000295932 -5.35673e-17 0.134609 -5.95845e-06
0.52 1.13985 0.139739 2.50212e-11 -0.000273016 -5.24751e-17 0.140019 -6.58116e-06
0.53 1.14033 0.145328 2.17306e-11 -0.000251774 -5.13846e-17 0.145587 -7.26604e-06
0.54 1.13998 0.151077 1.88653e-11 -0.000232091 -5.02967e-17 0.151317 -8.01898e-06
0.55 1.1388 0.156986 1.63712e-11 -0.000213862 -4.92121e-17 0.157209 -8.8464e-06
0.56 1.1368 0.163058 1.42011e-11 -0.000196986 -4.81316e-17 0.163265 -9.7553e-06
0.57 1.13401 0.169295 1.23138e-11 -0.000181368 -4.7056e-17 0.169487 -1.07533e-05
0.58 1.13044 0.175696 1.0673e-11 -0.000166923 -4.59861e-17 0.175875 -1.18486e-05
0.59 1.12612 0.182265 9.24721e-12 -0.000153566 -4.49225e-17 0.182432 -1.30503e-05
0.6 1.12106 0.189001 8.00865e-12 -0.000141222 -4.3866e-17 0.189157 -1.43681e-05
0.61 1.11528 0.195905 6.9332e-12 -0.000129818 -4.28171e-17 0.196051 -1.58127e-05
0.62 1.10881 0.202979 5.99977e-12 -0.000119287 -4.17767e-17 0.203116 -1.73955e-05
0.63 1.10166 0.210222 5.18994e-12 -0.000109566 -4.07452e-17 0.21035 -1.91291e-05
0.64 1.09387 0.217634 4.48762e-12 -0.000100598 -3.97233e-17 0.217756 -2.10271e-05
0.65 1.08545 0.225217 3.87878e-12 -9.23264e-05 -3.87116e-17 0.225332 -2.31041e-05
0.66 1.07644 0.232968 3.35121e-12 -8.47012e-05 -3.77105e-17 0.233078 -2.53762e-05
0.67 1.06685 0.240889 2.89424e-12 -7.76748e-05 -3.67206e-17 0.240995 -2.78605e-05
0.68 1.05672 0.248978 2.49858e-12 -7.12027e-05 -3.57424e-17 0.24908 -3.05759e-05
0.69 1.04606 0.257235 2.15614e-12 -6.52438e-05 -3.47764e-17 0.257334 -3.35424e-05
0.7 1.03492 0.265659 1.8599e-12 -5.97596e-05 -3.38229e-17 0.265755 -3.67821e-05
0.71 1.02331 0.274247 1.60371e-12 -5.47146e-05 -3.28824e-17 0.274342 -4.03185e-05
0.72 1.01127 0.282999 1.38226e-12 -5.00754e-05 -3.19553e-17 0.283093 -4.41773e-05
0.73 0.99882 0.291912 1.19091e-12 -4.58113e-05 -3.10419e-17 0.292006 -4.8386e-05
0.74 0.985997 0.300985 1.02565e-12 -4.18935e-05 -3.01426e-17 0.30108 -5.29745e-05
0.75 0.972828 0.310215 8.82957e-13 -3.82954e-05 -2.92576e-17 0.310311 -5.7975e-05
0.76 0.959342 0.319599 7.59817e-13 -3.49924e-05 -2.83872e-17 0.319697 -6.3422e-05
0.77 0.945572 0.329135 6.53588e-13 -3.19614e-05 -2.75317e-17 0.329236 -6.93531e-05
0.78 0.931546 0.338819 5.61986e-13 -2.91814e-05 -2.66913e-17 0.338924 -7.58086e-05
0.79 0.917296 0.348647 4.83029e-13 -2.66324e-05 -2.58662e-17 0.348757 -8.28317e-05
0.8 0.902852 0.358617 4.14999e-13 -2.42965e-05 -2.50566e-17 0.358732 -9.04694e-05
0.81 0.888245 0.368724 3.56408e-13 -2.21565e-05 -2.42627e-17 0.368844 -9.87717e-05
0.82 0.873506 0.378963 3.05967e-13 -2.01969e-05 -2.34845e-17 0.379091 -0.000107793
0.83 0.858665 0.389329 2.62559e-13 -1.84033e-05 -2.27221e-17 0.389465 -0.000117591
0.84 0.843753 0.399819 2.2522e-13 -1.67623e-05 -2.19757e-17 0.399964 -0.000128228
0.85 0.8288 0.410427 1.93113e-13 -1.52615e-05 -2.12454e-17 0.410582 -0.000139772
0.86 0.813836 0.421146 1.65518e-13 -1.38895e-05 -2.05311e-17 0.421313 -0.000152294
0.87 0.798891 0.431972 1.41808e-13 -1.26358e-05 -1.98328e-17 0.432151 -0.000165871
0.88 0.783995 0.442899 1.21447e-13 -1.14906e-05 -1.91507e-17 0.443091 -0.000180587
0.89 0.769176 0.453919 1.03967e-13 -1.04451e-05 -1.84846e-17 0.454126 -0.000196529
0.9 0.754463 0.465027 8.8968e-14 -9.49087e-06 -1.78346e-17 0.46525 -0.000213794
0.91 0.739885 0.476215 7.61022e-14 -8.62039e-06 -1.72005e-17 0.476456 -0.000232482
0.92 0.725469 0.487476 6.50709e-14 -7.82662e-06 -1.65823e-17 0.487736 -0.000252702
0.93 0.711242 0.498803 5.56163e-14 -7.10309e-06 -1.598e-17 0.499084 -0.000274571
0.94 0.697231 0.510187 4.75165e-14 -6.44388e-06 -1.53934e-17 0.510492 -0.000298214
0.95 0.683462 0.521622 4.05801e-14 -5.8435e-06 -1.48224e-17 0.521952 -0.000323763
0.96 0.669959 0.533098 3.46424e-14 -5.29695e-06 -1.42668e-17 0.533455 -0.00035136
0.97 0.656748 0.544608 2.95616e-14 -4.79959e-06 -1.37266e-17 0.544994 -0.000381157
0.98 0.643851 0.556142 2.5216e-14 -4.34719e-06 -1.32016e-17 0.55656 -0.000413315
0.99 0.631293 0.567692 2.15005e-14 -3.93586e-06 -1.26916e-17 0.568144 -0.000448008
1 0.619094 0.579248 1.83252e-14 -3.56203e-06 -1.21964e-17 0.579737 -0.000485418
1.01 0.607276 0.590801 1.56126e-14 -3.22241e-06 -1.17158e-17 0.59133 -0.000525742
1.02 0.595859 0.602342 1.32962e-14 -2.91401e-06 -1.12497e-17 0.602914 -0.000569188
1.03 0.584863 0.613861 1.13189e-14 -2.63407e-06 -1.07978e-17 0.614479 -0.000615978
1.04 0.574305 0.625347 9.63187e-15 -2.38007e-06 -1.03599e-17 0.626015 -0.000666347
1.05 0.564203 0.636791 8.19297e-15 -2.1497e-06 -9.93574e-18 0.637513 -0.000720547
1.06 0.554574 0.648182 6.96625e-15 -1.94086e-06 -9.52518e-18 0.648963 -0.000778844
1.07 0.545431 0.65951 5.92083e-15 -1.7516e-06 -9.12793e-18 0.660353 -0.000841521
1.08 0.536791 0.670765 5.03029e-15 -1.58017e-06 -8.74374e-18 0.671675 -0.000908878
1.09 0.528664 0.681935 4.27198e-15 -1.42494e-06 -8.37238e-18 0.682918 -0.000981234
1.1 0.521064 0.693011 3.62653e-15 -1.28445e-06 -8.01359e-18 0.694072 -0.00105893
1.11 0.514001 0.703981 3.07738e-15 -1.15735e-06 -7.6671e-18 0.705125 -0.00114231
1.12 0.507484 0.714835 2.61033e-15 -1.0424e-06 -7.33266e-18 0.716068 -0.00123177
1.13 0.501522 0.725561 2.21328e-15 -9.38503e-07 -7.01001e-18 0.72689 -0.00132771
1.14 0.496121 0.736149 1.87588e-15 -8.44619e-07 -6.69887e-18 0.73758 -0.00143055
1.15 0.491289 0.746587 1.58927e-15 -7.59823e-07 -6.39898e-18 0.748129 -0.00154073
1.16 0.487029 0.756865 1.34592e-15 -6.83267e-07 -6.11007e-18 0.758524 -0.00165874
1.17 0.483345 0.766971 1.13937e-15 -6.14178e-07 -5.83187e-18 0.768757 -0.00178507
1.18 0.480239 0.776895 9.64136e-16 -5.51855e-07 -5.56412e-18 0.778816 -0.00192025
1.19 0.477713 0.786626 8.15525e-16 -4.95658e-07 -5.30653e-18 0.788691 -0.00206485
1.2 0.475765 0.796152 6.89545e-16 -4.45005e-07 -5.05885e-18 0.798372 -0.00221944
1.21 0.474396 0.805464 5.82793e-16 -3.99369e-07 -4.82079e-18 0.807849 -0.00238466
1.22 0.473601 0.81455 4.92371e-16 -3.5827e-07 -4.59211e-18 0.817111 -0.00256115
1.23 0.473378 0.823399 4.15812e-16 -3.21271e-07 -4.37252e-18 0.826149 -0.0027496
1.24 0.473721 0.832002 3.51016e-16 -2.87978e-07 -4.16176e-18 0.834953 -0.00295074
1.25 0.474624 0.840347 2.96199e-16 -2.58033e-07 -3.95958e-18 0.843513 -0.00316533
1.26 0.476079 0.848425 2.49843e-16 -2.31108e-07 -3.76572e-18 0.85182 -0.00339416
1.27 0.478078 0.856226 2.10657e-16 -2.0691e-07 -3.57991e-18 0.859865 -0.00363808
1.28 0.48061 0.86374 1.77546e-16 -1.85172e-07 -3.40192e-18 0.867638 -0.00389797
1.29 0.483666 0.870957 1.4958e-16 -1.65651e-07 -3.23147e-18 0.875132 -0.00417476
1.3 0.487232 0.877868 1.25969e-16 -1.48129e-07 -3.06835e-18 0.882338 -0.00446941
1.31 0.491297 0.884464 1.06042e-16 -1.32408e-07 -2.91229e-18 0.889247 -0.00478294
1.32 0.495844 0.890735 8.92313e-17 -1.18307e-07 -2.76306e-18 0.895852 -0.00511642
1.33 0.50086 0.896674 7.50558e-17 -1.05666e-07 -2.62043e-18 0.902145 -0.00547097
1.34 0.506327 0.902271 6.3107e-17 -9.43381e-08 -2.48417e-18 0.908119 -0.00584774
1.35 0.512228 0.907518 5.30393e-17 -8.41908e-08 -2.35405e-18 0.913766 -0.00624797
1.36 0.518546 0.912409 4.45598e-17 -7.51049e-08 -2.22986e-18 0.919082 -0.00667291
1.37 0.52526 0.916934 3.7421e-17 -6.69727e-08 -2.11137e-18 0.924058 -0.0071239
1.38 0.532351 0.921088 3.14133e-17 -5.96972e-08 -1.99838e-18 0.92869 -0.00760234
1.39 0.539797 0.924862 2.63596e-17 -5.31908e-08 -1.89068e-18 0.932972 -0.00810966
1.4 0.547576 0.928251 2.21101e-17 -4.73746e-08 -1.78807e-18 0.936899 -0.00864738
1.41 0.555666 0.931248 1.85382e-17 -4.21774e-08 -1.69035e-18 0.940466 -0.00921706
1.42 0.564044 0.933848 1.55371e-17 -3.75354e-08 -1.59734e-18 0.943669 -0.00982034
1.43 0.572684 0.936045 1.30167e-17 -3.3391e-08 -1.50884e-18 0.946504 -0.0104589
1.44 0.581563 0.937833 1.09008e-17 -2.96922e-08 -1.42467e-18 0.948968 -0.0111346
1.45 0.590654 0.939209 9.12513e-18 -2.63926e-08 -1.34466e-18 0.951058 -0.0118491
1.46 0.599931 0.940167 7.63568e-18 -2.34504e-08 -1.26863e-18 0.952771 -0.0126045
1.47 0.609369 0.940703 6.38679e-18 -2.08277e-08 -1.19643e-18 0.954106 -0.0134027
1.48 0.618939 0.940815 5.34004e-18 -1.8491e-08 -1.12788e-18 0.955061 -0.0142457
1.49 0.628614 0.940498 4.46305e-18 -1.64099e-08 -1.06283e-18 0.955634 -0.0151357
1.5 0.638365 0.93975 3.7286e-18 -1.45572e-08 -1.00114e-18 0.955825 -0.0160748
1.51 0.648166 0.938569 3.11376e-18 -1.29085e-08 -9.42649e-19 0.955634 -0.0170654
1.52 0.657986 0.936951 2.59927e-18 -1.14419e-08 -8.87221e-19 0.955061 -0.0181098
1.53 0.667796 0.934896 2.16893e-18 -1.01379e-08 -8.34718e-19 0.954106 -0.0192105
1.54 0.677568 0.932402 1.80911e-18 -8.97897e-09 -7.85008e-19 0.952771 -0.0203698
1.55 0.687272 0.929467 1.50837e-18 -7.94931e-09 -7.37963e-19 0.951058 -0.0215906
1.56 0.696879 0.926093 1.25713e-18 -7.03491e-09 -6.9346e-19 0.948968 -0.0228753
1.57 0.706358 0.922277 1.04732e-18 -6.22321e-09 -6.5138e-19 0.946504 -0.0242267
1.58 0.715681 0.918021 8.72173e-19 -5.50296e-09 -6.11609e-19 0.943669 -0.0256478
1.59 0.724817 0.913324 7.26027e-19 -4.86412e-09 -5.74037e-19 0.940466 -0.0271413
1.6 0.733738 0.908188 6.04129e-19 -4.29772e-09 -5.38557e-19 0.936899 -0.0287103
1.61 0.742413 0.902614 5.02496e-19 -3.79576e-09 -5.05068e-19 0.932972 -0.0303579
1.62 0.750814 0.896603 4.17794e-19 -3.35109e-09 -4.73472e-19 0.92869 -0.0320872
1.63 0.758912 0.890157 3.4723e-19 -2.95733e-09 -4.43676e-19 0.924058 -0.0339014
1.64 0.766677 0.883278 2.88469e-19 -2.60879e-09 -4.15588e-19 0.919082 -0.0358039
1.65 0.774082 0.875968 2.39556e-19 -2.30041e-09 -3.89122e-19 0.913766 -0.037798
1.66 0.781099 0.868231 1.98857e-19 -2.02767e-09 -3.64197e-19 0.908119 -0.0398872
1.67 0.7877 0.86007 1.65007e-19 -1.78655e-09 -3.40731e-19 0.902145 -0.0420751
1.68 0.793858 0.851487 1.36864e-19 -1.57347e-09 -3.1865e-19 0.895852 -0.0443652
1.69 0.799547 0.842486 1.13476e-19 -1.38526e-09 -2.97881e-19 0.889247 -0.0467613
1.7 0.80474 0.833071 9.40463e-20 -1.21907e-09 -2.78354e-19 0.882338 -0.0492671
1.71 0.809413 0.823246 7.79126e-20 -1.07239e-09 -2.60003e-19 0.875132 -0.0518864
1.72 0.81354 0.813015 6.45208e-20 -9.42976e-10 -2.42765e-19 0.867638 -0.054623
1.73 0.817098 0.802384 5.34094e-20 -8.28851e-10 -2.26579e-19 0.859865 -0.0574811
1.74 0.820063 0.791355 4.41939e-20 -7.28247e-10 -2.11388e-19 0.85182 -0.0604645
1.75 0.822414 0.779935 3.65539e-20 -6.39599e-10 -1.97136e-19 0.843513 -0.0635773
1.76 0.824127 0.768129 3.02225e-20 -5.61516e-10 -1.83772e-19 0.834953 -0.0668236
1.77 0.825183 0.755941 2.49778e-20 -4.92769e-10 -1.71245e-19 0.826149 -0.0702076
1.78 0.825562 0.743378 2.0635e-20 -4.32266e-10 -1.59508e-19 0.817111 -0.0737334
1.79 0.825245 0.730444 1.70404e-20 -3.7904e-10 -1.48516e-19 0.807849 -0.0774053
1.8 0.824214 0.717145 1.40664e-20 -3.32234e-10 -1.38227e-19 0.798372 -0.0812277
1.81 0.822452 0.703487 1.16068e-20 -2.91092e-10 -1.28598e-19 0.788691 -0.0852046
1.82 0.819942 0.689476 9.57339e-21 -2.54943e-10 -1.19593e-19 0.778816 -0.0893406
1.83 0.816671 0.675117 7.89309e-21 -2.23194e-10 -1.11174e-19 0.768757 -0.0936398
1.84 0.812625 0.660418 6.50511e-21 -1.9532e-10 -1.03306e-19 0.758524 -0.0981067
1.85 0.807791 0.645383 5.35905e-21 -1.70859e-10 -9.59564e-20 0.748129 -0.102746
1.86 0.802157 0.63002 4.41314e-21 -1.49402e-10 -8.90942e-20 0.73758 -0.107561
1.87 0.795713 0.614333 3.63274e-21 -1.30587e-10 -8.26896e-20 0.72689 -0.112557
1.88 0.78845 0.598331 2.98915e-21 -1.14096e-10 -7.67147e-20 0.716068 -0.117737
1.89 0.780361 0.582018 2.45859e-21 -9.96477e-11 -7.11431e-20 0.705125 -0.123107
1.9 0.771438 0.565401 2.02139e-21 -8.69941e-11 -6.59498e-20 0.694072 -0.128671
1.91 0.761676 0.548486 1.66128e-21 -7.5917e-11 -6.11111e-20 0.682918 -0.134432
1.92 0.751071 0.531281 1.36477e-21 -6.62239e-11 -5.66048e-20 0.671675 -0.140394
1.93 0.73962 0.51379 1.12074e-21 -5.77452e-11 -5.24098e-20 0.660353 -0.146563
1.94 0.727321 0.496021 9.19972e-22 -5.0332e-11 -4.85063e-20 0.648963 -0.152942
1.95 0.714175 0.477979 7.54868e-22 -4.38529e-11 -4.48756e-20 0.637513 -0.159534
1.96 0.700181 0.459672 6.19147e-22 -3.81926e-11 -4.15e-20 0.626015 -0.166344
1.97 0.685343 0.441104 5.07625e-22 -3.32495e-11 -3.8363e-20 0.614479 -0.173375
1.98 0.669663 0.422283 4.16024e-22 -2.89347e-11 -3.5449e-20 0.602914 -0.180631
1.99 0.653146 0.403215 3.40816e-22 -2.51697e-11 -3.27432e-20 0.59133 -0.188115
2 0.635799 0.383906 2.79092e-22 -2.18859e-11 -3.02318e-20 0.579737 -0.195832
2.01 0.617629 0.364361 2.28456e-22 -1.90228e-11 -2.79019e-20 0.568144 -0.203783
2.02 0.598644 0.344588 1.86932e-22 -1.65278e-11 -2.57412e-20 0.55656 -0.211972
2.03 0.578855 0.324592 1.52894e-22 -1.43542e-11 -2.37384e-20 0.544994 -0.220403
2.04 0.558272 0.304379 1.25004e-22 -1.24615e-11 -2.18826e-20 0.533455 -0.229076
2.05 0.536909 0.283955 1.0216e-22 -1.0814e-11 -2.01639e-20 0.521952 -0.237996
2.06 0.514778 0.263327 8.34579e-23 -9.38057e-12 -1.85727e-20 0.510492 -0.247165
2.07 0.491894 0.2425 6.81522e-23 -8.1339e-12 -1.71003e-20 0.499084 -0.256584
2.08 0.468273 0.221481 5.56311e-23 -7.05009e-12 -1.57382e-20 0.487736 -0.266255
2.09 0.443933 0.200275 4.53923e-23 -6.10825e-12 -1.44789e-20 0.476456 -0.276181
2.1 0.418892 0.178888 3.70231e-23 -5.29012e-12 -1.3315e-20 0.46525 -0.286362
2.11 0.393169 0.157327 3.01849e-23 -4.57973e-12 -1.22398e-20 0.454126 -0.296799
2.12 0.366786 0.135597 2.45999e-23 -3.96316e-12 -1.12469e-20 0.443091 -0.307494
2.13 0.339762 0.113704 2.00403e-23 -3.42822e-12 -1.03304e-20 0.432151 -0.318447
2.14 0.312122 0.0916545 1.63192e-23 -2.9643e-12 -9.48483e-21 0.421313 -0.329658
2.15 0.283888 0.0694544 1.32838e-23 -2.56213e-12 -8.70497e-21 0.410582 -0.341127
2.16 0.255085 0.0471097 1.08086e-23 -2.21365e-12 -7.98603e-21 0.399964 -0.352855
2.17 0.22574 0.0246265 8.79113e-24 -1.91179e-12 -7.32354e-21 0.389465 -0.364839
2.18 0.195878 0.00201108 7.14736e-24 -1.65044e-12 -6.71332e-21 0.379091 -0.377079
2.19 0.165526 -0.0207303 5.80862e-24 -1.42424e-12 -6.15149e-21 0.368844 -0.389575
2.2 0.134713 -0.0435915 4.71874e-24 -1.22856e-12 -5.63442e-21 0.358732 -0.402323
2.21 0.103468 -0.0665659 3.83183e-24 -1.05933e-12 -5.15875e-21 0.348757 -0.415323
2.22 0.0718194 -0.0896471 3.11037e-24 -9.13055e-13 -4.72135e-21 0.338924 -0.428571
2.23 0.039799 -0.112828 2.52374e-24 -7.8666e-13 -4.3193e-21 0.329236 -0.442065
2.24 0.00743708 -0.136103 2.04693e-24 -6.77491e-13 -3.94991e-21 0.319697 -0.455801
2.25 -0.0252346 -0.159465 1.65954e-24 -5.83238e-13 -3.61067e-21 0.310311 -0.469776
2.26 -0.0581838 -0.182906 1.34493e-24 -5.01898e-13 -3.29925e-21 0.30108 -0.483986
2.27 -0.091378 -0.20642 1.08953e-24 -4.31728e-13 -3.01347e-21 0.292006 -0.498426
2.28 -0.124784 -0.229999 8.8227e-25 -3.7122e-13 -2.75136e-21 0.283093 -0.513092
2.29 -0.158368 -0.253637 7.14154e-25 -3.19065e-13 -2.51103e-21 0.274342 -0.527979
2.3 -0.192097 -0.277325 5.77841e-25 -2.74128e-13 -2.29078e-21 0.265755 -0.54308
2.31 -0.225935 -0.301055 4.67359e-25 -2.35426e-13 -2.08902e-21 0.257334 -0.558389
2.32 -0.259849 -0.32482 3.7785e-25 -2.02107e-13 -1.90426e-21 0.24908 -0.5739
2.33 -0.293803 -0.348612 3.05362e-25 -1.73434e-13 -1.73515e-21 0.240995 -0.589607
2.34 -0.327764 -0.372422 2.46682e-25 -1.48769e-13 -1.58043e-21 0.233078 -0.605501
2.35 -0.361695 -0.396243 1.99198e-25 -1.27561e-13 -1.43892e-21 0.225332 -0.621575
2.36 -0.395562 -0.420064 1.6079e-25 -1.09333e-13 -1.30956e-21 0.217756 -0.63782
2.37 -0.429329 -0.443878 1.29736e-25 -9.36717e-14 -1.19136e-21 0.21035 -0.654228
2.38 -0.462962 -0.467674 1.04637e-25 -8.02219e-14 -1.08339e-21 0.203116 -0.67079
2.39 -0.496425 -0.491445 8.43604e-26 -6.86757e-14 -9.8481e-22 0.196051 -0.687496
2.4 -0.529684 -0.51518 6.79857e-26 -5.87679e-14 -8.94844e-22 0.189157 -0.704336
2.41 -0.562704 -0.538869 5.47676e-26 -5.02694e-14 -8.12771e-22 0.182432 -0.721301
2.42 -0.59545 -0.562503 4.41017e-26 -4.29826e-14 -7.3793e-22 0.175875 -0.738378
2.43 -0.627889 -0.586071 3.54988e-26 -3.67374e-14 -6.69713e-22 0.169487 -0.755557
2.44 -0.659987 -0.609562 2.85626e-26 -3.13871e-14 -6.07559e-22 0.163265 -0.772827
2.45 -0.69171 -0.632967 2.29725e-26 -2.68052e-14 -5.50953e-22 0.157209 -0.790176
2.46 -0.723025 -0.656274 1.84691e-26 -2.2883e-14 -4.99421e-22 0.151317 -0.807591
2.47 -0.753901 -0.679473 1.48426e-26 -1.9527e-14 -4.52528e-22 0.145587 -0.82506
2.48 -0.784305 -0.702551 1.19233e-26 -1.66564e-14 -4.09874e-22 0.140019 -0.842569
2.49 -0.814205 -0.725497 9.57445e-27 -1.42022e-14 -3.71092e-22 0.134609 -0.860106
2.5 -0.843572 -0.7483 7.68521e-27 -1.21047e-14 -3.35845e-22 0.129357 -0.877657
2.51 -0.872375 -0.770948 6.16629e-27 -1.03129e-14 -3.03824e-22 0.12426 -0.895208
2.52 -0.900585 -0.793428 4.9456e-27 -8.78281e-15 -2.74747e-22 0.119316 -0.912744
2.53 -0.928173 -0.815729 3.96497e-27 -7.47673e-15 -2.48352e-22 0.114523 -0.930252
2.54 -0.955113 -0.837838 3.17751e-27 -6.36234e-15 -2.24404e-22 0.109878 -0.947717
2.55 -0.981376 -0.859743 2.54543e-27 -5.41188e-15 -2.02684e-22 0.10538 -0.965123
2.56 -1.00694 -0.881431 2.03826e-27 -4.60156e-15 -1.82993e-22 0.101026 -0.982456
2.57 -1.03177 -0.902888 1.6315e-27 -3.91101e-15 -1.65149e-22 0.0968124 -0.999701
2.58 -1.05586 -0.924103 1.30539e-27 -3.32276e-15 -1.48986e-22 0.0927377 -1.01684
2.59 -1.07917 -0.945062 1.04404e-27 -2.82186e-15 -1.3435e-22 0.088799 -1.03386
2.6 -1.10168 -0.965753 8.34684e-28 -2.39551e-15 -1.21104e-22 0.0849935 -1.05075
2.61 -1.12338 -0.986161 6.67042e-28 -2.03276e-15 -1.0912e-22 0.0813186 -1.06748
2.62 -1.14424 -1.00627 5.32857e-28 -1.72426e-15 -9.82828e-23 0.0777715 -1.08405
2.63 -1.16424 -1.02608 4.25495e-28 -1.46199e-15 -8.84864e-23 0.0743494 -1.10043
2.64 -1.18337 -1.04556 3.39629e-28 -1.23911e-15 -7.96346e-23 0.0710494 -1.11661
2.65 -1.20161 -1.06471 2.70982e-28 -1.0498e-15 -7.16397e-23 0.0678687 -1.13258
2.66 -1.21895 -1.08352 2.16124e-28 -8.89048e-16 -6.44216e-23 0.0648045 -1.14832
2.67 -1.23537 -1.10196 1.72303e-28 -7.52613e-16 -5.79076e-23 0.0618539 -1.16381
2.68 -1.25086 -1.12003 1.37312e-28 -6.36861e-16 -5.20315e-23 0.059014 -1.17904
2.69 -1.2654 -1.13771 1.09383e-28 -5.38696e-16 -4.67329e-23 0.056282 -1.19399
2.7 -1.27899 -1.15499 8.70997e-29 -4.5548e-16 -4.19572e-23 0.053655 -1.20865
2.71 -1.29162 -1.17186 6.93283e-29 -3.84965e-16 -3.76544e-23 0.0511302 -1.22299
2.72 -1.30328 -1.18831 5.51608e-29 -3.25236e-16 -3.37793e-23 0.0487047 -1.23701
2.73 -1.31397 -1.20432 4.3871e-29 -2.74665e-16 -3.0291e-23 0.0463757 -1.2507
2.74 -1.32367 -1.21988 3.48779e-29 -2.31864e-16 -2.7152e-23 0.0441404 -1.26402
2.75 -1.33239 -1.23499 2.77172e-29 -1.95655e-16 -2.43285e-23 0.041996 -1.27698
2.76 -1.34012 -1.24962 2.20178e-29 -1.65034e-16 -2.179e-23 0.0399399 -1.28956
2.77 -1.34686 -1.26377 1.74834e-29 -1.3915e-16 -1.95085e-23 0.0379692 -1.30174
2.78 -1.35261 -1.27743 1.38773e-29 -1.17278e-16 -1.74589e-23 0.0360813 -1.31351
2.79 -1.35738 -1.29058 1.10105e-29 -9.88053e-17 -1.56184e-23 0.0342736 -1.32485
2.8 -1.36116 -1.30322 8.73251e-30 -8.32087e-17 -1.39663e-23 0.0325434 -1.33576
2.81 -1.36397 -1.31533 6.92303e-30 -7.00459e-17 -1.2484e-23 0.0308882 -1.34622
2.82 -1.3658 -1.32691 5.4863e-30 -5.89419e-17 -1.11546e-23 0.0293055 -1.35622
2.83 -1.36666 -1.33795 4.34599e-30 -4.95782e-17 -9.96271e-24 0.0277927 -1.36575
2.84 -1.36657 -1.34844 3.44131e-30 -4.16854e-17 -8.89464e-24 0.0263475 -1.37479
2.85 -1.36552 -1.35837 2.72387e-30 -3.50351e-17 -7.9379e-24 0.0249675 -1.38334
2.86 -1.36354 -1.36774 2.15514e-30 -2.9434e-17 -7.08124e-24 0.0236503 -1.39139
2.87 -1.36063 -1.37653 1.70447e-30 -2.47185e-17 -6.3145e-24 0.0223936 -1.39892
2.88 -1.3568 -1.38474 1.3475e-30 -2.07501e-17 -5.62853e-24 0.0211952 -1.40593
2.89 -1.35208 -1.39236 1.06487e-30 -1.74119e-17 -5.01508e-24 0.0200529 -1.41241
2.9 -1.34647 -1.39939 8.41183e-31 -1.46048e-17 -4.4667e-24 0.0189646 -1.41836
2.91 -1.33999 -1.40583 6.64217e-31 -1.22454e-17 -3.97669e-24 0.0179282 -1.42376
2.92 -1.33266 -1.41167 5.24271e-31 -1.02631e-17 -3.53902e-24 0.0169416 -1.42861
2.93 -1.32449 -1.4169 4.13645e-31 -8.59819e-18 -3.14826e-24 0.016003 -1.4329
2.94 -1.31552 -1.42152 3.26232e-31 -7.20051e-18 -2.79952e-24 0.0151103 -1.43663
2.95 -1.30575 -1.42553 2.57188e-31 -6.02761e-18 -2.48842e-24 0.0142617 -1.43979
2.96 -1.29521 -1.42893 2.02676e-31 -5.04376e-18 -2.21101e-24 0.0134553 -1.44239
2.97 -1.28392 -1.43172 1.59654e-31 -4.2188e-18 -1.96374e-24 0.0126895 -1.44441
2.98 -1.27191 -1.43389 1.25714e-31 -3.52737e-18 -1.74342e-24 0.0119625 -1.44585
2.99 -1.2592 -1.43545 9.89494e-32 -2.94807e-18 -1.5472e-24 0.0112726 -1.44672
3 -1.24582 -1.43639 7.78519e-32 -2.46293e-18 -1.37252e-24 0.0106183 -1.44701
