x b0 b1 b2 b3 b4 b5 b6 b7 sum
0 1.9294 -1.73884 1.19426 -0.333575 0.0264334 -0.00175701 1.98916e-08 -2.05286e-10 1.07592
0.0025 1.93557 -1.76194 1.22636 -0.345986 0.0277848 -0.00186333 2.19318e-08 -2.28616e-10 1.07993
0.005 1.94123 -1.78484 1.25898 -0.358758 0.0291972 -0.00197553 2.41745e-08 -2.54527e-10 1.08383
0.0075 1.94636 -1.80755 1.29211 -0.371898 0.0306729 -0.0020939 2.66391e-08 -2.83295e-10 1.0876
0.01 1.95096 -1.83003 1.32574 -0.385412 0.0322142 -0.00221876 2.93469e-08 -3.15227e-10 1.09125
0.0125 1.95503 -1.85227 1.35987 -0.399307 0.0338235 -0.0023504 3.23209e-08 -3.50662e-10 1.09478
0.015 1.95856 -1.87427 1.39448 -0.413588 0.0355034 -0.00248916 3.55864e-08 -3.89971e-10 1.0982
0.0175 1.96155 -1.896 1.42959 -0.42826 0.0372564 -0.00263539 3.9171e-08 -4.33566e-10 1.1015
0.02 1.96401 -1.91745 1.46517 -0.44333 0.0390851 -0.00278943 4.31046e-08 -4.81901e-10 1.10469
0.0225 1.96592 -1.93861 1.50121 -0.458802 0.0409921 -0.00295165 4.74201e-08 -5.35476e-10 1.10776
0.025 1.96728 -1.95945 1.53772 -0.474683 0.0429802 -0.00312244 5.21532e-08 -5.94841e-10 1.11073
0.0275 1.9681 -1.97997 1.57468 -0.490977 0.0450523 -0.00330219 5.73428e-08 -6.60605e-10 1.11359
0.03 1.96838 -2.00014 1.61208 -0.507689 0.0472111 -0.00349132 6.30312e-08 -7.33435e-10 1.11634
0.0325 1.9681 -2.01997 1.64991 -0.524824 0.0494596 -0.00369026 6.92647e-08 -8.14068e-10 1.11899
0.035 1.96728 -2.03942 1.68815 -0.542387 0.0518009 -0.00389945 7.60935e-08 -9.03316e-10 1.12154
0.0375 1.96592 -2.05848 1.72681 -0.560382 0.0542379 -0.00411936 8.35724e-08 -1.00207e-09 1.12398
0.04 1.96401 -2.07715 1.76586 -0.578814 0.0567737 -0.00435045 9.17608e-08 -1.11131e-09 1.12632
0.0425 1.96155 -2.09541 1.80529 -0.597685 0.0594116 -0.00459324 1.00724e-07 -1.23212e-09 1.12857
0.045 1.95856 -2.11323 1.84508 -0.617 0.0621549 -0.00484823 1.10531e-07 -1.36568e-09 1.13072
0.0475 1.95503 -2.13062 1.88524 -0.636763 0.0650067 -0.00511595 1.2126e-07 -1.51329e-09 1.13277
0.05 1.95096 -2.14756 1.92573 -0.656976 0.0679705 -0.00539696 1.32993e-07 -1.6764e-09 1.13472
0.0525 1.94636 -2.16402 1.96654 -0.677642 0.0710497 -0.00569182 1.45821e-07 -1.85658e-09 1.13659
0.055 1.94123 -2.18001 2.00766 -0.698764 0.0742477 -0.00600112 1.59842e-07 -2.05554e-09 1.13836
0.0575 1.93557 -2.19551 2.04907 -0.720345 0.0775682 -0.00632548 1.75162e-07 -2.2752e-09 1.14003
0.06 1.9294 -2.2105 2.09075 -0.742386 0.0810146 -0.00666551 1.91898e-07 -2.51763e-09 1.14162
0.0625 1.92271 -2.22498 2.13269 -0.764889 0.0845906 -0.00702187 2.10174e-07 -2.78511e-09 1.14311
0.065 1.91552 -2.23893 2.17487 -0.787855 0.0883 -0.00739523 2.30127e-07 -3.08017e-09 1.14451
0.0675 1.90782 -2.25234 2.21727 -0.811285 0.0921464 -0.00778628 2.51904e-07 -3.40553e-09 1.14582
0.07 1.89962 -2.2652 2.25986 -0.83518 0.0961337 -0.00819573 2.75665e-07 -3.76421e-09 1.14704
0.0725 1.89093 -2.27751 2.30263 -0.85954 0.100266 -0.00862432 3.01583e-07 -4.15952e-09 1.14816
0.075 1.88176 -2.28924 2.34556 -0.884364 0.104546 -0.00907279 3.29847e-07 -4.59507e-09 1.14919
0.0775 1.87212 -2.30039 2.38863 -0.909653 0.108979 -0.00954194 3.6066e-07 -5.07481e-09 1.15014
0.08 1.862 -2.31096 2.43181 -0.935406 0.113569 -0.0100326 3.94241e-07 -5.60308e-09 1.15098
0.0825 1.85143 -2.32093 2.47509 -0.96162 0.118318 -0.0105455 4.3083e-07 -6.18463e-09 1.15174
0.085 1.84041 -2.3303 2.51843 -0.988294 0.123233 -0.0110815 4.70683e-07 -6.82464e-09 1.15239
0.0875 1.82894 -2.33906 2.56182 -1.01543 0.128315 -0.0116416 5.14081e-07 -7.52878e-09 1.15296
0.09 1.81704 -2.34719 2.60524 -1.04301 0.13357 -0.0122266 5.61323e-07 -8.30328e-09 1.15342
0.0925 1.80472 -2.3547 2.64866 -1.07105 0.139002 -0.0128374 6.12737e-07 -9.1549e-09 1.15379
0.095 1.79198 -2.36158 2.69205 -1.09954 0.144615 -0.013475 6.68674e-07 -1.00911e-08 1.15405
0.0975 1.77884 -2.36782 2.73539 -1.12847 0.150412 -0.0141403 7.29515e-07 -1.11199e-08 1.15421
0.1 1.7653 -2.37342 2.77866 -1.15784 0.156398 -0.0148344 7.95671e-07 -1.22502e-08 1.15427
0.1025 1.75138 -2.37837 2.82183 -1.18765 0.162578 -0.0155582 8.67585e-07 -1.34916e-08 1.15422
0.105 1.73709 -2.38266 2.86488 -1.21788 0.168954 -0.0163127 9.45736e-07 -1.48547e-08 1.15406
0.1075 1.72243 -2.38631 2.90777 -1.24854 0.175532 -0.0170992 1.03064e-06 -1.6351e-08 1.15379
0.11 1.70743 -2.38929 2.95048 -1.27961 0.182316 -0.0179185 1.12286e-06 -1.7993e-08 1.1534
0.1125 1.69208 -2.39162 2.993 -1.3111 0.189309 -0.0187719 1.22298e-06 -1.97944e-08 1.1529
0.115 1.67641 -2.39328 3.03528 -1.34298 0.196515 -0.0196605 1.33167e-06 -2.17701e-08 1.15228
0.1175 1.66042 -2.39428 3.0773 -1.37526 0.20394 -0.0205855 1.44961e-06 -2.39364e-08 1.15154
0.12 1.64413 -2.39461 3.11904 -1.40792 0.211585 -0.0215479 1.57755e-06 -2.63109e-08 1.15068
0.1225 1.62754 -2.39428 3.16047 -1.44096 0.219457 -0.0225491 1.71632e-06 -2.89129e-08 1.14968
0.125 1.61068 -2.39328 3.20155 -1.47436 0.227558 -0.0235903 1.86677e-06 -3.17635e-08 1.14856
0.1275 1.59354 -2.39162 3.24227 -1.50812 0.235893 -0.0246727 2.02984e-06 -3.48853e-08 1.1473
0.13 1.57615 -2.38929 3.2826 -1.54222 0.244465 -0.0257976 2.20655e-06 -3.83034e-08 1.14591
0.1325 1.55852 -2.38631 3.32251 -1.57666 0.253279 -0.0269662 2.39798e-06 -4.20447e-08 1.14437
0.135 1.54066 -2.38266 3.36196 -1.61142 0.262337 -0.02818 2.60528e-06 -4.61386e-08 1.1427
0.1375 1.52258 -2.37837 3.40094 -1.64648 0.271643 -0.0294403 2.82973e-06 -5.06171e-08 1.14087
0.14 1.50429 -2.37342 3.43942 -1.68185 0.281202 -0.0307483 3.07265e-06 -5.55148e-08 1.1389
0.1425 1.48581 -2.36782 3.47736 -1.71749 0.291016 -0.0321056 3.33551e-06 -6.08696e-08 1.13678
0.145 1.46715 -2.36158 3.51475 -1.7534 0.301089 -0.0335135 3.61984e-06 -6.67223e-08 1.1345
0.1475 1.44832 -2.3547 3.55156 -1.78957 0.311424 -0.0349733 3.92732e-06 -7.31174e-08 1.13206
0.15 1.42934 -2.34719 3.58775 -1.82597 0.322025 -0.0364867 4.25974e-06 -8.01033e-08 1.12946
0.1525 1.41021 -2.33906 3.6233 -1.8626 0.332894 -0.0380549 4.61901e-06 -8.77322e-08 1.12669
0.155 1.39095 -2.3303 3.65819 -1.89944 0.344034 -0.0396795 5.00719e-06 -9.6061e-08 1.12376
0.1575 1.37157 -2.32093 3.69239 -1.93646 0.355448 -0.041362 5.42648e-06 -1.05151e-07 1.12066
0.16 1.35209 -2.31096 3.72588 -1.97366 0.367139 -0.0431039 5.87926e-06 -1.1507e-07 1.11739
0.1625 1.33252 -2.30039 3.75862 -2.01102 0.379109 -0.0449066 6.36804e-06 -1.25889e-07 1.11394
0.165 1.31286 -2.28924 3.7906 -2.04851 0.391361 -0.0467718 6.89554e-06 -1.37687e-07 1.11031
0.1675 1.29314 -2.27751 3.82179 -2.08613 0.403896 -0.0487009 7.46466e-06 -1.50549e-07 1.1065
0.17 1.27335 -2.2652 3.85217 -2.12384 0.416717 -0.0506954 8.07851e-06 -1.64567e-07 1.10251
0.1725 1.25352 -2.25234 3.88171 -2.16163 0.429825 -0.052757 8.74042e-06 -1.7984e-07 1.09834
0.175 1.23366 -2.23893 3.91039 -2.19949 0.443223 -0.0548872 9.45393e-06 -1.96476e-07 1.09398
0.1775 1.21378 -2.22498 3.93818 -2.23739 0.456912 -0.0570875 1.02228e-05 -2.14591e-07 1.08943
0.18 1.19388 -2.2105 3.96508 -2.2753 0.470892 -0.0593596 1.10512e-05 -2.34311e-07 1.08469
0.1825 1.17398 -2.19551 3.99104 -2.31322 0.485166 -0.0617049 1.19434e-05 -2.55773e-07 1.07977
0.185 1.1541 -2.18001 4.01606 -2.35112 0.499733 -0.0641251 1.29041e-05 -2.79122e-07 1.07465
0.1875 1.13424 -2.16402 4.04012 -2.38897 0.514594 -0.0666217 1.39381e-05 -3.04519e-07 1.06935
0.19 1.1144 -2.14756 4.06319 -2.42676 0.529751 -0.0691963 1.50508e-05 -3.32134e-07 1.06385
0.1925 1.09462 -2.13062 4.08526 -2.46447 0.545202 -0.0718504 1.62478e-05 -3.62153e-07 1.05816
0.195 1.07488 -2.11323 4.10631 -2.50206 0.560949 -0.0745856 1.75352e-05 -3.94775e-07 1.05228
0.1975 1.05521 -2.09541 4.12632 -2.53952 0.576989 -0.0774034 1.89193e-05 -4.30217e-07 1.04621
0.2 1.03561 -2.07715 4.14528 -2.57683 0.593324 -0.0803053 2.04069e-05 -4.6871e-07 1.03994
0.2025 1.01609 -2.05848 4.16316 -2.61395 0.609951 -0.0832929 2.20055e-05 -5.10505e-07 1.03349
0.205 0.996659 -2.03942 4.17996 -2.65088 0.626871 -0.0863677 2.37226e-05 -5.55873e-07 1.02685
0.2075 0.977331 -2.01997 4.19567 -2.68758 0.64408 -0.0895311 2.55667e-05 -6.05104e-07 1.02003
0.21 0.958112 -2.00014 4.21026 -2.72403 0.661579 -0.0927846 2.75465e-05 -6.58513e-07 1.01302
0.2125 0.93901 -1.97997 4.22373 -2.76021 0.679364 -0.0961296 2.96713e-05 -7.16436e-07 1.00582
0.215 0.920033 -1.95945 4.23607 -2.7961 0.697433 -0.0995675 3.19511e-05 -7.79238e-07 0.99845
0.2175 0.901189 -1.93861 4.24726 -2.83166 0.715785 -0.1031 3.43966e-05 -8.4731e-07 0.990901
0.22 0.882486 -1.91745 4.2573 -2.86688 0.734415 -0.106728 3.7019e-05 -9.21073e-07 0.983177
0.2225 0.863931 -1.896 4.26618 -2.90173 0.75332 -0.110453 3.98302e-05 -1.00098e-06 0.975283
0.225 0.845531 -1.87427 4.27389 -2.93619 0.772498 -0.114276 4.2843e-05 -1.08751e-06 0.967222
0.2275 0.827293 -1.85227 4.28043 -2.97024 0.791944 -0.118198 4.60708e-05 -1.1812e-06 0.958999
0.23 0.809224 -1.83003 4.28578 -3.00384 0.811654 -0.122222 4.95282e-05 -1.28261e-06 0.950616
0.2325 0.79133 -1.80755 4.28995 -3.03698 0.831623 -0.126347 5.32301e-05 -1.39233e-06 0.94208
0.235 0.773616 -1.78484 4.29293 -3.06963 0.851847 -0.130575 5.71929e-05 -1.51102e-06 0.933395
0.2375 0.756089 -1.76194 4.29472 -3.10178 0.872321 -0.134907 6.14337e-05 -1.63937e-06 0.924566
0.24 0.738754 -1.73884 4.29531 -3.13339 0.893038 -0.139344 6.59705e-05 -1.77813e-06 0.915599
0.2425 0.721616 -1.71557 4.29472 -3.16444 0.913994 -0.143887 7.08227e-05 -1.9281e-06 0.906499
0.245 0.704679 -1.69215 4.29293 -3.19491 0.935181 -0.148537 7.60107e-05 -2.09013e-06 0.897272
0.2475 0.687949 -1.66857 4.28995 -3.22478 0.956594 -0.153295 8.15561e-05 -2.26516e-06 0.887924
0.25 0.67143 -1.64487 4.28578 -3.25402 0.978226 -0.158161 8.74817e-05 -2.45416e-06 0.878463
0.2525 0.655125 -1.62106 4.28043 -3.28262 1.00007 -0.163136 9.38119e-05 -2.65819e-06 0.868894
0.255 0.639038 -1.59715 4.27389 -3.31055 1.02211 -0.168221 0.000100572 -2.87838e-06 0.859225
0.2575 0.623174 -1.57315 4.26618 -3.33779 1.04436 -0.173417 0.000107789 -3.11595e-06 0.849462
0.26 0.607535 -1.54908 4.2573 -3.36432 1.06679 -0.178723 0.000115493 -3.37219e-06 0.839613
0.2625 0.592123 -1.52496 4.24726 -3.39012 1.0894 -0.18414 0.000123712 -3.64848e-06 0.829685
0.265 0.576942 -1.5008 4.23607 -3.41516 1.11218 -0.189669 0.00013248 -3.94632e-06 0.819687
0.2675 0.561995 -1.47661 4.22373 -3.43944 1.13512 -0.19531 0.000141829 -4.26729e-06 0.809625
0.27 0.547282 -1.4524 4.21026 -3.46293 1.15821 -0.201062 0.000151797 -4.61308e-06 0.799507
0.2725 0.532807 -1.4282 4.19567 -3.48561 1.18144 -0.206926 0.000162419 -4.9855e-06 0.789343
0.275 0.51857 -1.40401 4.17996 -3.50746 1.20481 -0.212903 0.000173737 -5.3865e-06 0.779139
0.2775 0.504574 -1.37984 4.16316 -3.52847 1.22829 -0.218991 0.000185791 -5.81813e-06 0.768904
0.28 0.490819 -1.35572 4.14528 -3.54862 1.25189 -0.225191 0.000198627 -6.2826e-06 0.758647
0.2825 0.477307 -1.33164 4.12632 -3.56789 1.27558 -0.231501 0.000212291 -6.78227e-06 0.748375
0.285 0.464037 -1.30763 4.10631 -3.58627 1.29936 -0.237923 0.000226832 -7.31964e-06 0.738097
0.2875 0.451011 -1.2837 4.08526 -3.60375 1.32322 -0.244455 0.000242301 -7.8974e-06 0.727822
0.29 0.438229 -1.25986 4.06319 -3.62031 1.34714 -0.251096 0.000258753 -8.5184e-06 0.717557
0.2925 0.425691 -1.23611 4.04012 -3.63593 1.37111 -0.257846 0.000276246 -9.18567e-06 0.707311
0.295 0.413397 -1.21248 4.01606 -3.6506 1.39513 -0.264704 0.000294839 -9.90247e-06 0.697093
0.2975 0.401347 -1.18896 3.99104 -3.66432 1.41916 -0.271669 0.000314597 -1.06722e-05 0.68691
0.3 0.389539 -1.16558 3.96508 -3.67706 1.44322 -0.27874 0.000335585 -1.14986e-05 0.676772
0.3025 0.377974 -1.14234 3.93818 -3.68883 1.46727 -0.285916 0.000357874 -1.23856e-05 0.666685
0.305 0.366651 -1.11926 3.91039 -3.6996 1.49131 -0.293194 0.000381537 -1.33373e-05 0.656658
0.3075 0.355567 -1.09633 3.88171 -3.70938 1.51532 -0.300575 0.000406652 -1.43581e-05 0.646698
0.31 0.344723 -1.07358 3.85217 -3.71815 1.53929 -0.308056 0.0004333 -1.54527e-05 0.636814
0.3125 0.334117 -1.05101 3.82179 -3.7259 1.5632 -0.315635 0.000461566 -1.66262e-05 0.627013
0.315 0.323748 -1.02862 3.7906 -3.73263 1.58705 -0.323311 0.000491539 -1.78838e-05 0.617303
0.3175 0.313613 -1.00643 3.75862 -3.73834 1.61081 -0.331081 0.000523313 -1.92312e-05 0.60769
0.32 0.303711 -0.984453 3.72588 -3.74302 1.63447 -0.338944 0.000556987 -2.06744e-05 0.598182
0.3225 0.29404 -0.962684 3.69239 -3.74666 1.65802 -0.346898 0.000592662 -2.22197e-05 0.588784
0.325 0.284597 -0.941134 3.65819 -3.74926 1.68144 -0.354939 0.000630448 -2.38739e-05 0.579505
0.3275 0.275382 -0.919812 3.6233 -3.75082 1.70472 -0.363066 0.000670456 -2.5644e-05 0.57035
0.33 0.266391 -0.898723 3.58775 -3.75134 1.72784 -0.371276 0.000712805 -2.75379e-05 0.561325
0.3325 0.257622 -0.877874 3.55156 -3.75082 1.75079 -0.379567 0.000757619 -2.95633e-05 0.552436
0.335 0.249072 -0.85727 3.51475 -3.74926 1.77355 -0.387934 0.000805026 -3.17289e-05 0.543688
0.3375 0.240739 -0.836917 3.47736 -3.74666 1.79611 -0.396376 0.000855162 -3.40437e-05 0.535087
0.34 0.232621 -0.81682 3.43942 -3.74302 1.81845 -0.404889 0.000908169 -3.65172e-05 0.526636
0.3425 0.224713 -0.796985 3.40094 -3.73834 1.84056 -0.41347 0.000964193 -3.91596e-05 0.518342
0.345 0.217015 -0.777415 3.36196 -3.73263 1.86241 -0.422116 0.00102339 -4.19815e-05 0.510208
0.3475 0.209521 -0.758116 3.32251 -3.7259 1.88401 -0.430823 0.00108592 -4.49942e-05 0.502238
0.35 0.202231 -0.73909 3.2826 -3.71815 1.90532 -0.439587 0.00115195 -4.82098e-05 0.494436
0.3525 0.195139 -0.720341 3.24227 -3.70938 1.92634 -0.448405 0.00122165 -5.16408e-05 0.486804
0.355 0.188245 -0.701873 3.20155 -3.6996 1.94706 -0.457273 0.00129521 -5.53006e-05 0.479346
0.3575 0.181543 -0.683689 3.16047 -3.68883 1.96744 -0.466186 0.00137282 -5.92034e-05 0.472064
0.36 0.175031 -0.66579 3.11904 -3.67706 1.98749 -0.475142 0.00145468 -6.33639e-05 0.46496
0.3625 0.168706 -0.648181 3.0773 -3.66432 2.00719 -0.484135 0.00154099 -6.77981e-05 0.458036
0.365 0.162565 -0.630861 3.03528 -3.6506 2.02652 -0.493161 0.00163197 -7.25224e-05 0.451294
0.3675 0.156603 -0.613834 2.993 -3.63593 2.04546 -0.502216 0.00172784 -7.75543e-05 0.444735
0.37 0.150818 -0.597101 2.95048 -3.62031 2.06401 -0.511295 0.00182883 -8.29123e-05 0.438359
0.3725 0.145207 -0.580662 2.90777 -3.60375 2.08215 -0.520394 0.00193518 -8.86159e-05 0.432167
0.375 0.139765 -0.564519 2.86488 -3.58627 2.09987 -0.529507 0.00204716 -9.46856e-05 0.426158
0.3775 0.13449 -0.548673 2.82183 -3.56789 2.11714 -0.538631 0.00216501 -0.000101143 0.420334
0.38 0.129379 -0.533123 2.77866 -3.54862 2.13397 -0.547759 0.00228901 -0.00010801 0.414692
0.3825 0.124426 -0.51787 2.73539 -3.52847 2.15034 -0.556888 0.00241944 -0.000115312 0.409232
0.385 0.119631 -0.502914 2.69205 -3.50746 2.16622 -0.566011 0.00255659 -0.000123074 0.403952
0.3875 0.114988 -0.488254 2.64866 -3.48561 2.18162 -0.575124 0.00270077 -0.000131321 0.398852
0.39 0.110494 -0.47389 2.60524 -3.46293 2.19652 -0.584221 0.00285228 -0.000140082 0.393928
0.3925 0.106147 -0.45982 2.56182 -3.43944 2.2109 -0.593298 0.00301146 -0.000149386 0.389179
0.395 0.101943 -0.446045 2.51843 -3.41516 2.22477 -0.602348 0.00317864 -0.000159264 0.384603
0.3975 0.0978773 -0.432562 2.47509 -3.39012 2.23809 -0.611367 0.00335416 -0.000169747 0.380196
0.4 0.0939481 -0.41937 2.43181 -3.36432 2.25087 -0.620348 0.0035384 -0.000180871 0.375955
0.4025 0.0901516 -0.406467 2.38863 -3.33779 2.2631 -0.629286 0.00373172 -0.00019267 0.371876
0.405 0.0864845 -0.393852 2.34556 -3.31055 2.27476 -0.638176 0.00393451 -0.000205181 0.367957
0.4075 0.0829435 -0.381522 2.30263 -3.28262 2.28584 -0.647011 0.00414716 -0.000218445 0.364194
0.41 0.0795253 -0.369476 2.25986 -3.25402 2.29634 -0.655787 0.0043701 -0.000232501 0.360582
0.4125 0.0762269 -0.357711 2.21727 -3.22478 2.30625 -0.664497 0.00460374 -0.000247393 0.357116
0.415 0.073045 -0.346224 2.17487 -3.19491 2.31556 -0.673136 0.00484853 -0.000263166 0.353793
0.4175 0.0699765 -0.335013 2.13269 -3.16444 2.32426 -0.681697 0.00510491 -0.000279866 0.350608
0.42 0.0670182 -0.324075 2.09075 -3.13339 2.33234 -0.690176 0.00537336 -0.000297544 0.347556
0.4225 0.0641672 -0.313407 2.04907 -3.10178 2.33981 -0.698566 0.00565435 -0.00031625 0.344632
0.425 0.0614204 -0.303006 2.00766 -3.06963 2.34664 -0.706862 0.00594838 -0.000336039 0.34183
0.4275 0.0587749 -0.292869 1.96654 -3.03698 2.35284 -0.715058 0.00625597 -0.000356968 0.339146
0.43 0.0562277 -0.282992 1.92573 -3.00384 2.3584 -0.723148 0.00657763 -0.000379094 0.336574
0.4325 0.0537759 -0.273373 1.88524 -2.97024 2.36332 -0.731126 0.00691391 -0.00040248 0.334109
0.435 0.0514168 -0.264007 1.84508 -2.93619 2.36759 -0.738987 0.00726537 -0.00042719 0.331745
0.4375 0.0491475 -0.254891 1.80529 -2.90173 2.37121 -0.746725 0.00763257 -0.000453291 0.329477
0.44 0.0469653 -0.246022 1.76586 -2.86688 2.37418 -0.754334 0.00801611 -0.000480853 0.327298
0.4425 0.0448675 -0.237395 1.72681 -2.83166 2.37649 -0.76181 0.00841657 -0.000509949 0.325204
0.445 0.0428516 -0.229007 1.68815 -2.7961 2.37814 -0.769146 0.00883459 -0.000540656 0.323188
0.4475 0.0409148 -0.220854 1.64991 -2.76021 2.37913 -0.776336 0.0092708 -0.000573053 0.321245
0.45 0.0390548 -0.212932 1.61208 -2.72403 2.37946 -0.783377 0.00972584 -0.000607222 0.31937
0.4525 0.0372689 -0.205238 1.57468 -2.68758 2.37913 -0.790261 0.0102004 -0.00064325 0.317557
0.455 0.0355548 -0.197766 1.53772 -2.65088 2.37814 -0.796985 0.0106951 -0.000681227 0.315799
0.4575 0.0339102 -0.190514 1.50121 -2.61395 2.37649 -0.803543 0.0112107 -0.000721245 0.314093
0.46 0.0323326 -0.183476 1.46517 -2.57683 2.37418 -0.809929 0.0117479 -0.000763401 0.312431
0.4625 0.0308199 -0.17665 1.42959 -2.53952 2.37121 -0.81614 0.0123074 -0.000807798 0.31081
0.465 0.0293697 -0.17003 1.39448 -2.50206 2.36759 -0.82217 0.01289 -0.000854539 0.309224
0.4675 0.0279801 -0.163613 1.35987 -2.46447 2.36332 -0.828014 0.0134964 -0.000903733 0.307668
0.47 0.0266488 -0.157394 1.32574 -2.42676 2.3584 -0.833668 0.0141274 -0.000955494 0.306137
0.4725 0.0253737 -0.15137 1.29211 -2.38897 2.35284 -0.839128 0.0147839 -0.00100994 0.304625
0.475 0.024153 -0.145535 1.25898 -2.35112 2.34664 -0.844389 0.0154665 -0.00106719 0.30313
0.4775 0.0229846 -0.139887 1.22636 -2.31322 2.33981 -0.849447 0.0161761 -0.00112737 0.301646
0.48 0.0218667 -0.134421 1.19426 -2.2753 2.33234 -0.854298 0.0169136 -0.00119062 0.300168
0.4825 0.0207974 -0.129132 1.16267 -2.23739 2.32426 -0.858938 0.0176798 -0.00125706 0.298694
0.485 0.0197748 -0.124017 1.1316 -2.19949 2.31556 -0.863363 0.0184756 -0.00132685 0.297218
0.4875 0.0187973 -0.119072 1.10106 -2.16163 2.30625 -0.867571 0.0193019 -0.00140012 0.295738
0.49 0.0178632 -0.114292 1.07105 -2.12384 2.29634 -0.871556 0.0201595 -0.00147702 0.29425
0.4925 0.0169708 -0.109673 1.04156 -2.08613 2.28584 -0.875317 0.0210493 -0.00155772 0.29275
0.495 0.0161185 -0.105212 1.0126 -2.04851 2.27476 -0.878849 0.0219724 -0.00164237 0.291237
0.4975 0.0153047 -0.100904 0.984179 -2.01102 2.2631 -0.882151 0.0229295 -0.00173114 0.289706
0.5 0.014528 -0.0967457 0.956287 -1.97366 2.25087 -0.88522 0.0239217 -0.0018242 0.288156
0.5025 0.0137868 -0.092733 0.928927 -1.93646 2.23809 -0.888052 0.0249499 -0.00192172 0.286585
0.505 0.0130799 -0.0888621 0.902099 -1.89944 2.22477 -0.890646 0.026015 -0.0020239 0.284989
0.5075 0.0124057 -0.0851291 0.875803 -1.8626 2.2109 -0.892999 0.0271181 -0.00213093 0.283369
0.51 0.0117631 -0.0815303 0.850037 -1.82597 2.19652 -0.89511 0.0282602 -0.00224298 0.281721
0.5125 0.0111506 -0.0780619 0.8248 -1.78957 2.18162 -0.896977 0.0294421 -0.00236028 0.280046
0.515 0.0105671 -0.0747204 0.80009 -1.7534 2.16622 -0.898598 0.0306649 -0.00248301 0.278341
0.5175 0.0100113 -0.071502 0.775905 -1.71749 2.15034 -0.899972 0.0319297 -0.00261141 0.276606
0.52 0.00948213 -0.0684032 0.752242 -1.68185 2.13397 -0.901098 0.0332374 -0.00274568 0.274841
0.5225 0.00897844 -0.0654205 0.729098 -1.64648 2.11714 -0.901974 0.034589 -0.00288605 0.273046
0.525 0.00849914 -0.0625505 0.70647 -1.61142 2.09987 -0.902601 0.0359856 -0.00303276 0.27122
0.5275 0.00804319 -0.0597899 0.684353 -1.57666 2.08215 -0.902977 0.0374282 -0.00318604 0.269364
0.53 0.00760959 -0.0571351 0.662746 -1.54222 2.06401 -0.903102 0.0389178 -0.00334614 0.267478
0.5325 0.00719736 -0.0545831 0.641642 -1.50812 2.04546 -0.902977 0.0404555 -0.0035133 0.265564
0.535 0.00680558 -0.0521306 0.621037 -1.47436 2.02652 -0.902601 0.0420422 -0.00368779 0.263621
0.5375 0.00643333 -0.0497745 0.600928 -1.44096 2.00719 -0.901974 0.0436791 -0.00386988 0.261652
0.54 0.00607976 -0.0475116 0.581308 -1.40792 1.98749 -0.901098 0.045367 -0.00405982 0.259657
0.5425 0.00574402 -0.0453391 0.562172 -1.37526 1.96744 -0.899972 0.0471072 -0.00425791 0.257639
0.545 0.00542531 -0.0432538 0.543515 -1.34298 1.94706 -0.898598 0.0489004 -0.00446442 0.2556
0.5475 0.00512287 -0.041253 0.525332 -1.3111 1.92634 -0.896977 0.0507479 -0.00467965 0.25354
0.55 0.00483594 -0.0393339 0.507616 -1.27961 1.90532 -0.89511 0.0526505 -0.00490389 0.251463
0.5525 0.00456382 -0.0374936 0.490361 -1.24854 1.88401 -0.892999 0.0546092 -0.00513745 0.249372
0.555 0.00430581 -0.0357294 0.473561 -1.21788 1.86241 -0.890646 0.0566251 -0.00538063 0.247268
0.5575 0.00406126 -0.0340389 0.457209 -1.18765 1.84056 -0.888052 0.0586991 -0.00563377 0.245154
0.56 0.00382953 -0.0324193 0.4413 -1.15784 1.81845 -0.88522 0.0608322 -0.00589717 0.243034
0.5625 0.00361002 -0.0308681 0.425826 -1.12847 1.79611 -0.882151 0.0630253 -0.00617118 0.24091
0.565 0.00340216 -0.0293831 0.41078 -1.09954 1.77355 -0.878849 0.0652793 -0.00645612 0.238786
0.5675 0.00320536 -0.0279617 0.396156 -1.07105 1.75079 -0.875317 0.0675951 -0.00675234 0.236665
0.57 0.00301912 -0.0266017 0.381946 -1.04301 1.72784 -0.871556 0.0699737 -0.0070602 0.234551
0.5725 0.0028429 -0.0253008 0.368144 -1.01543 1.70472 -0.867571 0.0724158 -0.00738004 0.232447
0.575 0.00267623 -0.0240568 0.354742 -0.988294 1.68144 -0.863363 0.0749224 -0.00771222 0.230356
0.5775 0.00251863 -0.0228677 0.341733 -0.96162 1.65802 -0.858938 0.0774942 -0.00805712 0.228283
0.58 0.00236965 -0.0217313 0.32911 -0.935406 1.63447 -0.854298 0.080132 -0.00841511 0.226231
0.5825 0.00222886 -0.0206456 0.316865 -0.909653 1.61081 -0.849447 0.0828365 -0.00878656 0.224204
0.585 0.00209586 -0.0196087 0.30499 -0.884364 1.58705 -0.844389 0.0856086 -0.00917186 0.222206
0.5875 0.00197025 -0.0186188 0.29348 -0.85954 1.5632 -0.839128 0.0884489 -0.00957139 0.220241
0.59 0.00185165 -0.0176738 0.282325 -0.83518 1.53929 -0.833668 0.091358 -0.00998556 0.218312
0.5925 0.0017397 -0.0167722 0.271518 -0.811285 1.51532 -0.828014 0.0943366 -0.0104147 0.216425
0.595 0.00163407 -0.0159122 0.261053 -0.787855 1.49131 -0.82217 0.0973853 -0.0108594 0.214582
0.5975 0.00153443 -0.0150921 0.250922 -0.764889 1.46727 -0.81614 0.100505 -0.0113198 0.212787
0.6 0.00144046 -0.0143102 0.241116 -0.742386 1.44322 -0.809929 0.103695 -0.0117965 0.211046
0.6025 0.00135187 -0.0135651 0.23163 -0.720345 1.41916 -0.803543 0.106957 -0.0122899 0.20936
0.605 0.00126838 -0.0128553 0.222455 -0.698764 1.39513 -0.796985 0.110291 -0.0128004 0.207735
0.6075 0.00118972 -0.0121791 0.213584 -0.677642 1.37111 -0.790261 0.113697 -0.0133283 0.206174
0.61 0.00111562 -0.0115354 0.20501 -0.656976 1.34714 -0.783377 0.117176 -0.0138742 0.204681
0.6125 0.00104585 -0.0109226 0.196725 -0.636763 1.32322 -0.776336 0.120728 -0.0144384 0.203259
0.615 0.000980164 -0.0103395 0.188723 -0.617 1.29936 -0.769146 0.124352 -0.0150214 0.201912
0.6175 0.000918352 -0.00978486 0.180996 -0.597685 1.27558 -0.76181 0.128051 -0.0156235 0.200643
0.62 0.0008602 -0.00925736 0.173537 -0.578814 1.25189 -0.754334 0.131822 -0.0162453 0.199455
0.6225 0.000805505 -0.00875587 0.166339 -0.560382 1.22829 -0.746725 0.135667 -0.0168872 0.198353
0.625 0.000754079 -0.00827925 0.159396 -0.542387 1.20481 -0.738987 0.139585 -0.0175496 0.197338
0.6275 0.000705741 -0.0078264 0.1527 -0.524824 1.18144 -0.731126 0.143577 -0.0182328 0.196414
0.63 0.000660317 -0.00739626 0.146245 -0.507689 1.15821 -0.723148 0.147641 -0.0189374 0.195584
0.6325 0.000617645 -0.00698782 0.140023 -0.490977 1.13512 -0.715058 0.151779 -0.0196638 0.194849
0.635 0.000577571 -0.00660011 0.134029 -0.474683 1.11218 -0.706862 0.155989 -0.0204123 0.194214
0.6375 0.000539946 -0.00623217 0.128256 -0.458802 1.0894 -0.698566 0.160272 -0.0211835 0.19368
0.64 0.000504633 -0.00588311 0.122698 -0.44333 1.06679 -0.690176 0.164626 -0.0219777 0.193249
0.6425 0.000471498 -0.00555206 0.117348 -0.42826 1.04436 -0.681697 0.169051 -0.0227953 0.192923
0.645 0.000440416 -0.00523818 0.1122 -0.413588 1.02211 -0.673136 0.173548 -0.0236368 0.192704
0.6475 0.000411269 -0.00494068 0.107248 -0.399307 1.00007 -0.664497 0.178114 -0.0245026 0.192594
0.65 0.000383944 -0.00465878 0.102486 -0.385412 0.978226 -0.655787 0.18275 -0.025393 0.192594
0.6525 0.000358336 -0.00439174 0.0979082 -0.371898 0.956594 -0.647011 0.187454 -0.0263084 0.192706
0.655 0.000334342 -0.00413886 0.093509 -0.358758 0.935181 -0.638176 0.192227 -0.0272493 0.19293
0.6575 0.000311868 -0.00389945 0.0892827 -0.345986 0.913994 -0.629286 0.197065 -0.028216 0.193267
0.66 0.000290824 -0.00367288 0.0852237 -0.333575 0.893038 -0.620348 0.20197 -0.0292089 0.193718
0.6625 0.000271125 -0.0034585 0.0813267 -0.321521 0.872321 -0.611367 0.206939 -0.0302283 0.194283
0.665 0.00025269 -0.00325574 0.0775863 -0.309817 0.851847 -0.602348 0.211972 -0.0312746 0.194963
0.6675 0.000235443 -0.00306401 0.0739974 -0.298455 0.831623 -0.593298 0.217066 -0.0323481 0.195757
0.67 0.000219313 -0.00288277 0.0705549 -0.28743 0.811654 -0.584221 0.222222 -0.0334492 0.196666
0.6725 0.00020423 -0.0027115 0.0672539 -0.276736 0.791944 -0.575124 0.227436 -0.0345782 0.197688
0.675 0.000190132 -0.0025497 0.0640895 -0.266365 0.772498 -0.566011 0.232708 -0.0357353 0.198824
0.6775 0.000176958 -0.00239688 0.061057 -0.256312 0.75332 -0.556888 0.238037 -0.0369209 0.200073
0.68 0.000164651 -0.0022526 0.0581519 -0.24657 0.734415 -0.547759 0.243419 -0.0381353 0.201433
0.6825 0.000153158 -0.00211642 0.0553696 -0.237133 0.715785 -0.538631 0.248855 -0.0393786 0.202904
0.685 0.000142427 -0.00198791 0.0527057 -0.227993 0.697433 -0.529507 0.254341 -0.0406512 0.204483
0.6875 0.000132411 -0.00186669 0.0501562 -0.219144 0.679364 -0.520394 0.259876 -0.0419533 0.20617
0.69 0.000123066 -0.00175238 0.0477166 -0.210581 0.661579 -0.511295 0.265457 -0.043285 0.207962
0.6925 0.000114348 -0.00164461 0.0453832 -0.202296 0.64408 -0.502216 0.271083 -0.0446466 0.209858
0.695 0.000106218 -0.00154304 0.0431518 -0.194283 0.626871 -0.493161 0.276751 -0.0460383 0.211855
0.6975 9.86393e-05 -0.00144734 0.0410188 -0.186535 0.609951 -0.484135 0.28246 -0.0474601 0.213951
0.7 9.15756e-05 -0.00135719 0.0389804 -0.179047 0.593324 -0.475142 0.288206 -0.0489123 0.216143
0.7025 8.4994e-05 -0.00127231 0.0370329 -0.171811 0.576989 -0.466186 0.293987 -0.0503949 0.218429
0.705 7.88636e-05 -0.00119241 0.035173 -0.164823 0.560949 -0.457273 0.299801 -0.051908 0.220806
0.7075 7.3155e-05 -0.00111721 0.0333973 -0.158074 0.545202 -0.448405 0.305645 -0.0534517 0.22327
0.71 6.78408e-05 -0.00104647 0.0317024 -0.15156 0.529751 -0.439587 0.311517 -0.055026 0.225818
0.7125 6.28952e-05 -0.000979929 0.0300851 -0.145274 0.514594 -0.430823 0.317413 -0.056631 0.228448
0.715 5.82939e-05 -0.000917367 0.0285424 -0.13921 0.499733 -0.422116 0.32333 -0.0582666 0.231154
0.7175 5.40142e-05 -0.000858561 0.0270713 -0.133362 0.485166 -0.41347 0.329267 -0.0599327 0.233935
0.72 5.00349e-05 -0.000803302 0.0256689 -0.127724 0.470892 -0.404889 0.33522 -0.0616294 0.236785
0.7225 4.63358e-05 -0.00075139 0.0243324 -0.12229 0.456912 -0.396376 0.341185 -0.0633566 0.239701
0.725 4.28983e-05 -0.000702638 0.023059 -0.117055 0.443223 -0.387934 0.34716 -0.065114 0.242679
0.7275 3.97047e-05 -0.000656866 0.0218463 -0.112013 0.429825 -0.379567 0.353142 -0.0669016 0.245714
0.73 3.67387e-05 -0.000613906 0.0206915 -0.107159 0.416717 -0.371276 0.359127 -0.0687192 0.248803
0.7325 3.39848e-05 -0.000573596 0.0195924 -0.102486 0.403896 -0.363066 0.365111 -0.0705666 0.251941
0.735 3.14287e-05 -0.000535783 0.0185465 -0.0979904 0.391361 -0.354939 0.371093 -0.0724435 0.255122
0.7375 2.90567e-05 -0.000500325 0.0175515 -0.0936655 0.379109 -0.346898 0.377068 -0.0743496 0.258344
0.74 2.68562e-05 -0.000467083 0.0166053 -0.0895067 0.367139 -0.338944 0.383032 -0.0762847 0.261601
0.7425 2.48155e-05 -0.000435929 0.0157058 -0.0855088 0.355448 -0.331081 0.388983 -0.0782485 0.264887
0.745 2.29235e-05 -0.00040674 0.0148509 -0.0816668 0.344034 -0.323311 0.394917 -0.0802405 0.2682
0.7475 2.11699e-05 -0.0003794 0.0140386 -0.0779757 0.332894 -0.315635 0.400829 -0.0822604 0.271533
0.75 1.9545e-05 -0.000353799 0.013267 -0.0744308 0.322025 -0.308056 0.406718 -0.0843077 0.274881
0.7525 1.80398e-05 -0.000329835 0.0125344 -0.0710273 0.311424 -0.300575 0.412578 -0.0863819 0.278241
0.755 1.66459e-05 -0.000307408 0.0118389 -0.0677606 0.301089 -0.293194 0.418406 -0.0884826 0.281606
0.7575 1.53554e-05 -0.000286426 0.0111789 -0.0646262 0.291016 -0.285916 0.424199 -0.0906092 0.284972
0.76 1.41611e-05 -0.000266802 0.0105528 -0.0616196 0.281202 -0.27874 0.429953 -0.0927612 0.288334
0.7625 1.3056e-05 -0.000248454 0.00995898 -0.0587366 0.271643 -0.271669 0.435663 -0.0949379 0.291686
0.765 1.20338e-05 -0.000231303 0.00939596 -0.055973 0.262337 -0.264704 0.441327 -0.0971387 0.295024
0.7675 1.10886e-05 -0.000215277 0.00886231 -0.0533246 0.253279 -0.257846 0.44694 -0.0993629 0.298343
0.77 1.02147e-05 -0.000200305 0.00835665 -0.0507873 0.244465 -0.251096 0.452499 -0.10161 0.301638
0.7725 9.40715e-06 -0.000186323 0.00787765 -0.0483574 0.235893 -0.244455 0.458 -0.103879 0.304903
0.775 8.66101e-06 -0.000173268 0.00742405 -0.0460309 0.227558 -0.237923 0.463439 -0.106169 0.308134
0.7775 7.97183e-06 -0.000161084 0.00699462 -0.0438042 0.219457 -0.231501 0.468812 -0.108479 0.311326
0.78 7.33546e-06 -0.000149714 0.0065882 -0.0416737 0.211585 -0.225191 0.474116 -0.110809 0.314475
0.7825 6.74801e-06 -0.000139109 0.00620367 -0.0396357 0.20394 -0.218991 0.479347 -0.113157 0.317574
0.785 6.20588e-06 -0.000129219 0.00583996 -0.0376869 0.196515 -0.212903 0.484501 -0.115523 0.32062
0.7875 5.70572e-06 -0.000119999 0.00549605 -0.035824 0.189309 -0.206926 0.489574 -0.117906 0.323608
0.79 5.24442e-06 -0.000111405 0.00517096 -0.0340438 0.182316 -0.201062 0.494563 -0.120305 0.326533
0.7925 4.81907e-06 -0.000103399 0.00486374 -0.032343 0.175532 -0.19531 0.499464 -0.122718 0.329391
0.795 4.42699e-06 -9.59407e-05 0.00457351 -0.0307186 0.168954 -0.189669 0.504274 -0.125145 0.332178
0.7975 4.06568e-06 -8.8996e-05 0.0042994 -0.0291678 0.162578 -0.18414 0.508988 -0.127584 0.334888
0.8 3.73282e-06 -8.2531e-05 0.00404059 -0.0276875 0.156398 -0.178723 0.513604 -0.130035 0.337519
0.8025 3.42626e-06 -7.65145e-05 0.00379631 -0.026275 0.150412 -0.173417 0.518118 -0.132497 0.340065
0.805 3.14401e-06 -7.09168e-05 0.00356581 -0.0249277 0.144615 -0.168221 0.522526 -0.134967 0.342523
0.8075 2.8842e-06 -6.57104e-05 0.00334837 -0.0236429 0.139002 -0.163136 0.526825 -0.137445 0.344889
0.81 2.64513e-06 -6.08694e-05 0.00314332 -0.0224181 0.13357 -0.158161 0.531013 -0.13993 0.34716
0.8125 2.4252e-06 -5.63693e-05 0.00295001 -0.0212509 0.128315 -0.153295 0.535085 -0.14242 0.34933
0.815 2.22294e-06 -5.21874e-05 0.00276781 -0.0201388 0.123233 -0.148537 0.539038 -0.144914 0.351399
0.8175 2.03698e-06 -4.83023e-05 0.00259615 -0.0190796 0.118318 -0.143887 0.54287 -0.147411 0.35336
0.82 1.86606e-06 -4.46941e-05 0.00243446 -0.0180711 0.113569 -0.139344 0.546577 -0.149909 0.355213
0.8225 1.70901e-06 -4.13439e-05 0.0022822 -0.0171112 0.108979 -0.134907 0.550156 -0.152407 0.356953
0.825 1.56474e-06 -3.82342e-05 0.00213888 -0.0161977 0.104546 -0.130575 0.553606 -0.154904 0.358577
0.8275 1.43225e-06 -3.53486e-05 0.00200399 -0.0153288 0.100266 -0.126347 0.556922 -0.157398 0.360084
0.83 1.31062e-06 -3.26717e-05 0.00187709 -0.0145024 0.0961337 -0.122222 0.560102 -0.159888 0.36147
0.8325 1.19898e-06 -3.01891e-05 0.00175774 -0.0137168 0.0921464 -0.118198 0.563144 -0.162372 0.362733
0.835 1.09655e-06 -2.78874e-05 0.00164552 -0.0129701 0.0883 -0.114276 0.566046 -0.164849 0.36387
0.8375 1.00258e-06 -2.5754e-05 0.00154004 -0.0122607 0.0845906 -0.110453 0.568804 -0.167317 0.36488
0.84 9.1642e-07 -2.37773e-05 0.00144092 -0.0115868 0.0810146 -0.106728 0.571417 -0.169775 0.36576
0.8425 8.37429e-07 -2.19461e-05 0.0013478 -0.010947 0.0775682 -0.1031 0.573883 -0.172221 0.36651
0.845 7.65034e-07 -2.02504e-05 0.00126035 -0.0103396 0.0742477 -0.0995675 0.576199 -0.174654 0.367126
0.8475 6.98703e-07 -1.86805e-05 0.00117825 -0.00976319 0.0710497 -0.0961296 0.578364 -0.177072 0.367609
0.85 6.37946e-07 -1.72275e-05 0.00110119 -0.00921636 0.0679705 -0.0927846 0.580375 -0.179474 0.367956
0.8525 5.8231e-07 -1.58831e-05 0.00102888 -0.00869774 0.0650067 -0.0895311 0.582232 -0.181857 0.368166
0.855 5.31379e-07 -1.46396e-05 0.000961059 -0.00820603 0.0621549 -0.0863677 0.583933 -0.184222 0.368239
0.8575 4.84768e-07 -1.34897e-05 0.000897455 -0.00773996 0.0594116 -0.0832929 0.585476 -0.186565 0.368174
0.86 4.42122e-07 -1.24266e-05 0.000837828 -0.00729834 0.0567737 -0.0803053 0.58686 -0.188885 0.367971
0.8625 4.03116e-07 -1.14442e-05 0.000781946 -0.00688 0.0542379 -0.0774034 0.588084 -0.191181 0.367628
0.865 3.6745e-07 -1.05365e-05 0.000729588 -0.00648384 0.0518009 -0.0745856 0.589147 -0.193452 0.367146
0.8675 3.34846e-07 -9.69805e-06 0.000680547 -0.0061088 0.0494596 -0.0718504 0.590047 -0.195695 0.366524
0.87 3.0505e-07 -8.92387e-06 0.000634626 -0.00575385 0.0472111 -0.0691963 0.590785 -0.197909 0.365764
0.8725 2.77828e-07 -8.20922e-06 0.000591639 -0.00541802 0.0450523 -0.0666217 0.59136 -0.200092 0.364864
0.875 2.52965e-07 -7.5497e-06 0.000551411 -0.00510037 0.0429802 -0.0641251 0.591771 -0.202244 0.363826
0.8775 2.30264e-07 -6.94124e-06 0.000513775 -0.00480002 0.0409921 -0.0617049 0.592017 -0.204361 0.36265
0.88 2.09541e-07 -6.38004e-06 0.000478575 -0.00451609 0.0390851 -0.0593596 0.5921 -0.206444 0.361338
0.8825 1.9063e-07 -5.86259e-06 0.000445663 -0.00424778 0.0372564 -0.0570875 0.592017 -0.20849 0.359889
0.885 1.73378e-07 -5.38561e-06 0.000414899 -0.0039943 0.0355034 -0.0548872 0.591771 -0.210497 0.358305
0.8875 1.57644e-07 -4.94606e-06 0.000386151 -0.00375491 0.0338235 -0.052757 0.59136 -0.212465 0.356588
0.89 1.43297e-07 -4.54112e-06 0.000359296 -0.00352888 0.0322142 -0.0506954 0.590785 -0.214392 0.354738
0.8925 1.3022e-07 -4.16818e-06 0.000334215 -0.00331554 0.0306729 -0.0487009 0.590047 -0.216276 0.352758
0.895 1.18303e-07 -3.82481e-06 0.000310799 -0.00311422 0.0291972 -0.0467718 0.589147 -0.218116 0.350648
0.8975 1.07448e-07 -3.50874e-06 0.000288943 -0.00292432 0.0277848 -0.0449066 0.588084 -0.219911 0.348412
0.9 9.75607e-08 -3.2179e-06 0.00026855 -0.00274524 0.0264334 -0.0431039 0.58686 -0.221659 0.346051
0.9025 8.85591e-08 -2.95035e-06 0.000249526 -0.00257641 0.0251408 -0.041362 0.585476 -0.223359 0.343566
0.905 8.03656e-08 -2.7043e-06 0.000231786 -0.00241729 0.0239047 -0.0396795 0.583933 -0.225009 0.340961
0.9075 7.291e-08 -2.47807e-06 0.000215247 -0.00226737 0.022723 -0.0380549 0.582232 -0.226608 0.338238
0.91 6.61276e-08 -2.27014e-06 0.000199833 -0.00212615 0.0215938 -0.0364867 0.580375 -0.228156 0.335398
0.9125 5.99595e-08 -2.07908e-06 0.000185471 -0.00199318 0.020515 -0.0349733 0.578364 -0.22965 0.332446
0.915 5.43517e-08 -1.90357e-06 0.000172093 -0.001868 0.0194847 -0.0335135 0.576199 -0.23109 0.329382
0.9175 4.92546e-08 -1.74239e-06 0.000159636 -0.0017502 0.018501 -0.0321056 0.573883 -0.232474 0.326212
0.92 4.46232e-08 -1.59442e-06 0.00014804 -0.00163937 0.017562 -0.0307483 0.571417 -0.233802 0.322936
0.9225 4.0416e-08 -1.4586e-06 0.000137247 -0.00153514 0.0166661 -0.0294403 0.568804 -0.235071 0.319559
0.925 3.65953e-08 -1.33399e-06 0.000127207 -0.00143713 0.0158115 -0.02818 0.566046 -0.236283 0.316083
0.9275 3.31266e-08 -1.21968e-06 0.000117868 -0.001345 0.0149966 -0.0269662 0.563144 -0.237434 0.312512
0.93 2.99783e-08 -1.11486e-06 0.000109184 -0.00125844 0.0142197 -0.0257976 0.560102 -0.238525 0.308849
0.9325 2.71218e-08 -1.01877e-06 0.000101112 -0.00117711 0.0134793 -0.0246727 0.556922 -0.239554 0.305098
0.935 2.45306e-08 -9.30693e-07 9.36109e-05 -0.00110074 0.0127739 -0.0235903 0.553606 -0.240521 0.301261
0.9375 2.21808e-08 -8.49999e-07 8.66421e-05 -0.00102903 0.0121021 -0.0225491 0.550156 -0.241424 0.297342
0.94 2.00505e-08 -7.76086e-07 8.01698e-05 -0.000961732 0.0114624 -0.0215479 0.546577 -0.242264 0.293345
0.9425 1.81198e-08 -7.08403e-07 7.41604e-05 -0.000898583 0.0108535 -0.0205855 0.54287 -0.243039 0.289273
0.945 1.63704e-08 -6.46443e-07 6.85824e-05 -0.000839347 0.0102741 -0.0196605 0.539038 -0.243749 0.285131
0.9475 1.47858e-08 -5.89739e-07 6.34063e-05 -0.000783799 0.00972296 -0.0187719 0.535085 -0.244393 0.280921
0.95 1.33509e-08 -5.37859e-07 5.86046e-05 -0.000731723 0.00919881 -0.0179185 0.531013 -0.244971 0.276648
0.9525 1.20519e-08 -4.90407e-07 5.41515e-05 -0.000682918 0.00870049 -0.0170992 0.526825 -0.245482 0.272316
0.955 1.08763e-08 -4.47017e-07 5.00228e-05 -0.000637191 0.00822688 -0.0163127 0.522526 -0.245925 0.267927
0.9575 9.81262e-09 -4.07353e-07 4.61961e-05 -0.00059436 0.00777689 -0.0155582 0.518118 -0.246301 0.263487
0.96 8.85051e-09 -3.71105e-07 4.26503e-05 -0.000554255 0.00734948 -0.0148344 0.513604 -0.24661 0.258998
0.9625 7.98052e-09 -3.37989e-07 3.93658e-05 -0.000516712 0.00694362 -0.0141403 0.508988 -0.246849 0.254464
0.965 7.19404e-09 -3.07742e-07 3.6324e-05 -0.000481578 0.00655836 -0.013475 0.504274 -0.247021 0.249891
0.9675 6.48327e-09 -2.80125e-07 3.3508e-05 -0.000448709 0.00619275 -0.0128374 0.499464 -0.247124 0.24528
0.97 5.8411e-09 -2.54915e-07 3.09018e-05 -0.000417967 0.0058459 -0.0122266 0.494563 -0.247158 0.240637
0.9725 5.26108e-09 -2.31909e-07 2.84903e-05 -0.000389223 0.00551694 -0.0116416 0.489574 -0.247124 0.235965
0.975 4.73734e-09 -2.10921e-07 2.62597e-05 -0.000362355 0.00520505 -0.0110815 0.484501 -0.247021 0.231267
0.9775 4.26455e-09 -1.9178e-07 2.4197e-05 -0.000337248 0.00490943 -0.0105455 0.479347 -0.246849 0.226548
0.98 3.83788e-09 -1.74326e-07 2.22902e-05 -0.000313794 0.00462931 -0.0100326 0.474116 -0.24661 0.221812
0.9825 3.45294e-09 -1.58418e-07 2.05279e-05 -0.000291889 0.00436396 -0.00954194 0.468812 -0.246301 0.217061
0.985 3.10574e-09 -1.43921e-07 1.88997e-05 -0.000271439 0.00411267 -0.00907279 0.463439 -0.245925 0.212301
0.9875 2.79268e-09 -1.30714e-07 1.73958e-05 -0.00025235 0.00387479 -0.00862432 0.458 -0.245482 0.207534
0.99 2.51048e-09 -1.18686e-07 1.60071e-05 -0.00023454 0.00364964 -0.00819573 0.452499 -0.244971 0.202764
0.9925 2.25617e-09 -1.07736e-07 1.47252e-05 -0.000217925 0.00343663 -0.00778628 0.44694 -0.244393 0.197994
0.995 2.02706e-09 -9.77679e-08 1.35422e-05 -0.000202432 0.00323514 -0.00739523 0.441327 -0.243749 0.193229
0.9975 1.82071e-09 -8.86978e-08 1.24508e-05 -0.000187987 0.00304463 -0.00702187 0.435663 -0.243039 0.188471
1 1.63491e-09 -8.04468e-08 1.14442e-05 -0.000174525 0.00286454 -0.00666551 0.429953 -0.242264 0.183724
