x b0 b1 b2 b3 b4 b5 b6 b7 sum
0 0.779064 0.0117639 1.31724e-08 8.12929e-16 9.3102e-29 1.72695e-39 2.74008e-106 4.29257e-129 0.790827
0.0025 0.814858 0.0141623 1.91283e-08 1.35874e-15 1.87704e-28 3.94531e-39 1.08161e-105 1.95028e-128 0.829021
0.005 0.848975 0.0169832 2.7669e-08 2.26217e-15 3.76958e-28 8.97814e-39 4.25286e-105 8.82631e-128 0.865959
0.0075 0.881072 0.0202866 3.98669e-08 3.75161e-15 7.54076e-28 2.03515e-38 1.66569e-104 3.97892e-127 0.901359
0.01 0.910818 0.024138 5.72183e-08 6.19745e-15 1.50259e-27 4.59524e-38 6.49848e-104 1.78672e-126 0.934956
0.0125 0.937896 0.0286086 8.18015e-08 1.01979e-14 2.98243e-27 1.03353e-37 2.52541e-103 7.99188e-126 0.966505
0.015 0.962015 0.0337751 1.16491e-07 1.67153e-14 5.89661e-27 2.31549e-37 9.7759e-103 3.56079e-125 0.99579
0.0175 0.982907 0.0397192 1.65244e-07 2.72911e-14 1.16129e-26 5.16734e-37 3.76951e-102 1.58033e-124 1.02263
0.02 1.00034 0.0465272 2.33486e-07 4.43844e-14 2.27813e-26 1.14867e-36 1.44783e-101 6.98636e-124 1.04686
0.0225 1.01411 0.0542897 3.28626e-07 7.19024e-14 4.45166e-26 2.54345e-36 5.53925e-101 3.07651e-123 1.0684
0.025 1.02406 0.0631002 4.6073e-07 1.16027e-13 8.66501e-26 5.60993e-36 2.11101e-100 1.34949e-122 1.08716
0.0275 1.03008 0.0730547 6.43419e-07 1.86501e-13 1.68004e-25 1.23252e-35 8.01367e-100 5.89637e-122 1.10313
0.03 1.03209 0.0842499 8.95045e-07 2.9861e-13 3.24469e-25 2.69734e-35 3.03024e-99 2.56627e-121 1.11634
0.0325 1.03008 0.0967818 1.24022e-06 4.76246e-13 6.24211e-25 5.88003e-35 1.14137e-98 1.11256e-120 1.12686
0.035 1.02406 0.110744 1.71182e-06 7.56593e-13 1.19617e-24 1.27681e-34 4.28232e-98 4.80452e-120 1.13481
0.0375 1.01411 0.126227 2.35353e-06 1.19728e-12 2.28327e-24 2.76172e-34 1.60042e-97 2.06671e-119 1.14034
0.04 1.00034 0.143314 3.22318e-06 1.88727e-12 4.34135e-24 5.95023e-34 5.95793e-97 8.85546e-119 1.14365
0.0425 0.982907 0.162079 4.39697e-06 2.9633e-12 8.22236e-24 1.277e-33 2.20932e-96 3.77961e-118 1.14499
0.045 0.962015 0.182587 5.97483e-06 4.63469e-12 1.55121e-23 2.72995e-33 8.16066e-96 1.60689e-117 1.14461
0.0475 0.937896 0.204887 8.08726e-06 7.22054e-12 2.91508e-23 5.81326e-33 3.00259e-95 6.80502e-117 1.14279
0.05 0.910818 0.229015 1.09039e-05 1.12053e-11 5.45673e-23 1.23307e-32 1.10045e-94 2.87062e-116 1.13984
0.0525 0.881072 0.254986 1.46441e-05 1.73212e-11 1.01746e-22 2.60532e-32 4.01742e-94 1.20622e-115 1.13607
0.055 0.848975 0.282796 1.95907e-05 2.66708e-11 1.88977e-22 5.48325e-32 1.46092e-93 5.0487e-115 1.13179
0.0575 0.814858 0.312415 2.6106e-05 4.09071e-11 3.49624e-22 1.14952e-31 5.29191e-93 2.10493e-114 1.1273
0.06 0.779064 0.343792 3.46525e-05 6.24979e-11 6.44314e-22 2.40049e-31 1.90941e-92 8.74173e-114 1.12289
0.0625 0.741937 0.376845 4.58175e-05 9.5112e-11 1.18276e-21 4.9933e-31 6.86265e-92 3.61628e-113 1.11883
0.065 0.703825 0.411465 6.03437e-05 1.44181e-10 2.16272e-21 1.03461e-30 2.4569e-91 1.49015e-112 1.11535
0.0675 0.665068 0.447515 7.91655e-05 2.17713e-10 3.9392e-21 2.13536e-30 8.76164e-91 6.11647e-112 1.11266
0.07 0.625995 0.484825 0.000103453 3.27466e-10 7.14691e-21 4.39005e-30 3.11235e-90 2.50078e-111 1.11092
0.0725 0.586921 0.523197 0.000134665 4.90625e-10 1.29161e-20 8.99021e-30 1.10127e-89 1.01848e-110 1.11025
0.075 0.54814 0.562406 0.00017461 7.32212e-10 2.32515e-20 1.8339e-29 3.88153e-89 4.13177e-110 1.11072
0.0775 0.509925 0.602197 0.000225522 1.0885e-09 4.16938e-20 3.72634e-29 1.36275e-88 1.66963e-109 1.11235
0.08 0.472526 0.642288 0.000290141 1.61184e-09 7.44725e-20 7.54213e-29 4.76576e-88 6.72064e-109 1.1151
0.0825 0.436162 0.682378 0.000371822 2.3775e-09 1.32503e-19 1.52058e-28 1.66017e-87 2.69465e-108 1.11891
0.085 0.401028 0.722144 0.00047464 3.49319e-09 2.34831e-19 3.05371e-28 5.7607e-87 1.07622e-107 1.12365
0.0875 0.367285 0.761248 0.000603527 5.11243e-09 4.14564e-19 6.10872e-28 1.99114e-86 4.28153e-107 1.12914
0.09 0.335071 0.799341 0.000764421 7.45308e-09 7.29005e-19 1.21724e-27 6.8554e-86 1.69669e-106 1.13518
0.0925 0.30449 0.836067 0.000964433 1.0823e-08 1.27695e-18 2.41604e-27 2.35108e-85 6.69743e-106 1.14152
0.095 0.275622 0.871072 0.00121204 1.56554e-08 2.22802e-18 4.77681e-27 8.03164e-85 2.63341e-105 1.14791
0.0975 0.248518 0.904004 0.00151727 2.25571e-08 3.87229e-18 9.40749e-27 2.73304e-84 1.03141e-104 1.15404
0.1 0.223205 0.934524 0.00189196 3.23747e-08 6.7038e-18 1.8455e-26 9.26382e-84 4.02392e-104 1.15962
0.1025 0.19969 0.962307 0.00234999 4.62841e-08 1.15605e-17 3.60626e-26 3.12779e-83 1.56376e-103 1.16435
0.105 0.177955 0.987054 0.00290752 6.59116e-08 1.98581e-17 7.01946e-26 1.05194e-82 6.05334e-103 1.16792
0.1075 0.157968 1.00849 0.0035833 9.34965e-08 3.39783e-17 1.36099e-25 3.52407e-82 2.33412e-102 1.17004
0.11 0.139678 1.02637 0.00439894 1.32109e-07 5.7912e-17 2.6285e-25 1.17599e-81 8.96508e-102 1.17045
0.1125 0.123025 1.0405 0.00537918 1.8594e-07 9.83194e-17 5.05669e-25 3.909e-81 3.42996e-101 1.16891
0.115 0.107935 1.05071 0.0065522 2.60686e-07 1.6627e-16 9.69007e-25 1.29429e-80 1.30716e-100 1.1652
0.1175 0.0943267 1.05689 0.00794991 3.64053e-07 2.80086e-16 1.84966e-24 4.26876e-80 4.96215e-100 1.15916
0.12 0.0821127 1.05895 0.00960817 5.06426e-07 4.69973e-16 3.5169e-24 1.40241e-79 1.87636e-99 1.15068
0.1225 0.0712015 1.05689 0.011567 7.01731e-07 7.85521e-16 6.66088e-24 4.58935e-79 7.06748e-99 1.13966
0.125 0.0614996 1.05071 0.013871 9.68565e-07 1.30781e-15 1.25663e-23 1.496e-78 2.65166e-98 1.12608
0.1275 0.0529125 1.0405 0.016569 1.33165e-06 2.16889e-15 2.36149e-23 4.85752e-78 9.90999e-98 1.10999
0.13 0.0453469 1.02637 0.0197147 1.82371e-06 3.58289e-15 4.42046e-23 1.57109e-77 3.68921e-97 1.09144
0.1325 0.0387116 1.00849 0.0233661 2.48785e-06 5.89566e-15 8.2424e-23 5.06165e-77 1.36803e-96 1.07057
0.135 0.0329183 0.987054 0.0275858 3.38062e-06 9.66351e-15 1.53089e-22 1.62437e-76 5.05316e-96 1.04756
0.1375 0.0278829 0.962307 0.0324406 4.57586e-06 1.57776e-14 2.83228e-22 5.19259e-76 1.85923e-95 1.02264
0.14 0.0235257 0.934524 0.038001 6.16953e-06 2.56596e-14 5.21954e-22 1.65343e-75 6.81408e-95 0.996057
0.1425 0.019772 0.904004 0.044341 8.28581e-06 4.15685e-14 9.58147e-22 5.24433e-75 2.48763e-94 0.968125
0.145 0.0165524 0.871072 0.051537 1.10846e-05 6.70781e-14 1.75201e-21 1.65691e-74 9.04619e-94 0.939172
0.1475 0.013803 0.836067 0.0596674 1.47711e-05 1.0782e-13 3.19112e-21 5.21447e-74 3.2768e-93 0.909552
0.15 0.0114655 0.799341 0.068811 1.96067e-05 1.72633e-13 5.78966e-21 1.63465e-73 1.18233e-92 0.879637
0.1525 0.00948669 0.761248 0.0790464 2.5924e-05 2.75329e-13 1.04633e-20 5.1044e-73 4.24942e-92 0.849807
0.155 0.00781879 0.722144 0.0904503 3.41431e-05 4.37404e-13 1.88358e-20 1.58769e-72 1.52134e-91 0.820447
0.1575 0.00641901 0.682378 0.103096 4.47927e-05 6.92177e-13 3.37758e-20 4.91918e-72 5.4253e-91 0.791938
0.16 0.00524929 0.642288 0.117051 5.85349e-05 1.09108e-12 6.03297e-20 1.51818e-71 1.9272e-90 0.764647
0.1625 0.00427598 0.602197 0.132378 7.61949e-05 1.71315e-12 1.07339e-19 4.66719e-71 6.81917e-90 0.738927
0.165 0.00346957 0.562406 0.149127 9.87963e-05 2.67942e-12 1.90235e-19 1.4292e-70 2.40348e-89 0.715102
0.1675 0.00280426 0.523197 0.167341 0.000127602 4.17436e-12 3.35835e-19 4.35945e-70 8.43828e-89 0.693471
0.17 0.00225769 0.484825 0.187048 0.000164165 6.47802e-12 5.90562e-19 1.32457e-69 2.95101e-88 0.674294
0.1725 0.00181057 0.447515 0.20826 0.000210381 1.00138e-11 1.03445e-18 4.00888e-69 1.02799e-87 0.657795
0.175 0.00144633 0.411465 0.230973 0.000268556 1.5419e-11 1.8049e-18 1.20858e-68 3.56708e-87 0.644153
0.1775 0.00115087 0.376845 0.255165 0.000341482 2.36494e-11 3.13692e-18 3.62934e-68 1.23294e-86 0.633502
0.18 0.00091219 0.343792 0.280792 0.000432517 3.61315e-11 5.4307e-18 1.08564e-67 4.24493e-86 0.625929
0.1825 0.000720193 0.312415 0.307788 0.000545686 5.49864e-11 9.36511e-18 3.2348e-67 1.45581e-85 0.621469
0.185 0.000566391 0.282796 0.336064 0.000685782 8.33544e-11 1.60869e-17 9.6009e-67 4.97327e-85 0.620112
0.1875 0.000443698 0.254986 0.365507 0.000858485 1.25865e-10 2.75256e-17 2.83844e-66 1.69232e-84 0.621795
0.19 0.000346228 0.229015 0.39598 0.00107049 1.89315e-10 4.69141e-17 8.35896e-66 5.73625e-84 0.626411
0.1925 0.000269117 0.204887 0.427321 0.00132965 2.83642e-10 7.96479e-17 2.45204e-65 1.93676e-83 0.633807
0.195 0.000208364 0.182587 0.459345 0.00164511 4.23309e-10 1.34694e-16 7.16485e-65 6.5137e-83 0.643785
0.1975 0.000160697 0.162079 0.491843 0.00202747 6.29286e-10 2.26896e-16 2.0854e-64 2.18214e-82 0.656111
0.2 0.000123451 0.143314 0.524588 0.00248897 9.31843e-10 3.80722e-16 6.0461e-64 7.28185e-82 0.670514
0.2025 9.44688e-05 0.126227 0.557332 0.00304359 1.37449e-09 6.36345e-16 1.74608e-63 2.4205e-81 0.686697
0.205 7.20086e-05 0.110744 0.58981 0.0037073 2.01949e-09 1.05945e-15 5.02295e-63 8.01438e-81 0.704334
0.2075 5.46744e-05 0.0967818 0.621748 0.00449814 2.95561e-09 1.757e-15 1.43931e-62 2.64326e-80 0.723083
0.21 4.13511e-05 0.0842499 0.65286 0.0054364 4.3088e-09 2.90247e-15 4.10824e-62 8.68385e-80 0.742588
0.2125 3.11525e-05 0.0730547 0.682857 0.00654475 6.25703e-09 4.77603e-15 1.16804e-61 2.84177e-79 0.762487
0.215 2.33778e-05 0.0631002 0.711447 0.00784836 9.05074e-09 7.82834e-15 3.30801e-61 9.26337e-79 0.782419
0.2175 1.7475e-05 0.0542897 0.738344 0.00937493 1.30408e-08 1.27813e-14 9.33206e-61 3.00782e-78 0.802026
0.22 1.30117e-05 0.0465272 0.763271 0.0111548 1.87166e-08 2.07867e-14 2.62236e-60 9.72836e-78 0.820966
0.2225 9.6506e-06 0.0397192 0.785963 0.0132208 2.67579e-08 3.36743e-14 7.34023e-60 3.13422e-77 0.838913
0.225 7.12982e-06 0.0337751 0.806175 0.0156083 3.8105e-08 5.43395e-14 2.04659e-59 1.00583e-76 0.855566
0.2275 5.24694e-06 0.0286086 0.823683 0.0183552 5.40525e-08 8.73445e-14 5.68403e-59 3.2153e-76 0.870652
0.23 3.84625e-06 0.024138 0.838289 0.0215014 7.63753e-08 1.39849e-13 1.57248e-58 1.02382e-75 0.883933
0.2325 2.80848e-06 0.0202866 0.849829 0.0250886 1.07496e-07 2.23042e-13 4.33328e-58 3.24734e-75 0.895207
0.235 2.04273e-06 0.0169832 0.858169 0.0291602 1.50708e-07 3.54338e-13 1.18947e-57 1.02597e-74 0.904314
0.2375 1.47997e-06 0.0141623 0.863212 0.0337604 2.10467e-07 5.60728e-13 3.25231e-57 3.22885e-74 0.911136
0.24 1.06806e-06 0.0117639 0.8649 0.038934 2.92776e-07 8.83873e-13 8.85798e-57 1.01219e-73 0.915599
0.2425 7.67797e-07 0.0097336 0.863212 0.0447253 4.05687e-07 1.38781e-12 2.40315e-56 3.16069e-73 0.917672
0.245 5.49792e-07 0.0080223 0.858169 0.0511777 5.5995e-07 2.17058e-12 6.49427e-56 9.83116e-73 0.91737
0.2475 3.92152e-07 0.00658608 0.849829 0.0583328 7.69858e-07 3.38162e-12 1.74817e-55 3.04601e-72 0.914749
0.25 2.78621e-07 0.00538591 0.838289 0.0662289 1.05433e-06 5.2478e-12 4.6875e-55 9.4007e-72 0.909906
0.2525 1.97187e-07 0.00438728 0.823683 0.0749008 1.43828e-06 8.11209e-12 1.25199e-54 2.88997e-71 0.902972
0.255 1.39009e-07 0.00355987 0.806175 0.0843778 1.95442e-06 1.24908e-11 3.33093e-54 8.84973e-71 0.894115
0.2575 9.76144e-08 0.00287725 0.785963 0.0946834 2.64541e-06 1.91582e-11 8.8274e-54 2.69942e-70 0.883527
0.26 6.82791e-08 0.00231645 0.763271 0.105833 3.56675e-06 2.92699e-11 2.33026e-53 8.20189e-70 0.871425
0.2625 4.75735e-08 0.00185769 0.738344 0.117835 4.79022e-06 4.45441e-11 6.12743e-53 2.48234e-69 0.858042
0.265 3.30176e-08 0.00148398 0.711447 0.130687 6.40828e-06 6.75249e-11 1.60493e-52 7.48362e-69 0.843624
0.2675 2.2826e-08 0.00118082 0.682857 0.144375 8.53949e-06 1.01962e-10 4.18734e-52 2.24733e-68 0.828421
0.27 1.57187e-08 0.000935932 0.65286 0.158875 1.13351e-05 1.53363e-10 1.08824e-51 6.72239e-68 0.812683
0.2725 1.07822e-08 0.000738938 0.621748 0.174149 1.49873e-05 2.29776e-10 2.81716e-51 2.00302e-67 0.796652
0.275 7.36722e-09 0.000581133 0.58981 0.190148 1.97389e-05 3.42919e-10 7.26447e-51 5.94498e-67 0.780559
0.2775 5.01421e-09 0.000455247 0.557332 0.206808 2.58957e-05 5.0978e-10 1.86595e-50 1.75759e-66 0.76462
0.28 3.39941e-09 0.00035524 0.524588 0.22405 3.38403e-05 7.5488e-10 4.77418e-50 5.17596e-66 0.749027
0.2825 2.29567e-09 0.000276121 0.491843 0.241783 4.405e-05 1.11346e-09 1.21675e-49 1.51833e-65 0.733946
0.285 1.54425e-09 0.000213787 0.459345 0.259902 5.71164e-05 1.63598e-09 3.08893e-49 4.43655e-65 0.719518
0.2875 1.03474e-09 0.000164879 0.427321 0.27829 7.37699e-05 2.39432e-09 7.81121e-49 1.2913e-64 0.70585
0.29 6.90633e-10 0.000126665 0.39598 0.296817 9.49076e-05 3.49053e-09 1.96758e-48 3.74381e-64 0.693019
0.2925 4.59163e-10 9.69276e-05 0.365507 0.315344 0.000121626 5.06878e-09 4.93684e-48 1.08119e-63 0.681069
0.295 3.04082e-10 7.38828e-05 0.336064 0.333721 0.000155258 7.33194e-09 1.23387e-47 3.11026e-63 0.670014
0.2975 2.00593e-10 5.60974e-05 0.307788 0.351792 0.000197418 1.05642e-08 3.0718e-47 8.91237e-63 0.659833
0.3 1.3181e-10 4.24273e-05 0.280792 0.369395 0.000250048 1.51622e-08 7.61765e-47 2.54386e-62 0.650479
0.3025 8.62742e-11 3.19633e-05 0.255165 0.386367 0.000315474 2.16764e-08 1.88171e-46 7.23265e-62 0.64188
0.305 5.62494e-11 2.39862e-05 0.230973 0.402544 0.000396466 3.08686e-08 4.63006e-46 2.04835e-61 0.633938
0.3075 3.65308e-11 1.79298e-05 0.20826 0.417763 0.00049631 4.37876e-08 1.13481e-45 5.77851e-61 0.626537
0.31 2.36322e-11 1.33503e-05 0.187048 0.431867 0.000618875 6.18711e-08 2.77055e-45 1.62379e-60 0.619547
0.3125 1.52283e-11 9.90178e-06 0.167341 0.444706 0.0007687 8.7082e-08 6.7377e-45 4.54515e-60 0.612826
0.315 9.77469e-12 7.31539e-06 0.149127 0.456142 0.000951074 1.22088e-07 1.63215e-44 1.26727e-59 0.606228
0.3175 6.24968e-12 5.3835e-06 0.132378 0.466048 0.00117213 1.70498e-07 3.93834e-44 3.51961e-59 0.599604
0.32 3.9803e-12 3.94635e-06 0.117051 0.474313 0.00143893 2.37176e-07 9.46606e-44 9.73695e-59 0.592807
0.3225 2.5251e-12 2.88158e-06 0.103096 0.480842 0.00175957 3.28644e-07 2.26636e-43 2.68321e-58 0.585701
0.325 1.59567e-12 2.09589e-06 0.0904503 0.485561 0.00214328 4.53611e-07 5.40495e-43 7.36531e-58 0.578157
0.3275 1.00442e-12 1.51849e-06 0.0790464 0.488414 0.00260048 6.23657e-07 1.28398e-42 2.01386e-57 0.570063
0.33 6.29776e-13 1.09586e-06 0.068811 0.489369 0.00314291 8.54104e-07 3.03828e-42 5.48495e-57 0.561325
0.3325 3.93335e-13 7.87781e-07 0.0596674 0.488414 0.00378367 1.16514e-06 7.16146e-42 1.48806e-56 0.551867
0.335 2.44704e-13 5.64102e-07 0.051537 0.485561 0.00453732 1.58326e-06 1.68143e-41 4.02132e-56 0.541637
0.3375 1.51644e-13 4.02359e-07 0.044341 0.480842 0.00541986 2.14303e-06 3.93242e-41 1.08249e-55 0.530606
0.34 9.36078e-14 2.85873e-07 0.038001 0.474313 0.00644883 2.8894e-06 9.16102e-41 2.90255e-55 0.518766
0.3425 5.75576e-14 2.02319e-07 0.0324406 0.466048 0.00764323 3.88052e-06 2.12584e-40 7.75246e-55 0.506136
0.345 3.5253e-14 1.42627e-07 0.0275858 0.456142 0.00902353 5.19131e-06 4.91386e-40 2.06254e-54 0.492757
0.3475 2.15077e-14 1.00155e-07 0.0233661 0.444706 0.0106116 6.91778e-06 1.1314e-39 5.46601e-54 0.478691
0.35 1.30706e-14 7.00562e-08 0.0197147 0.431867 0.0124304 9.18248e-06 2.59487e-39 1.44292e-53 0.464021
0.3525 7.91224e-15 4.88117e-08 0.016569 0.417763 0.0145043 1.21411e-05 5.92813e-39 3.79417e-53 0.448848
0.355 4.77098e-15 3.3877e-08 0.013871 0.402544 0.0168582 1.59903e-05 1.34903e-38 9.9379e-53 0.433289
0.3575 2.86562e-15 2.34201e-08 0.011567 0.386367 0.0195177 2.09779e-05 3.05796e-38 2.59284e-52 0.417473
0.36 1.71449e-15 1.61279e-08 0.00960817 0.369395 0.0225086 2.74138e-05 6.9047e-38 6.73847e-52 0.401539
0.3625 1.02177e-15 1.10629e-08 0.00794991 0.351792 0.0258567 3.56846e-05 1.55296e-37 1.74442e-51 0.385634
0.365 6.06562e-16 7.55897e-09 0.0065522 0.333721 0.029587 4.62696e-05 3.47921e-37 4.49823e-51 0.369906
0.3675 3.58675e-16 5.14471e-09 0.00537918 0.315344 0.0337235 5.97605e-05 7.76432e-37 1.15541e-50 0.354506
0.37 2.11266e-16 3.48789e-09 0.00439894 0.296817 0.0382885 7.6884e-05 1.72596e-36 2.95622e-50 0.339582
0.3725 1.23955e-16 2.35542e-09 0.0035833 0.27829 0.0433019 9.85284e-05 3.82173e-36 7.53425e-50 0.325274
0.375 7.24435e-17 1.58445e-09 0.00290752 0.259902 0.0487808 0.000125774 8.42935e-36 1.9127e-49 0.311716
0.3775 4.21734e-17 1.06167e-09 0.00234999 0.241783 0.0547387 0.000159927 1.85196e-35 4.83678e-49 0.299031
0.38 2.44558e-17 7.08608e-10 0.00189196 0.22405 0.0611848 0.000202562 4.05296e-35 1.21834e-48 0.287329
0.3825 1.41263e-17 4.71114e-10 0.00151727 0.206808 0.0681234 0.000255563 8.8352e-35 3.05694e-48 0.276704
0.385 8.12793e-18 3.11996e-10 0.00121204 0.190148 0.0755531 0.000321175 1.91851e-34 7.64025e-48 0.267235
0.3875 4.65837e-18 2.05814e-10 0.000964433 0.174149 0.0834665 0.000402057 4.14969e-34 1.90209e-47 0.258982
0.39 2.65945e-18 1.3524e-10 0.000764421 0.158875 0.0918492 0.000501347 8.94068e-34 4.71693e-47 0.25199
0.3925 1.51235e-18 8.85197e-11 0.000603527 0.144375 0.10068 0.000622718 1.9188e-33 1.16517e-46 0.246281
0.395 8.56678e-19 5.77135e-11 0.00047464 0.130687 0.109929 0.000770458 4.10196e-33 2.86698e-46 0.241861
0.3975 4.83377e-19 3.74816e-11 0.000371822 0.117835 0.11956 0.000949532 8.73487e-33 7.02689e-46 0.238717
0.4 2.7168e-19 2.42472e-11 0.000290141 0.105833 0.129528 0.00116567 1.85279e-32 1.71556e-45 0.236817
0.4025 1.52101e-19 1.56246e-11 0.000225522 0.0946834 0.13978 0.00142542 3.9147e-32 4.17206e-45 0.236114
0.405 8.48226e-20 1.00291e-11 0.00017461 0.0843778 0.150255 0.00173625 8.239e-32 1.01065e-44 0.236544
0.4075 4.71188e-20 6.41234e-12 0.000134665 0.0749008 0.160886 0.00210663 1.72725e-31 2.43866e-44 0.238028
0.41 2.60723e-20 4.0839e-12 0.000103453 0.0662289 0.171597 0.00254605 3.60693e-31 5.86148e-44 0.240475
0.4125 1.43704e-20 2.59082e-12 7.91655e-05 0.0583328 0.182308 0.00306513 7.50281e-31 1.40335e-43 0.243785
0.415 7.88973e-21 1.6372e-12 6.03437e-05 0.0511777 0.192932 0.00367565 1.55458e-30 3.3468e-43 0.247845
0.4175 4.31478e-21 1.03056e-12 4.58175e-05 0.0447253 0.203379 0.00439059 3.20855e-30 7.95053e-43 0.252541
0.42 2.35049e-21 6.46167e-13 3.46525e-05 0.038934 0.213556 0.00522415 6.59638e-30 1.88134e-42 0.257749
0.4225 1.27545e-21 4.03572e-13 2.6106e-05 0.0337604 0.223368 0.00619173 1.35085e-29 4.43445e-42 0.263346
0.425 6.89397e-22 2.51073e-13 1.95907e-05 0.0291602 0.23272 0.0073099 2.75557e-29 1.04116e-41 0.26921
0.4275 3.71176e-22 1.55591e-13 1.46441e-05 0.0250886 0.241518 0.00859636 5.59911e-29 2.43499e-41 0.275218
0.43 1.99065e-22 9.60442e-14 1.09039e-05 0.0215014 0.249672 0.0100698 1.13326e-28 5.67259e-41 0.281254
0.4325 1.06344e-22 5.90556e-14 8.08726e-06 0.0183552 0.257095 0.0117498 2.28479e-28 1.31634e-40 0.287208
0.435 5.65891e-23 3.61706e-14 5.97483e-06 0.0156083 0.263706 0.0136567 4.58843e-28 3.04271e-40 0.292977
0.4375 2.99956e-23 2.20675e-14 4.39697e-06 0.0132208 0.269433 0.0158111 9.17881e-28 7.00577e-40 0.298469
0.44 1.58375e-23 1.34108e-14 3.22318e-06 0.0111548 0.274211 0.0182341 1.82899e-27 1.60677e-39 0.303603
0.4425 8.32948e-24 8.11817e-15 2.35353e-06 0.00937493 0.277986 0.0209463 3.63029e-27 3.67076e-39 0.30831
0.445 4.36369e-24 4.89515e-15 1.71182e-06 0.00784836 0.280714 0.0239682 7.17752e-27 8.35336e-39 0.312532
0.4475 2.27715e-24 2.94021e-15 1.24022e-06 0.00654475 0.282364 0.0273192 1.41355e-26 1.89352e-38 0.316229
0.45 1.18368e-24 1.75911e-15 8.95045e-07 0.0054364 0.282916 0.0310172 2.773e-26 4.27546e-38 0.31937
0.4525 6.12888e-25 1.04836e-15 6.43419e-07 0.00449814 0.282364 0.0350785 5.41868e-26 9.61609e-38 0.321941
0.455 3.16104e-25 6.22349e-16 4.6073e-07 0.0037073 0.280714 0.039517 1.05473e-25 2.15436e-37 0.323939
0.4575 1.62399e-25 3.6801e-16 3.28626e-07 0.00304359 0.277986 0.0443434 2.04499e-25 4.80774e-37 0.325373
0.46 8.31075e-26 2.16765e-16 2.33486e-07 0.00248897 0.274211 0.0495654 3.94953e-25 1.06873e-36 0.326266
0.4625 4.23643e-26 1.27181e-16 1.65244e-07 0.00202747 0.269433 0.0551863 7.59806e-25 2.36646e-36 0.326647
0.465 2.15112e-26 7.4329e-17 1.16491e-07 0.00164511 0.263706 0.0612051 1.45601e-24 5.21954e-36 0.326557
0.4675 1.08801e-26 4.32711e-17 8.18015e-08 0.00132965 0.257095 0.0676156 2.77925e-24 1.14675e-35 0.32604
0.47 5.48153e-27 2.50924e-17 5.72183e-08 0.00107049 0.249672 0.0744064 5.28441e-24 2.50963e-35 0.325149
0.4725 2.75091e-27 1.4494e-17 3.98669e-08 0.000858485 0.241518 0.08156 1.00085e-23 5.47084e-35 0.323937
0.475 1.37516e-27 8.33948e-18 2.7669e-08 0.000685782 0.23272 0.0890528 1.88818e-23 1.18796e-34 0.322459
0.4775 6.84756e-28 4.77962e-18 1.91283e-08 0.000545686 0.223368 0.0968549 3.54831e-23 2.56953e-34 0.320769
0.48 3.39641e-28 2.72867e-18 1.31724e-08 0.000432517 0.213556 0.10493 6.64208e-23 5.53616e-34 0.318918
0.4825 1.67807e-28 1.55171e-18 9.03559e-09 0.000341482 0.203379 0.113235 1.23848e-22 1.18814e-33 0.316955
0.485 8.2585e-29 8.78975e-19 6.17378e-09 0.000268556 0.192932 0.121721 2.30027e-22 2.53997e-33 0.314921
0.4875 4.04852e-29 4.95958e-19 4.20194e-09 0.000210381 0.182308 0.130333 4.25571e-22 5.40872e-33 0.312851
0.49 1.97695e-29 2.78751e-19 2.84873e-09 0.000164165 0.171597 0.13901 7.84276e-22 1.14726e-32 0.310771
0.4925 9.61608e-30 1.5606e-19 1.92379e-09 0.000127602 0.160886 0.147686 1.43969e-21 2.42402e-32 0.3087
0.495 4.65912e-30 8.70303e-20 1.29409e-09 9.87963e-05 0.150255 0.156293 2.63252e-21 5.10167e-32 0.306647
0.4975 2.24861e-30 4.83451e-20 8.67119e-10 7.61949e-05 0.13978 0.164756 4.7949e-21 1.06953e-31 0.304612
0.5 1.081e-30 2.67509e-20 5.78755e-10 5.85349e-05 0.129528 0.173 8.69941e-21 2.23345e-31 0.302587
0.5025 5.17659e-31 1.47444e-20 3.84782e-10 4.47927e-05 0.11956 0.180949 1.57219e-20 4.64582e-31 0.300554
0.505 2.46925e-31 8.09508e-21 2.54822e-10 3.41431e-05 0.109929 0.188525 2.83023e-20 9.62615e-31 0.298488
0.5075 1.17324e-31 4.42708e-21 1.68099e-10 2.5924e-05 0.10068 0.195652 5.07508e-20 1.98676e-30 0.296358
0.51 5.55284e-32 2.41167e-21 1.10457e-10 1.96067e-05 0.0918492 0.202258 9.06499e-20 4.08455e-30 0.294126
0.5125 2.61786e-32 1.30864e-21 7.22983e-11 1.47711e-05 0.0834665 0.208271 1.61286e-19 8.36459e-30 0.291752
0.515 1.22937e-32 7.0734e-22 4.71374e-11 1.10846e-05 0.0755531 0.213627 2.85843e-19 1.70628e-29 0.289191
0.5175 5.75068e-33 3.80837e-22 3.0613e-11 8.28581e-06 0.0681234 0.218266 5.04618e-19 3.46703e-29 0.286398
0.52 2.67954e-33 2.04246e-22 1.98039e-11 6.16953e-06 0.0611848 0.222137 8.87364e-19 7.01728e-29 0.283328
0.5225 1.24367e-33 1.09112e-22 1.27614e-11 4.57586e-06 0.0547387 0.225194 1.55433e-18 1.41476e-28 0.279938
0.525 5.74982e-34 5.8062e-23 8.19125e-12 3.38062e-06 0.0487808 0.227404 2.712e-18 2.8412e-28 0.276189
0.5275 2.64793e-34 3.07763e-23 5.23727e-12 2.48785e-06 0.0433019 0.228741 4.71346e-18 5.68361e-28 0.272045
0.53 1.21468e-34 1.62497e-23 3.33552e-12 1.82371e-06 0.0382885 0.229188 8.16005e-18 1.13253e-27 0.267478
0.5325 5.55036e-35 8.54628e-24 2.11605e-12 1.33165e-06 0.0337235 0.228741 1.40718e-17 2.24791e-27 0.262466
0.535 2.52629e-35 4.47726e-24 1.33719e-12 9.68565e-07 0.029587 0.227404 2.41718e-17 4.44439e-27 0.256992
0.5375 1.14538e-35 2.33642e-24 8.41706e-13 7.01731e-07 0.0258567 0.225194 4.13593e-17 8.75283e-27 0.251052
0.54 5.17273e-36 1.21449e-24 5.27756e-13 5.06426e-07 0.0225086 0.222137 7.04921e-17 1.71707e-26 0.244646
0.5425 2.32698e-36 6.2884e-25 3.29617e-13 3.64053e-07 0.0195177 0.218266 1.19677e-16 3.3553e-26 0.237784
0.545 1.04273e-36 3.24332e-25 2.05064e-13 2.60686e-07 0.0168582 0.213627 2.02388e-16 6.53098e-26 0.230485
0.5475 4.65426e-37 1.66626e-25 1.27079e-13 1.8594e-07 0.0145043 0.208271 3.40928e-16 1.26628e-25 0.222775
0.55 2.06935e-37 8.52706e-26 7.8444e-14 1.32109e-07 0.0124304 0.202258 5.72063e-16 2.44559e-25 0.214688
0.5525 9.16478e-38 4.3467e-26 4.82336e-14 9.34965e-08 0.0106116 0.195652 9.56157e-16 4.70479e-25 0.206264
0.555 4.04309e-38 2.20711e-26 2.95423e-14 6.59116e-08 0.00902353 0.188525 1.59191e-15 9.01575e-25 0.197548
0.5575 1.77667e-38 1.11632e-26 1.80236e-14 4.62841e-08 0.00764323 0.180949 2.64003e-15 1.72094e-24 0.188592
0.56 7.77689e-39 5.6242e-27 1.09532e-14 3.23747e-08 0.00644883 0.173 4.36119e-15 3.27216e-24 0.179449
0.5625 3.39084e-39 2.82251e-27 6.63051e-15 2.25571e-08 0.00541986 0.164756 7.17635e-15 6.19735e-24 0.170176
0.565 1.47269e-39 1.41096e-27 3.99811e-15 1.56554e-08 0.00453732 0.156293 1.17627e-14 1.16918e-23 0.16083
0.5675 6.3712e-40 7.02578e-28 2.40141e-15 1.0823e-08 0.00378367 0.147686 1.92049e-14 2.19715e-23 0.15147
0.57 2.74558e-40 3.48481e-28 1.43675e-15 7.45308e-09 0.00314291 0.13901 3.12336e-14 4.11284e-23 0.142152
0.5725 1.17855e-40 1.72174e-28 8.56249e-16 5.11243e-09 0.00260048 0.130333 5.05982e-14 7.66881e-23 0.132933
0.575 5.03928e-41 8.47344e-29 5.08303e-16 3.49319e-09 0.00214328 0.121721 8.16492e-14 1.42435e-22 0.123864
0.5775 2.14631e-41 4.15389e-29 3.00572e-16 2.3775e-09 0.00175957 0.113235 1.31242e-13 2.63518e-22 0.114994
0.58 9.1058e-42 2.0284e-29 1.77042e-16 1.61184e-09 0.00143893 0.10493 2.10134e-13 4.85631e-22 0.106369
0.5825 3.84811e-42 9.86636e-30 1.03875e-16 1.0885e-09 0.00117213 0.0968549 3.35138e-13 8.9147e-22 0.0980271
0.585 1.61987e-42 4.78039e-30 6.07081e-17 7.32212e-10 0.000951074 0.0890528 5.3242e-13 1.63009e-21 0.0900039
0.5875 6.79232e-43 2.30713e-30 3.53416e-17 4.90625e-10 0.0007687 0.08156 8.42536e-13 2.96905e-21 0.0823287
0.59 2.837e-43 1.10914e-30 2.04942e-17 3.27466e-10 0.000618875 0.0744064 1.32809e-12 5.38676e-21 0.0750253
0.5925 1.18033e-43 5.31133e-31 1.1838e-17 2.17713e-10 0.00049631 0.0676156 2.0853e-12 9.73514e-21 0.0681119
0.595 4.8916e-44 2.53351e-31 6.81126e-18 1.44181e-10 0.000396466 0.0612051 3.26147e-12 1.75251e-20 0.0616015
0.5975 2.0193e-44 1.20378e-31 3.90375e-18 9.5112e-11 0.000315474 0.0551863 5.08114e-12 3.14254e-20 0.0555017
0.6 8.30341e-45 5.69737e-32 2.22864e-18 6.24979e-11 0.000250048 0.0495654 7.88521e-12 5.61314e-20 0.0498154
0.6025 3.40106e-45 2.686e-32 1.26736e-18 4.09071e-11 0.000197418 0.0443434 1.2189e-11 9.98697e-20 0.0445408
0.605 1.38764e-45 1.26136e-32 7.17902e-19 2.66708e-11 0.000155258 0.039517 1.87684e-11 1.76997e-19 0.0396722
0.6075 5.63952e-46 5.90035e-33 4.05073e-19 1.73212e-11 0.000121626 0.0350785 2.87866e-11 3.12465e-19 0.0352002
0.61 2.28303e-46 2.74928e-33 2.2767e-19 1.12053e-11 9.49076e-05 0.0310172 4.39802e-11 5.49465e-19 0.0311121
0.6125 9.20626e-47 1.27604e-33 1.27462e-19 7.22054e-12 7.37699e-05 0.0273192 6.69309e-11 9.62459e-19 0.027393
0.615 3.69793e-47 5.89947e-34 7.10819e-20 4.63469e-12 5.71164e-05 0.0239682 1.01461e-10 1.6793e-18 0.0240254
0.6175 1.47958e-47 2.71685e-34 3.94858e-20 2.9633e-12 4.405e-05 0.0209463 1.53206e-10 2.91862e-18 0.0209904
0.62 5.89687e-48 1.24629e-34 2.18488e-20 1.88727e-12 3.38403e-05 0.0182341 2.3044e-10 5.05278e-18 0.0182679
0.6225 2.34104e-48 5.69482e-35 1.20425e-20 1.19728e-12 2.58957e-05 0.0158111 3.45256e-10 8.71339e-18 0.015837
0.625 9.2576e-49 2.59205e-35 6.61165e-21 7.56593e-13 1.97389e-05 0.0136567 5.15263e-10 1.49674e-17 0.0136764
0.6275 3.64663e-49 1.17519e-35 3.61581e-21 4.76246e-13 1.49873e-05 0.0117498 7.65984e-10 2.56101e-17 0.0117648
0.63 1.43083e-49 5.30736e-36 1.96973e-21 2.9861e-13 1.13351e-05 0.0100698 1.13426e-09 4.36494e-17 0.0100812
0.6325 5.59229e-50 2.38755e-36 1.06883e-21 1.86501e-13 8.53949e-06 0.00859636 1.67306e-09 7.41053e-17 0.0086049
0.635 2.17718e-50 1.06987e-36 5.77719e-22 1.16027e-13 6.40828e-06 0.0073099 2.45818e-09 1.25321e-16 0.00731631
0.6375 8.44309e-51 4.7754e-37 3.11048e-22 7.19024e-14 4.79022e-06 0.00619173 3.59765e-09 2.11106e-16 0.00619652
0.64 3.26147e-51 2.12321e-37 1.66817e-22 4.43844e-14 3.56675e-06 0.00522415 5.24478e-09 3.54228e-16 0.00522772
0.6425 1.25495e-51 9.40331e-38 8.91167e-23 2.72911e-14 2.64541e-06 0.00439059 7.61623e-09 5.92062e-16 0.00439325
0.645 4.81001e-52 4.14832e-38 4.74221e-23 1.67153e-14 1.95442e-06 0.00367565 1.10168e-08 9.85725e-16 0.00367761
0.6475 1.8364e-52 1.82292e-38 2.51365e-23 1.01979e-14 1.43828e-06 0.00306513 1.58736e-08 1.63474e-15 0.00306658
0.65 6.98383e-53 7.9793e-39 1.32719e-23 6.19745e-15 1.05433e-06 0.00254605 2.27823e-08 2.70049e-15 0.00254713
0.6525 2.64559e-53 3.4791e-39 6.98016e-24 3.75161e-15 7.69858e-07 0.00210663 3.25705e-08 4.44367e-15 0.00210743
0.655 9.98286e-54 1.51102e-39 3.6568e-24 2.26217e-15 5.5995e-07 0.00173625 4.63825e-08 7.28357e-15 0.00173686
0.6575 3.75224e-54 6.53703e-40 1.90827e-24 1.35874e-15 4.05687e-07 0.00142542 6.57942e-08 1.18919e-14 0.00142589
0.66 1.40485e-54 2.81704e-40 9.91933e-25 8.12929e-16 2.92776e-07 0.00116567 9.2966e-08 1.93402e-14 0.00116605
0.6625 5.23931e-55 1.20923e-40 5.13604e-25 4.84475e-16 2.10467e-07 0.000949532 1.30847e-07 3.13309e-14 0.000949874
0.665 1.94635e-55 5.17044e-41 2.64898e-25 2.87603e-16 1.50708e-07 0.000770458 1.83446e-07 5.0558e-14 0.000770792
0.6675 7.20229e-56 2.20217e-41 1.36092e-25 1.70067e-16 1.07496e-07 0.000622718 2.56187e-07 8.12663e-14 0.000623082
0.67 2.65476e-56 9.3428e-42 6.96446e-26 1.00172e-16 7.63753e-08 0.000501347 3.56375e-07 1.30117e-13 0.000501779
0.6725 9.74724e-57 3.94827e-42 3.55016e-26 5.87735e-17 5.40525e-08 0.000402057 4.93813e-07 2.07521e-13 0.000402605
0.675 3.56486e-57 1.66204e-42 1.80265e-26 3.43493e-17 3.8105e-08 0.000321175 6.81585e-07 3.2968e-13 0.000321894
0.6775 1.29869e-57 6.96911e-43 9.11756e-27 1.99967e-17 2.67579e-08 0.000255563 9.37092e-07 5.21707e-13 0.000256527
0.68 4.71276e-58 2.91084e-43 4.59356e-27 1.15958e-17 1.87166e-08 0.000202562 1.28336e-06 8.22365e-13 0.000203864
0.6825 1.70352e-58 1.21105e-43 2.30528e-27 6.69804e-18 1.30408e-08 0.000159927 1.75072e-06 1.29124e-12 0.000161691
0.685 6.13368e-59 5.01891e-44 1.1524e-27 3.85388e-18 9.05074e-09 0.000125774 2.37897e-06 2.01953e-12 0.000128162
0.6875 2.19988e-59 2.07186e-44 5.7383e-28 2.20878e-18 6.25703e-09 9.85284e-05 3.22006e-06 3.1463e-12 0.000101755
0.69 7.85926e-60 8.51953e-45 2.84622e-28 1.26099e-18 4.3088e-09 7.6884e-05 4.34154e-06 4.88261e-12 8.12298e-05
0.6925 2.79684e-60 3.48959e-45 1.40623e-28 7.17086e-19 2.95561e-09 5.97605e-05 5.83078e-06 7.54757e-12 6.55942e-05
0.695 9.91417e-61 1.42376e-45 6.92067e-29 4.06196e-19 2.01949e-09 4.62696e-05 7.80033e-06 1.16216e-11 5.4072e-05
0.6975 3.50065e-61 5.7863e-46 3.39269e-29 2.29194e-19 1.37449e-09 3.56846e-05 1.03945e-05 1.7825e-11 4.60805e-05
0.7 1.23125e-61 2.34245e-46 1.6567e-29 1.28818e-19 9.31843e-10 2.74138e-05 1.37974e-05 2.7233e-11 4.12122e-05
0.7025 4.31365e-62 9.44587e-47 8.05834e-30 7.21192e-20 6.29286e-10 2.09779e-05 1.82429e-05 4.14443e-11 3.92215e-05
0.705 1.50539e-62 3.79418e-47 3.90438e-30 4.02189e-20 4.23309e-10 1.59903e-05 2.40267e-05 6.28258e-11 4.00175e-05
0.7075 5.23305e-63 1.51809e-47 1.88435e-30 2.23415e-20 2.83642e-10 1.21411e-05 3.15209e-05 9.4867e-11 4.36624e-05
0.71 1.81203e-63 6.05035e-48 9.05888e-31 1.23623e-20 1.89315e-10 9.18248e-06 4.11914e-05 1.42691e-10 5.03742e-05
0.7125 6.24999e-64 2.40197e-48 4.33802e-31 6.81377e-21 1.25865e-10 6.91778e-06 5.36189e-05 2.13786e-10 6.0537e-05
0.715 2.14732e-64 9.49855e-49 2.06924e-31 3.74094e-21 8.33544e-11 5.19131e-06 6.95236e-05 3.19056e-10 7.47153e-05
0.7175 7.34882e-65 3.74154e-49 9.83186e-32 2.04586e-21 5.49864e-11 3.88052e-06 8.97947e-05 4.74305e-10 9.36757e-05
0.72 2.5052e-65 1.46807e-49 4.65332e-32 1.11449e-21 3.61315e-11 2.8894e-06 0.000115524 7.02348e-10 0.000118414
0.7225 8.50688e-66 5.73784e-50 2.19378e-32 6.04756e-22 2.36494e-11 2.14303e-06 0.000148046 1.03598e-09 0.00015019
0.725 2.87741e-66 2.23384e-50 1.03022e-32 3.26879e-22 1.5419e-11 1.58326e-06 0.000188985 1.52213e-09 0.00019057
0.7275 9.69476e-67 8.66285e-51 4.8191e-33 1.75994e-22 1.00138e-11 1.16514e-06 0.000240303 2.2277e-09 0.00024147
0.73 3.25369e-67 3.34635e-51 2.24547e-33 9.43871e-23 6.47802e-12 8.54104e-07 0.000304365 3.24762e-09 0.000305223
0.7325 1.08772e-67 1.28762e-51 1.0422e-33 5.04232e-23 4.17436e-12 6.23657e-07 0.000384003 4.71605e-09 0.000384632
0.735 3.62213e-68 4.9352e-52 4.81838e-34 2.68319e-23 2.67942e-12 4.53611e-07 0.000482589 6.82172e-09 0.00048305
0.7375 1.20147e-68 1.8842e-52 2.21898e-34 1.42225e-23 1.71315e-12 3.28644e-07 0.000604122 9.82908e-09 0.00060446
0.74 3.96977e-69 7.1656e-53 1.01791e-34 7.50939e-24 1.09108e-12 2.37176e-07 0.000753312 1.4107e-08 0.000753563
0.7425 1.30654e-69 2.71445e-53 4.65124e-35 3.94945e-24 6.92177e-13 1.70498e-07 0.000935682 2.0168e-08 0.000935873
0.745 4.28333e-70 1.02427e-53 2.11705e-35 2.06905e-24 4.37404e-13 1.22088e-07 0.00115767 2.87205e-08 0.00115782
0.7475 1.39877e-70 3.84991e-54 9.59837e-36 1.07972e-24 2.75329e-13 8.7082e-08 0.00142674 4.07404e-08 0.00142687
0.75 4.55001e-71 1.44142e-54 4.33478e-36 5.61246e-25 1.72633e-13 6.18711e-08 0.0017515 5.75655e-08 0.00175162
0.7525 1.47429e-71 5.37567e-55 1.95003e-36 2.90602e-25 1.0782e-13 4.37876e-08 0.0021418 8.1022e-08 0.00214192
0.755 4.75835e-72 1.99701e-55 8.73811e-37 1.49882e-25 6.70781e-14 3.08686e-08 0.00260885 1.13592e-07 0.002609
0.7575 1.5298e-72 7.38975e-56 3.9003e-37 7.7002e-26 4.15685e-14 2.16764e-08 0.00316537 1.58633e-07 0.00316555
0.76 4.89909e-73 2.72385e-56 1.73413e-37 3.94057e-26 2.56596e-14 1.51622e-08 0.00382563 2.20671e-07 0.00382587
0.7625 1.56279e-73 1.00009e-56 7.68015e-38 2.00872e-26 1.57776e-14 1.05642e-08 0.00460559 3.05774e-07 0.0046059
0.765 4.96579e-74 3.65765e-57 3.38813e-38 1.01996e-26 9.66351e-15 7.33194e-09 0.00552294 4.22045e-07 0.00552337
0.7675 1.57174e-74 1.3325e-57 1.48886e-38 5.15881e-27 5.89566e-15 5.06878e-09 0.0065972 5.80257e-07 0.00659779
0.77 4.95536e-75 4.83542e-58 6.51708e-39 2.59908e-27 3.58289e-15 3.49053e-09 0.00784969 7.94667e-07 0.00785048
0.7725 1.55623e-75 1.74785e-58 2.84155e-39 1.30435e-27 2.16889e-15 2.39432e-09 0.00930354 1.08406e-06 0.00930463
0.775 4.86829e-76 6.29333e-59 1.23413e-39 6.52037e-28 1.30781e-15 1.63598e-09 0.0109837 1.47308e-06 0.0109852
0.7775 1.51699e-76 2.25714e-59 5.33911e-40 3.24679e-28 7.85521e-16 1.11346e-09 0.0129167 1.9939e-06 0.0129187
0.78 4.70859e-77 8.06382e-60 2.30081e-40 1.61042e-28 4.69973e-16 7.5488e-10 0.0151307 2.68833e-06 0.0151334
0.7825 1.45581e-77 2.86963e-60 9.87636e-41 7.9566e-29 2.80086e-16 5.0978e-10 0.017655 3.61048e-06 0.0176586
0.785 4.48354e-78 1.01722e-60 4.22295e-41 3.91579e-29 1.6627e-16 3.42919e-10 0.0205202 4.83005e-06 0.0205251
0.7875 1.37544e-78 3.59177e-61 1.79862e-41 1.91962e-29 9.83194e-17 2.29776e-10 0.0237574 6.43637e-06 0.0237639
0.79 4.20305e-79 1.26329e-61 7.63072e-42 9.37376e-30 5.7912e-17 1.53363e-10 0.0273981 8.54348e-06 0.0274066
0.7925 1.27936e-79 4.42593e-62 3.22474e-42 4.55949e-30 3.39783e-17 1.01962e-10 0.0314735 1.12962e-05 0.0314848
0.795 3.87902e-80 1.54457e-62 1.35747e-42 2.20914e-30 1.98581e-17 6.75249e-11 0.0360141 1.48776e-05 0.036029
0.7975 1.17154e-80 5.36926e-63 5.69201e-43 1.06618e-30 1.15605e-17 4.45441e-11 0.0410492 1.95181e-05 0.0410687
0.8 3.52447e-81 1.85919e-63 2.37742e-43 5.12561e-31 6.7038e-18 2.92699e-11 0.0466057 2.55061e-05 0.0466312
0.8025 1.05617e-81 6.41266e-64 9.89124e-44 2.4545e-31 3.87229e-18 1.91582e-11 0.0527082 3.32013e-05 0.0527414
0.805 3.15268e-82 2.20321e-64 4.09919e-44 1.1708e-31 2.22802e-18 1.24908e-11 0.0593772 4.30497e-05 0.0594203
0.8075 9.37407e-83 7.54009e-65 1.69219e-44 5.56297e-32 1.27695e-18 8.11209e-12 0.0666294 5.56018e-05 0.066685
0.81 2.77639e-83 2.5704e-65 6.95831e-45 2.6329e-32 7.29005e-19 5.2478e-12 0.0744757 7.15337e-05 0.0745473
0.8125 8.19097e-84 8.72829e-66 2.85011e-45 1.24127e-32 4.14564e-19 3.38162e-12 0.0829216 9.16718e-05 0.0830133
0.815 2.4071e-84 2.9523e-66 1.16285e-45 5.82907e-33 2.34831e-19 2.17058e-12 0.0919653 0.000117021 0.0920823
0.8175 7.04623e-85 9.94709e-67 4.72595e-46 2.7267e-33 1.32503e-19 1.38781e-12 0.101598 0.000148798 0.101746
0.82 2.05458e-85 3.33837e-67 1.91319e-46 1.27051e-33 7.44725e-20 8.83873e-13 0.111801 0.000188466 0.11199
0.8225 5.96749e-86 1.11603e-67 7.71491e-47 5.8969e-34 4.16938e-20 5.60728e-13 0.12255 0.000237779 0.122788
0.825 1.72649e-86 3.7164e-68 3.09889e-47 2.72629e-34 2.32515e-20 3.54338e-13 0.133809 0.000298824 0.134108
0.8275 4.97556e-87 1.23274e-68 1.2399e-47 1.25552e-34 1.29161e-20 2.23042e-13 0.145532 0.000374078 0.145906
0.83 1.42831e-87 4.0731e-69 4.94162e-48 5.75944e-35 7.14691e-21 1.39849e-13 0.157665 0.000466458 0.158132
0.8325 4.08419e-88 1.34054e-69 1.9618e-48 2.63172e-35 3.9392e-21 8.73445e-14 0.170144 0.000579384 0.170723
0.835 1.1633e-88 4.39482e-70 7.75793e-49 1.19785e-35 2.16272e-21 5.43395e-14 0.182895 0.000716842 0.183612
0.8375 3.30053e-89 1.43517e-70 3.0559e-49 5.43086e-36 1.18276e-21 3.36743e-14 0.195835 0.000883455 0.196718
0.84 9.32777e-90 4.66843e-71 1.19905e-49 2.45266e-36 6.44314e-22 2.07867e-14 0.208872 0.00108455 0.209957
0.8425 2.62588e-90 1.51266e-71 4.68638e-50 1.10335e-36 3.49624e-22 1.27813e-14 0.22191 0.00132622 0.223236
0.845 7.36337e-91 4.8822e-72 1.82449e-50 4.94411e-37 1.88977e-22 7.82834e-15 0.234842 0.00161543 0.236457
0.8475 2.05675e-91 1.56961e-72 7.07537e-51 2.20683e-37 1.01746e-22 4.77603e-15 0.247558 0.00196003 0.249518
0.85 5.72256e-92 5.0266e-73 2.73313e-51 9.81189e-38 5.45673e-23 2.90247e-15 0.259946 0.00236887 0.262315
0.8525 1.586e-92 1.60346e-73 1.05166e-51 4.34551e-38 2.91508e-23 1.757e-15 0.271889 0.00285183 0.274741
0.855 4.37842e-93 5.09503e-74 4.03082e-52 1.91704e-38 1.55121e-23 1.05945e-15 0.283273 0.00341986 0.286693
0.8575 1.20403e-93 1.61264e-74 1.53892e-52 8.42415e-39 8.22236e-24 6.36345e-16 0.293983 0.00408505 0.298068
0.86 3.29807e-94 5.08433e-75 5.85249e-53 3.68743e-39 4.34135e-24 3.80722e-16 0.303908 0.00486061 0.308768
0.8625 8.99882e-95 1.59673e-75 2.21702e-53 1.60778e-39 2.28327e-24 2.26896e-16 0.312943 0.00576085 0.318704
0.865 2.44577e-95 4.99499e-76 8.3657e-54 6.98282e-40 1.19617e-24 1.34694e-16 0.32099 0.00680121 0.327792
0.8675 6.62138e-96 1.55647e-76 3.14441e-54 3.02092e-40 6.24211e-25 7.96479e-17 0.327961 0.00799815 0.335959
0.87 1.7856e-96 4.83115e-77 1.17728e-54 1.30182e-40 3.24469e-25 4.69141e-17 0.333777 0.00936906 0.343146
0.8725 4.79651e-97 1.4937e-77 4.39057e-55 5.58815e-41 1.68004e-25 2.75256e-17 0.338372 0.0109322 0.349304
0.875 1.28342e-97 4.60023e-78 1.63105e-55 2.38939e-41 8.66501e-26 1.60869e-17 0.341692 0.0127063 0.354399
0.8775 3.42071e-98 1.41124e-78 6.03557e-56 1.01768e-41 4.45166e-26 9.36511e-18 0.3437 0.0147108 0.358411
0.88 9.0817e-99 4.31244e-79 2.2247e-56 4.31754e-42 2.27813e-26 5.4307e-18 0.344372 0.0169652 0.361338
0.8825 2.40172e-99 1.31265e-79 8.16825e-57 1.82459e-42 1.16129e-26 3.13692e-18 0.3437 0.0194887 0.363189
0.885 6.32673e-100 3.97998e-80 2.98738e-57 7.68068e-43 5.89661e-27 1.8049e-18 0.341692 0.0223003 0.363993
0.8875 1.66013e-100 1.20203e-80 1.08831e-57 3.2206e-43 2.98243e-27 1.03445e-18 0.338372 0.0254181 0.36379
0.89 4.33916e-101 3.6162e-81 3.94932e-58 1.34517e-43 1.50259e-27 5.90562e-19 0.333777 0.0288587 0.362636
0.8925 1.12973e-101 1.08366e-81 1.42756e-58 5.59656e-44 7.54076e-28 3.35835e-19 0.327961 0.0326374 0.360599
0.895 2.92986e-102 3.23473e-82 5.14007e-59 2.31936e-44 3.76958e-28 1.90235e-19 0.32099 0.036767 0.357757
0.8975 7.56872e-103 9.61805e-83 1.84352e-59 9.57459e-45 1.87704e-28 1.07339e-19 0.312943 0.0412576 0.3542
0.9 1.94761e-103 2.84865e-83 6.58612e-60 3.93709e-45 9.3102e-29 6.03297e-20 0.303908 0.0461161 0.350024
0.9025 4.99211e-104 8.40416e-84 2.34377e-60 1.61262e-45 4.59989e-29 3.37758e-20 0.293983 0.0513459 0.345328
0.905 1.27459e-104 2.46975e-84 8.30814e-61 6.57953e-46 2.26381e-29 1.88358e-20 0.283273 0.0569458 0.340219
0.9075 3.24161e-105 7.22962e-85 2.93357e-61 2.67399e-46 1.10978e-29 1.04633e-20 0.271889 0.0629103 0.3348
0.91 8.21209e-106 2.10805e-85 1.03179e-61 1.0825e-46 5.41919e-30 5.78966e-21 0.259946 0.0692285 0.329174
0.9125 2.07229e-106 6.12281e-86 3.61487e-62 4.36517e-47 2.63595e-30 3.19112e-21 0.247558 0.0758843 0.323442
0.915 5.20896e-107 1.77143e-86 1.26153e-62 1.75339e-47 1.27715e-30 1.75201e-21 0.234842 0.0828557 0.317697
0.9175 1.30423e-107 5.10506e-87 4.38533e-63 7.01547e-48 6.16386e-31 9.58147e-22 0.22191 0.0901149 0.312025
0.92 3.25284e-108 1.46548e-87 1.51849e-63 2.79602e-48 2.96323e-31 5.21954e-22 0.208872 0.0976279 0.3065
0.9225 8.08115e-109 4.19049e-88 5.23753e-64 1.11001e-48 1.419e-31 2.83228e-22 0.195835 0.105355 0.30119
0.925 1.99981e-109 1.19358e-88 1.79947e-64 4.38952e-49 6.76866e-32 1.53089e-22 0.182895 0.11325 0.296145
0.9275 4.92953e-110 3.38643e-89 6.15836e-65 1.72906e-49 3.21608e-32 8.2424e-23 0.170144 0.121263 0.291407
0.93 1.2104e-110 9.57055e-90 2.09937e-65 6.78434e-50 1.52214e-32 4.42046e-23 0.157665 0.129336 0.287001
0.9325 2.96042e-111 2.69423e-90 7.12882e-66 2.6516e-50 7.17604e-33 2.36149e-23 0.145532 0.137409 0.282941
0.935 7.21242e-112 7.55502e-91 2.41129e-66 1.03232e-50 3.36992e-33 1.25663e-23 0.133809 0.145416 0.279225
0.9375 1.7503e-112 2.11028e-91 8.12427e-67 4.00332e-51 1.57637e-33 6.66088e-24 0.12255 0.153291 0.275841
0.94 4.23106e-113 5.8715e-92 2.72661e-67 1.54643e-51 7.34512e-34 3.5169e-24 0.111801 0.160961 0.272763
0.9425 1.0188e-113 1.62728e-92 9.11518e-68 5.9504e-52 3.40913e-34 1.84966e-24 0.101598 0.168357 0.269954
0.945 2.44361e-114 4.49238e-93 3.03537e-68 2.28068e-52 1.57613e-34 9.69007e-25 0.0919653 0.175406 0.267371
0.9475 5.83818e-115 1.23537e-93 1.00684e-68 8.70736e-53 7.25847e-35 5.05669e-25 0.0829216 0.182037 0.264959
0.95 1.3894e-115 3.38391e-94 3.3267e-69 3.3114e-53 3.32966e-35 2.6285e-25 0.0744757 0.188183 0.262658
0.9525 3.29368e-116 9.23303e-95 1.09489e-69 1.25441e-53 1.52146e-35 1.36099e-25 0.0666294 0.193777 0.260407
0.955 7.77747e-117 2.50942e-95 3.58946e-70 4.7334e-54 6.92504e-36 7.01946e-26 0.0593772 0.198761 0.258138
0.9575 1.82936e-117 6.79371e-96 1.17218e-70 1.77914e-54 3.1397e-36 3.60626e-26 0.0527082 0.203077 0.255785
0.96 4.2861e-118 1.83208e-96 3.81294e-71 6.66115e-55 1.41794e-36 1.8455e-26 0.0466057 0.206678 0.253284
0.9625 1.0003e-118 4.92135e-97 1.23546e-71 2.48423e-55 6.3787e-37 9.40749e-27 0.0410492 0.209523 0.250572
0.965 2.32542e-119 1.31682e-97 3.98753e-72 9.22867e-56 2.85831e-37 4.77681e-27 0.0360141 0.211579 0.247594
0.9675 5.38488e-120 3.50974e-98 1.28198e-72 3.41499e-56 1.27582e-37 2.41604e-27 0.0314735 0.212823 0.244296
0.97 1.24209e-120 9.31807e-99 4.10547e-73 1.25876e-56 5.67248e-38 1.21724e-27 0.0273981 0.213239 0.240637
0.9725 2.85388e-121 2.46423e-99 1.30963e-73 4.62168e-57 2.51224e-38 6.10872e-28 0.0237574 0.212823 0.23658
0.975 6.53163e-122 6.4914e-100 4.16136e-74 1.69029e-57 1.10829e-38 3.05371e-28 0.0205202 0.211579 0.2321
0.9775 1.48905e-122 1.70333e-100 1.31713e-74 6.1578e-58 4.87019e-39 1.52058e-28 0.017655 0.209523 0.227178
0.98 3.38145e-123 4.4521e-101 4.15262e-75 2.23457e-58 2.13179e-39 7.54213e-29 0.0151307 0.206678 0.221809
0.9825 7.64889e-124 1.15913e-101 1.30413e-75 8.07727e-59 9.29493e-40 3.72634e-29 0.0129167 0.203077 0.215994
0.985 1.72345e-124 3.00612e-102 4.07966e-76 2.9083e-59 4.03693e-40 1.8339e-29 0.0109837 0.198761 0.209744
0.9875 3.86813e-125 7.76571e-103 1.27125e-76 1.04308e-59 1.74647e-40 8.99021e-30 0.00930354 0.193777 0.203081
0.99 8.64784e-126 1.9983e-103 3.94583e-77 3.72649e-60 7.52614e-41 4.39005e-30 0.00784969 0.188183 0.196032
0.9925 1.92583e-126 5.12204e-104 1.21998e-77 1.32613e-60 3.23064e-41 2.13536e-30 0.0065972 0.182037 0.188634
0.995 4.272e-127 1.30776e-104 3.75723e-78 4.70083e-61 1.38136e-41 1.03461e-30 0.00552294 0.175406 0.180928
0.9975 9.43948e-128 3.32598e-105 1.15263e-78 1.65985e-61 5.88343e-42 4.9933e-31 0.00460559 0.168357 0.172962
1 2.07763e-128 8.42583e-106 3.52218e-79 5.838e-62 2.49607e-42 2.40049e-31 0.00382563 0.160961 0.164787
