x u du
0 0 0.5
0.00025 0.000125 0.5
0.0005 0.00025 0.5
0.00075 0.000375 0.5
0.001 0.0005 0.5
0.00125 0.000625 0.5
0.0015 0.00075 0.5
0.00175 0.000875 0.5
0.002 0.001 0.5
0.00225 0.001125 0.5
0.0025 0.00125 0.5
0.00275 0.001375 0.5
0.003 0.0015 0.5
0.00325 0.001625 0.5
0.0035 0.00175 0.5
0.00375 0.001875 0.5
0.004 0.002 0.5
0.00425 0.002125 0.5
0.0045 0.00225 0.5
0.00475 0.002375 0.5
0.005 0.0025 0.5
0.00525 0.002625 0.5
0.0055 0.00275 0.5
0.00575 0.002875 0.5
0.006 0.003 0.5
0.00625 0.003125 0.5
0.0065 0.00325 0.5
0.00675 0.003375 0.5
0.007 0.0035 0.5
0.00725 0.003625 0.5
0.0075 0.00375 0.5
0.00775 0.003875 0.5
0.008 0.004 0.5
0.00825 0.004125 0.5
0.0085 0.00425 0.5
0.00875 0.004375 0.5
0.009 0.0045 0.5
0.00925 0.004625 0.5
0.0095 0.00475 0.5
0.00975 0.004875 0.5
0.01 0.005 0.5
0.01025 0.005125 0.5
0.0105 0.00525 0.5
0.01075 0.005375 0.5
0.011 0.0055 0.5
0.01125 0.005625 0.5
0.0115 0.00575 0.5
0.01175 0.005875 0.5
0.012 0.006 0.5
0.01225 0.006125 0.5
0.0125 0.00625 0.5
0.01275 0.006375 0.5
0.013 0.0065 0.5
0.01325 0.006625 0.5
0.0135 0.00675 0.5
0.01375 0.006875 0.5
0.014 0.007 0.5
0.01425 0.007125 0.5
0.0145 0.00725 0.5
0.01475 0.007375 0.5
0.015 0.0075 0.5
0.01525 0.007625 0.5
0.0155 0.00775 0.5
0.01575 0.007875 0.5
0.016 0.008 0.5
0.01625 0.008125 0.5
0.0165 0.00825 0.5
0.01675 0.008375 0.5
0.017 0.0085 0.5
0.01725 0.008625 0.5
0.0175 0.00875 0.5
0.01775 0.008875 0.5
0.018 0.009 0.5
0.01825 0.009125 0.5
0.0185 0.00925 0.5
0.01875 0.009375 0.5
0.019 0.0095 0.5
0.01925 0.009625 0.5
0.0195 0.00975 0.5
0.01975 0.009875 0.5
0.02 0.01 0.5
0.02025 0.010125 0.5
0.0205 0.01025 0.5
0.02075 0.010375 0.5
0.021 0.0105 0.5
0.02125 0.010625 0.5
0.0215 0.01075 0.5
0.02175 0.010875 0.5
0.022 0.011 0.5
0.02225 0.011125 0.5
0.0225 0.01125 0.5
0.02275 0.011375 0.5
0.023 0.0115 0.5
0.02325 0.011625 0.5
0.0235 0.01175 0.5
0.02375 0.011875 0.5
0.024 0.012 0.5
0.02425 0.012125 0.5
0.0245 0.01225 0.5
0.02475 0.012375 0.5
0.025 0.0125 0.5
0.02525 0.012625 0.5
0.0255 0.01275 0.5
0.02575 0.012875 0.5
0.026 0.013 0.5
0.02625 0.013125 0.5
0.0265 0.01325 0.5
0.02675 0.013375 0.5
0.027 0.0135 0.5
0.02725 0.013625 0.5
0.0275 0.01375 0.5
0.02775 0.013875 0.5
0.028 0.014 0.5
0.02825 0.014125 0.5
0.0285 0.01425 0.5
0.02875 0.014375 0.5
0.029 0.0145 0.5
0.02925 0.014625 0.5
0.0295 0.01475 0.5
0.02975 0.014875 0.5
0.03 0.015 0.5
0.03025 0.015125 0.5
0.0305 0.01525 0.5
0.03075 0.015375 0.5
0.031 0.0155 0.5
0.03125 0.015625 0.5
0.0315 0.01575 0.5
0.03175 0.015875 0.5
0.032 0.016 0.5
0.03225 0.016125 0.5
0.0325 0.01625 0.5
0.03275 0.016375 0.5
0.033 0.0165 0.5
0.03325 0.016625 0.5
0.0335 0.01675 0.5
0.03375 0.016875 0.5
0.034 0.017 0.5
0.03425 0.017125 0.5
0.0345 0.01725 0.5
0.03475 0.017375 0.5
0.035 0.0175 0.5
0.03525 0.017625 0.5
0.0355 0.01775 0.5
0.03575 0.017875 0.5
0.036 0.018 0.5
0.03625 0.018125 0.5
0.0365 0.01825 0.5
0.03675 0.018375 0.5
0.037 0.0185 0.5
0.03725 0.018625 0.5
0.0375 0.01875 0.5
0.03775 0.018875 0.5
0.038 0.019 0.5
0.03825 0.019125 0.5
0.0385 0.01925 0.5
0.03875 0.019375 0.5
0.039 0.0195 0.5
0.03925 0.019625 0.5
0.0395 0.01975 0.5
0.03975 0.019875 0.5
0.04 0.02 0.5
0.04025 0.020125 0.5
0.0405 0.02025 0.5
0.04075 0.020375 0.5
0.041 0.0205 0.5
0.04125 0.020625 0.5
0.0415 0.02075 0.5
0.04175 0.020875 0.5
0.042 0.021 0.5
0.04225 0.021125 0.5
0.0425 0.02125 0.5
0.04275 0.021375 0.5
0.043 0.0215 0.5
0.04325 0.021625 0.5
0.0435 0.02175 0.5
0.04375 0.021875 0.5
0.044 0.022 0.5
0.04425 0.022125 0.5
0.0445 0.02225 0.5
0.04475 0.022375 0.5
0.045 0.0225 0.5
0.04525 0.022625 0.5
0.0455 0.02275 0.5
0.04575 0.022875 0.5
0.046 0.023 0.5
0.04625 0.023125 0.5
0.0465 0.02325 0.5
0.04675 0.023375 0.5
0.047 0.0235 0.5
0.04725 0.023625 0.5
0.0475 0.02375 0.5
0.04775 0.023875 0.5
0.048 0.024 0.5
0.04825 0.024125 0.5
0.0485 0.02425 0.5
0.04875 0.024375 0.5
0.049 0.0245 0.5
0.04925 0.024625 0.5
0.0495 0.02475 0.5
0.04975 0.024875 0.5
0.05 0.025 0.5
0.05025 0.025125 0.5
0.0505 0.02525 0.5
0.05075 0.025375 0.5
0.051 0.0255 0.5
0.05125 0.025625 0.5
0.0515 0.02575 0.5
0.05175 0.025875 0.5
0.052 0.026 0.5
0.05225 0.026125 0.5
0.0525 0.02625 0.5
0.05275 0.026375 0.5
0.053 0.0265 0.5
0.05325 0.026625 0.5
0.0535 0.02675 0.5
0.05375 0.026875 0.5
0.054 0.027 0.5
0.05425 0.027125 0.5
0.0545 0.02725 0.5
0.05475 0.027375 0.5
0.055 0.0275 0.5
0.05525 0.027625 0.5
0.0555 0.02775 0.5
0.05575 0.027875 0.5
0.056 0.028 0.5
0.05625 0.028125 0.5
0.0565 0.02825 0.5
0.05675 0.028375 0.5
0.057 0.0285 0.5
0.05725 0.028625 0.5
0.0575 0.02875 0.5
0.05775 0.028875 0.5
0.058 0.029 0.5
0.05825 0.029125 0.5
0.0585 0.02925 0.5
0.05875 0.029375 0.5
0.059 0.0295 0.5
0.05925 0.029625 0.5
0.0595 0.02975 0.5
0.05975 0.029875 0.5
0.06 0.03 0.5
0.06025 0.030125 0.5
0.0605 0.03025 0.5
0.06075 0.030375 0.5
0.061 0.0305 0.5
0.06125 0.030625 0.5
0.0615 0.03075 0.5
0.06175 0.030875 0.5
0.062 0.031 0.5
0.06225 0.031125 0.5
0.0625 0.03125 0.5
0.06275 0.031375 0.5
0.063 0.0315 0.5
0.06325 0.031625 0.5
0.0635 0.03175 0.5
0.06375 0.031875 0.5
0.064 0.032 0.5
0.06425 0.032125 0.5
0.0645 0.03225 0.5
0.06475 0.032375 0.5
0.065 0.0325 0.5
0.06525 0.032625 0.5
0.0655 0.03275 0.5
0.06575 0.032875 0.5
0.066 0.033 0.5
0.06625 0.033125 0.5
0.0665 0.03325 0.5
0.06675 0.033375 0.5
0.067 0.0335 0.5
0.06725 0.033625 0.5
0.0675 0.03375 0.5
0.06775 0.033875 0.5
0.068 0.034 0.5
0.06825 0.034125 0.5
0.0685 0.03425 0.5
0.06875 0.034375 0.5
0.069 0.0345 0.5
0.06925 0.034625 0.5
0.0695 0.03475 0.5
0.06975 0.034875 0.5
0.07 0.035 0.5
0.07025 0.035125 0.5
0.0705 0.03525 0.5
0.07075 0.035375 0.5
0.071 0.0355 0.5
0.07125 0.035625 0.5
0.0715 0.03575 0.5
0.07175 0.035875 0.5
0.072 0.036 0.5
0.07225 0.036125 0.5
0.0725 0.03625 0.5
0.07275 0.036375 0.5
0.073 0.0365 0.5
0.07325 0.036625 0.5
0.0735 0.03675 0.5
0.07375 0.036875 0.5
0.074 0.037 0.5
0.07425 0.037125 0.5
0.0745 0.03725 0.5
0.07475 0.037375 0.5
0.075 0.0375 0.5
0.07525 0.037625 0.5
0.0755 0.03775 0.5
0.07575 0.037875 0.5
0.076 0.038 0.5
0.07625 0.038125 0.5
0.0765 0.03825 0.5
0.07675 0.038375 0.5
0.077 0.0385 0.5
0.07725 0.038625 0.5
0.0775 0.03875 0.5
0.07775 0.038875 0.5
0.078 0.039 0.5
0.07825 0.039125 0.5
0.0785 0.03925 0.5
0.07875 0.039375 0.5
0.079 0.0395 0.5
0.07925 0.039625 0.5
0.0795 0.03975 0.5
0.07975 0.039875 0.5
0.08 0.04 0.5
0.08025 0.040125 0.5
0.0805 0.04025 0.5
0.08075 0.040375 0.5
0.081 0.0405 0.5
0.08125 0.040625 0.5
0.0815 0.04075 0.5
0.08175 0.040875 0.5
0.082 0.041 0.5
0.08225 0.041125 0.5
0.0825 0.04125 0.5
0.08275 0.041375 0.5
0.083 0.0415 0.5
0.08325 0.041625 0.5
0.0835 0.04175 0.5
0.08375 0.041875 0.5
0.084 0.042 0.5
0.08425 0.042125 0.5
0.0845 0.04225 0.5
0.08475 0.042375 0.5
0.085 0.0425 0.5
0.08525 0.042625 0.5
0.0855 0.04275 0.5
0.08575 0.042875 0.5
0.086 0.043 0.5
0.08625 0.043125 0.5
0.0865 0.04325 0.5
0.08675 0.043375 0.5
0.087 0.0435 0.5
0.08725 0.043625 0.5
0.0875 0.04375 0.5
0.08775 0.043875 0.5
0.088 0.044 0.5
0.08825 0.044125 0.5
0.0885 0.04425 0.5
0.08875 0.044375 0.5
0.089 0.0445 0.5
0.08925 0.044625 0.5
0.0895 0.04475 0.5
0.08975 0.044875 0.5
0.09 0.045 0.5
0.09025 0.045125 0.5
0.0905 0.04525 0.5
0.09075 0.045375 0.5
0.091 0.0455 0.5
0.09125 0.045625 0.5
0.0915 0.04575 0.5
0.09175 0.045875 0.5
0.092 0.046 0.5
0.09225 0.046125 0.5
0.0925 0.04625 0.5
0.09275 0.046375 0.5
0.093 0.0465 0.5
0.09325 0.046625 0.5
0.0935 0.04675 0.5
0.09375 0.046875 0.5
0.094 0.047 0.5
0.09425 0.047125 0.5
0.0945 0.04725 0.5
0.09475 0.047375 0.5
0.095 0.0475 0.5
0.09525 0.047625 0.5
0.0955 0.04775 0.5
0.09575 0.047875 0.5
0.096 0.048 0.5
0.09625 0.048125 0.5
0.0965 0.04825 0.5
0.09675 0.048375 0.5
0.097 0.0485 0.5
0.09725 0.048625 0.5
0.0975 0.04875 0.5
0.09775 0.048875 0.5
0.098 0.049 0.5
0.09825 0.049125 0.5
0.0985 0.04925 0.5
0.09875 0.049375 0.5
0.099 0.0495 0.5
0.09925 0.049625 0.5
0.0995 0.04975 0.5
0.09975 0.049875 0.5
0.1 0.05 0.5
0.10025 0.050125 0.5
0.1005 0.05025 0.5
0.10075 0.050375 0.5
0.101 0.0505 0.5
0.10125 0.050625 0.5
0.1015 0.05075 0.5
0.10175 0.050875 0.5
0.102 0.051 0.5
0.10225 0.051125 0.5
0.1025 0.05125 0.5
0.10275 0.051375 0.5
0.103 0.0515 0.5
0.10325 0.051625 0.5
0.1035 0.05175 0.5
0.10375 0.051875 0.5
0.104 0.052 0.5
0.10425 0.052125 0.5
0.1045 0.05225 0.5
0.10475 0.052375 0.5
0.105 0.0525 0.5
0.10525 0.052625 0.5
0.1055 0.05275 0.5
0.10575 0.052875 0.5
0.106 0.053 0.5
0.10625 0.053125 0.5
0.1065 0.05325 0.5
0.10675 0.053375 0.5
0.107 0.0535 0.5
0.10725 0.053625 0.5
0.1075 0.05375 0.5
0.10775 0.053875 0.5
0.108 0.054 0.5
0.10825 0.054125 0.5
0.1085 0.05425 0.5
0.10875 0.054375 0.5
0.109 0.0545 0.5
0.10925 0.054625 0.5
0.1095 0.05475 0.5
0.10975 0.054875 0.5
0.11 0.055 0.5
0.11025 0.055125 0.5
0.1105 0.05525 0.5
0.11075 0.055375 0.5
0.111 0.0555 0.5
0.11125 0.055625 0.5
0.1115 0.05575 0.5
0.11175 0.055875 0.5
0.112 0.056 0.5
0.11225 0.056125 0.5
0.1125 0.05625 0.5
0.11275 0.056375 0.5
0.113 0.0565 0.5
0.11325 0.056625 0.5
0.1135 0.05675 0.5
0.11375 0.056875 0.5
0.114 0.057 0.5
0.11425 0.057125 0.5
0.1145 0.05725 0.5
0.11475 0.057375 0.5
0.115 0.0575 0.5
0.11525 0.057625 0.5
0.1155 0.05775 0.5
0.11575 0.057875 0.5
0.116 0.058 0.5
0.11625 0.058125 0.5
0.1165 0.05825 0.5
0.11675 0.058375 0.5
0.117 0.0585 0.5
0.11725 0.058625 0.5
0.1175 0.05875 0.5
0.11775 0.058875 0.5
0.118 0.059 0.5
0.11825 0.059125 0.5
0.1185 0.05925 0.5
0.11875 0.059375 0.5
0.119 0.0595 0.5
0.11925 0.059625 0.5
0.1195 0.05975 0.5
0.11975 0.059875 0.5
0.12 0.06 0.5
0.12025 0.060125 0.5
0.1205 0.06025 0.5
0.12075 0.060375 0.5
0.121 0.0605 0.5
0.12125 0.060625 0.5
0.1215 0.06075 0.5
0.12175 0.060875 0.5
0.122 0.061 0.5
0.12225 0.061125 0.5
0.1225 0.06125 0.5
0.12275 0.061375 0.5
0.123 0.0615 0.5
0.12325 0.061625 0.5
0.1235 0.06175 0.5
0.12375 0.061875 0.5
0.124 0.062 0.5
0.12425 0.062125 0.5
0.1245 0.06225 0.5
0.12475 0.062375 0.5
0.125 0.0625 0.5
0.12525 0.062625 0.5
0.1255 0.06275 0.5
0.12575 0.062875 0.5
0.126 0.063 0.5
0.12625 0.063125 0.5
0.1265 0.06325 0.5
0.12675 0.063375 0.5
0.127 0.0635 0.5
0.12725 0.063625 0.5
0.1275 0.06375 0.5
0.12775 0.063875 0.5
0.128 0.064 0.5
0.12825 0.064125 0.5
0.1285 0.06425 0.5
0.12875 0.064375 0.5
0.129 0.0645 0.5
0.12925 0.064625 0.5
0.1295 0.06475 0.5
0.12975 0.064875 0.5
0.13 0.065 0.5
0.13025 0.065125 0.5
0.1305 0.06525 0.5
0.13075 0.065375 0.5
0.131 0.0655 0.5
0.13125 0.065625 0.5
0.1315 0.06575 0.5
0.13175 0.065875 0.5
0.132 0.066 0.5
0.13225 0.066125 0.5
0.1325 0.06625 0.5
0.13275 0.066375 0.5
0.133 0.0665 0.5
0.13325 0.066625 0.5
0.1335 0.06675 0.5
0.13375 0.066875 0.5
0.134 0.067 0.5
0.13425 0.067125 0.5
0.1345 0.06725 0.5
0.13475 0.067375 0.5
0.135 0.0675 0.5
0.13525 0.067625 0.5
0.1355 0.06775 0.5
0.13575 0.067875 0.5
0.136 0.068 0.5
0.13625 0.068125 0.5
0.1365 0.06825 0.5
0.13675 0.068375 0.5
0.137 0.0685 0.5
0.13725 0.068625 0.5
0.1375 0.06875 0.5
0.13775 0.068875 0.5
0.138 0.069 0.5
0.13825 0.069125 0.5
0.1385 0.06925 0.5
0.13875 0.069375 0.5
0.139 0.0695 0.5
0.13925 0.069625 0.5
0.1395 0.06975 0.5
0.13975 0.069875 0.5
0.14 0.07 0.5
0.14025 0.070125 0.5
0.1405 0.07025 0.5
0.14075 0.070375 0.5
0.141 0.0705 0.5
0.14125 0.070625 0.5
0.1415 0.07075 0.5
0.14175 0.070875 0.5
0.142 0.071 0.5
0.14225 0.071125 0.5
0.1425 0.07125 0.5
0.14275 0.071375 0.5
0.143 0.0715 0.5
0.14325 0.071625 0.5
0.1435 0.07175 0.5
0.14375 0.071875 0.5
0.144 0.072 0.5
0.14425 0.072125 0.5
0.1445 0.07225 0.5
0.14475 0.072375 0.5
0.145 0.0725 0.5
0.14525 0.072625 0.5
0.1455 0.07275 0.5
0.14575 0.072875 0.5
0.146 0.073 0.5
0.14625 0.073125 0.5
0.1465 0.07325 0.5
0.14675 0.073375 0.5
0.147 0.0735 0.5
0.14725 0.073625 0.5
0.1475 0.07375 0.5
0.14775 0.073875 0.5
0.148 0.074 0.5
0.14825 0.074125 0.5
0.1485 0.07425 0.5
0.14875 0.074375 0.5
0.149 0.0745 0.5
0.14925 0.074625 0.5
0.1495 0.07475 0.5
0.14975 0.074875 0.5
0.15 0.075 0.5
0.15025 0.075125 0.5
0.1505 0.07525 0.5
0.15075 0.075375 0.5
0.151 0.0755 0.5
0.15125 0.075625 0.5
0.1515 0.07575 0.5
0.15175 0.075875 0.5
0.152 0.076 0.5
0.15225 0.076125 0.5
0.1525 0.07625 0.5
0.15275 0.076375 0.5
0.153 0.0765 0.5
0.15325 0.076625 0.5
0.1535 0.07675 0.5
0.15375 0.076875 0.5
0.154 0.077 0.5
0.15425 0.077125 0.5
0.1545 0.07725 0.5
0.15475 0.077375 0.5
0.155 0.0775 0.5
0.15525 0.077625 0.5
0.1555 0.07775 0.5
0.15575 0.077875 0.5
0.156 0.078 0.5
0.15625 0.078125 0.5
0.1565 0.07825 0.5
0.15675 0.078375 0.5
0.157 0.0785 0.5
0.15725 0.078625 0.5
0.1575 0.07875 0.5
0.15775 0.078875 0.5
0.158 0.079 0.5
0.15825 0.079125 0.5
0.1585 0.07925 0.5
0.15875 0.079375 0.5
0.159 0.0795 0.5
0.15925 0.079625 0.5
0.1595 0.07975 0.5
0.15975 0.079875 0.5
0.16 0.08 0.5
0.16025 0.080125 0.5
0.1605 0.08025 0.5
0.16075 0.080375 0.5
0.161 0.0805 0.5
0.16125 0.080625 0.5
0.1615 0.08075 0.5
0.16175 0.080875 0.5
0.162 0.081 0.5
0.16225 0.081125 0.5
0.1625 0.08125 0.5
0.16275 0.081375 0.5
0.163 0.0815 0.5
0.16325 0.081625 0.5
0.1635 0.08175 0.5
0.16375 0.081875 0.5
0.164 0.082 0.5
0.16425 0.082125 0.5
0.1645 0.08225 0.5
0.16475 0.082375 0.5
0.165 0.0825 0.5
0.16525 0.082625 0.5
0.1655 0.08275 0.5
0.16575 0.082875 0.5
0.166 0.083 0.5
0.16625 0.083125 0.5
0.1665 0.08325 0.5
0.16675 0.083375 0.5
0.167 0.0835 0.5
0.16725 0.083625 0.5
0.1675 0.08375 0.5
0.16775 0.083875 0.5
0.168 0.084 0.5
0.16825 0.084125 0.5
0.1685 0.08425 0.5
0.16875 0.084375 0.5
0.169 0.0845 0.5
0.16925 0.084625 0.5
0.1695 0.08475 0.5
0.16975 0.084875 0.5
0.17 0.085 0.5
0.17025 0.085125 0.5
0.1705 0.08525 0.5
0.17075 0.085375 0.5
0.171 0.0855 0.5
0.17125 0.085625 0.5
0.1715 0.08575 0.5
0.17175 0.085875 0.5
0.172 0.086 0.5
0.17225 0.086125 0.5
0.1725 0.08625 0.5
0.17275 0.086375 0.5
0.173 0.0865 0.5
0.17325 0.086625 0.5
0.1735 0.08675 0.5
0.17375 0.086875 0.5
0.174 0.087 0.5
0.17425 0.087125 0.5
0.1745 0.08725 0.5
0.17475 0.087375 0.5
0.175 0.0875 0.5
0.17525 0.087625 0.5
0.1755 0.08775 0.5
0.17575 0.087875 0.5
0.176 0.088 0.5
0.17625 0.088125 0.5
0.1765 0.08825 0.5
0.17675 0.088375 0.5
0.177 0.0885 0.5
0.17725 0.088625 0.5
0.1775 0.08875 0.5
0.17775 0.088875 0.5
0.178 0.089 0.5
0.17825 0.089125 0.5
0.1785 0.08925 0.5
0.17875 0.089375 0.5
0.179 0.0895 0.5
0.17925 0.089625 0.5
0.1795 0.08975 0.5
0.17975 0.089875 0.5
0.18 0.09 0.5
0.18025 0.090125 0.5
0.1805 0.09025 0.5
0.18075 0.090375 0.5
0.181 0.0905 0.5
0.18125 0.090625 0.5
0.1815 0.09075 0.5
0.18175 0.090875 0.5
0.182 0.091 0.5
0.18225 0.091125 0.5
0.1825 0.09125 0.5
0.18275 0.091375 0.5
0.183 0.0915 0.5
0.18325 0.091625 0.5
0.1835 0.09175 0.5
0.18375 0.091875 0.5
0.184 0.092 0.5
0.18425 0.092125 0.5
0.1845 0.09225 0.5
0.18475 0.092375 0.5
0.185 0.0925 0.5
0.18525 0.092625 0.5
0.1855 0.09275 0.5
0.18575 0.092875 0.5
0.186 0.093 0.5
0.18625 0.093125 0.5
0.1865 0.09325 0.5
0.18675 0.093375 0.5
0.187 0.0935 0.5
0.18725 0.093625 0.5
0.1875 0.09375 0.5
0.18775 0.093875 0.5
0.188 0.094 0.5
0.18825 0.094125 0.5
0.1885 0.09425 0.5
0.18875 0.094375 0.5
0.189 0.0945 0.5
0.18925 0.094625 0.5
0.1895 0.09475 0.5
0.18975 0.094875 0.5
0.19 0.095 0.5
0.19025 0.095125 0.5
0.1905 0.09525 0.5
0.19075 0.095375 0.5
0.191 0.0955 0.5
0.19125 0.095625 0.5
0.1915 0.09575 0.5
0.19175 0.095875 0.5
0.192 0.096 0.5
0.19225 0.096125 0.5
0.1925 0.09625 0.5
0.19275 0.096375 0.5
0.193 0.0965 0.5
0.19325 0.096625 0.5
0.1935 0.09675 0.5
0.19375 0.096875 0.5
0.194 0.097 0.5
0.19425 0.097125 0.5
0.1945 0.09725 0.5
0.19475 0.097375 0.5
0.195 0.0975 0.5
0.19525 0.097625 0.5
0.1955 0.09775 0.5
0.19575 0.097875 0.5
0.196 0.098 0.5
0.19625 0.098125 0.5
0.1965 0.09825 0.5
0.19675 0.098375 0.5
0.197 0.0985 0.5
0.19725 0.098625 0.5
0.1975 0.09875 0.5
0.19775 0.098875 0.5
0.198 0.099 0.5
0.19825 0.099125 0.5
0.1985 0.09925 0.5
0.19875 0.099375 0.5
0.199 0.0995 0.5
0.19925 0.099625 0.5
0.1995 0.09975 0.5
0.19975 0.099875 0.5
0.2 0.1 0.5
0.20025 0.100125 0.5
0.2005 0.10025 0.5
0.20075 0.100375 0.5
0.201 0.1005 0.5
0.20125 0.100625 0.5
0.2015 0.10075 0.5
0.20175 0.100875 0.5
0.202 0.101 0.5
0.20225 0.101125 0.5
0.2025 0.10125 0.5
0.20275 0.101375 0.5
0.203 0.1015 0.5
0.20325 0.101625 0.5
0.2035 0.10175 0.5
0.20375 0.101875 0.5
0.204 0.102 0.5
0.20425 0.102125 0.5
0.2045 0.10225 0.5
0.20475 0.102375 0.5
0.205 0.1025 0.5
0.20525 0.102625 0.5
0.2055 0.10275 0.5
0.20575 0.102875 0.5
0.206 0.103 0.5
0.20625 0.103125 0.5
0.2065 0.10325 0.5
0.20675 0.103375 0.5
0.207 0.1035 0.5
0.20725 0.103625 0.5
0.2075 0.10375 0.5
0.20775 0.103875 0.5
0.208 0.104 0.5
0.20825 0.104125 0.5
0.2085 0.10425 0.5
0.20875 0.104375 0.5
0.209 0.1045 0.5
0.20925 0.104625 0.5
0.2095 0.10475 0.5
0.20975 0.104875 0.5
0.21 0.105 0.5
0.21025 0.105125 0.5
0.2105 0.10525 0.5
0.21075 0.105375 0.5
0.211 0.1055 0.5
0.21125 0.105625 0.5
0.2115 0.10575 0.5
0.21175 0.105875 0.5
0.212 0.106 0.5
0.21225 0.106125 0.5
0.2125 0.10625 0.5
0.21275 0.106375 0.5
0.213 0.1065 0.5
0.21325 0.106625 0.5
0.2135 0.10675 0.5
0.21375 0.106875 0.5
0.214 0.107 0.5
0.21425 0.107125 0.5
0.2145 0.10725 0.5
0.21475 0.107375 0.5
0.215 0.1075 0.5
0.21525 0.107625 0.5
0.2155 0.10775 0.5
0.21575 0.107875 0.5
0.216 0.108 0.5
0.21625 0.108125 0.5
0.2165 0.10825 0.5
0.21675 0.108375 0.5
0.217 0.1085 0.5
0.21725 0.108625 0.5
0.2175 0.10875 0.5
0.21775 0.108875 0.5
0.218 0.109 0.5
0.21825 0.109125 0.5
0.2185 0.10925 0.5
0.21875 0.109375 0.5
0.219 0.1095 0.5
0.21925 0.109625 0.5
0.2195 0.10975 0.5
0.21975 0.109875 0.5
0.22 0.11 0.5
0.22025 0.110125 0.5
0.2205 0.11025 0.5
0.22075 0.110375 0.5
0.221 0.1105 0.5
0.22125 0.110625 0.5
0.2215 0.11075 0.5
0.22175 0.110875 0.5
0.222 0.111 0.5
0.22225 0.111125 0.5
0.2225 0.11125 0.5
0.22275 0.111375 0.5
0.223 0.1115 0.5
0.22325 0.111625 0.5
0.2235 0.11175 0.5
0.22375 0.111875 0.5
0.224 0.112 0.5
0.22425 0.112125 0.5
0.2245 0.11225 0.5
0.22475 0.112375 0.5
0.225 0.1125 0.5
0.22525 0.112625 0.5
0.2255 0.11275 0.5
0.22575 0.112875 0.5
0.226 0.113 0.5
0.22625 0.113125 0.5
0.2265 0.11325 0.5
0.22675 0.113375 0.5
0.227 0.1135 0.5
0.22725 0.113625 0.5
0.2275 0.11375 0.5
0.22775 0.113875 0.5
0.228 0.114 0.5
0.22825 0.114125 0.5
0.2285 0.11425 0.5
0.22875 0.114375 0.5
0.229 0.1145 0.5
0.22925 0.114625 0.5
0.2295 0.11475 0.5
0.22975 0.114875 0.5
0.23 0.115 0.5
0.23025 0.115125 0.5
0.2305 0.11525 0.5
0.23075 0.115375 0.5
0.231 0.1155 0.5
0.23125 0.115625 0.5
0.2315 0.11575 0.5
0.23175 0.115875 0.5
0.232 0.116 0.5
0.23225 0.116125 0.5
0.2325 0.11625 0.5
0.23275 0.116375 0.5
0.233 0.1165 0.5
0.23325 0.116625 0.5
0.2335 0.11675 0.5
0.23375 0.116875 0.5
0.234 0.117 0.5
0.23425 0.117125 0.5
0.2345 0.11725 0.5
0.23475 0.117375 0.5
0.235 0.1175 0.5
0.23525 0.117625 0.5
0.2355 0.11775 0.5
0.23575 0.117875 0.5
0.236 0.118 0.5
0.23625 0.118125 0.5
0.2365 0.11825 0.5
0.23675 0.118375 0.5
0.237 0.1185 0.5
0.23725 0.118625 0.5
0.2375 0.11875 0.5
0.23775 0.118875 0.5
0.238 0.119 0.5
0.23825 0.119125 0.5
0.2385 0.11925 0.5
0.23875 0.119375 0.5
0.239 0.1195 0.5
0.23925 0.119625 0.5
0.2395 0.11975 0.5
0.23975 0.119875 0.5
0.24 0.12 0.5
0.24025 0.120125 0.5
0.2405 0.12025 0.5
0.24075 0.120375 0.5
0.241 0.1205 0.5
0.24125 0.120625 0.5
0.2415 0.12075 0.5
0.24175 0.120875 0.5
0.242 0.121 0.5
0.24225 0.121125 0.5
0.2425 0.12125 0.5
0.24275 0.121375 0.5
0.243 0.1215 0.5
0.24325 0.121625 0.5
0.2435 0.12175 0.5
0.24375 0.121875 0.5
0.244 0.122 0.5
0.24425 0.122125 0.5
0.2445 0.12225 0.5
0.24475 0.122375 0.5
0.245 0.1225 0.5
0.24525 0.122625 0.5
0.2455 0.12275 0.5
0.24575 0.122875 0.5
0.246 0.123 0.5
0.24625 0.123125 0.5
0.2465 0.12325 0.5
0.24675 0.123375 0.5
0.247 0.1235 0.5
0.24725 0.123625 0.5
0.2475 0.12375 0.5
0.24775 0.123875 0.5
0.248 0.124 0.5
0.24825 0.124125 0.5
0.2485 0.12425 0.5
0.24875 0.124375 0.5
0.249 0.1245 0.5
0.24925 0.124625 0.5
0.2495 0.12475 0.5
0.24975 0.124875 0.5
0.25 0.125 0.5
0.25025 0.125125 0.5
0.2505 0.12525 0.5
0.25075 0.125375 0.5
0.251 0.1255 0.5
0.25125 0.125625 0.5
0.2515 0.12575 0.5
0.25175 0.125875 0.5
0.252 0.126 0.5
0.25225 0.126125 0.5
0.2525 0.12625 0.5
0.25275 0.126375 0.5
0.253 0.1265 0.5
0.25325 0.126625 0.5
0.2535 0.12675 0.5
0.25375 0.126875 0.5
0.254 0.127 0.5
0.25425 0.127125 0.5
0.2545 0.12725 0.5
0.25475 0.127375 0.5
0.255 0.1275 0.5
0.25525 0.127625 0.5
0.2555 0.12775 0.5
0.25575 0.127875 0.5
0.256 0.128 0.5
0.25625 0.128125 0.5
0.2565 0.12825 0.5
0.25675 0.128375 0.5
0.257 0.1285 0.5
0.25725 0.128625 0.5
0.2575 0.12875 0.5
0.25775 0.128875 0.5
0.258 0.129 0.5
0.25825 0.129125 0.5
0.2585 0.12925 0.5
0.25875 0.129375 0.5
0.259 0.1295 0.5
0.25925 0.129625 0.5
0.2595 0.12975 0.5
0.25975 0.129875 0.5
0.26 0.13 0.5
0.26025 0.130125 0.5
0.2605 0.13025 0.5
0.26075 0.130375 0.5
0.261 0.1305 0.5
0.26125 0.130625 0.5
0.2615 0.13075 0.5
0.26175 0.130875 0.5
0.262 0.131 0.5
0.26225 0.131125 0.5
0.2625 0.13125 0.5
0.26275 0.131375 0.5
0.263 0.1315 0.5
0.26325 0.131625 0.5
0.2635 0.13175 0.5
0.26375 0.131875 0.5
0.264 0.132 0.5
0.26425 0.132125 0.5
0.2645 0.13225 0.5
0.26475 0.132375 0.5
0.265 0.1325 0.5
0.26525 0.132625 0.5
0.2655 0.13275 0.5
0.26575 0.132875 0.5
0.266 0.133 0.5
0.26625 0.133125 0.5
0.2665 0.13325 0.5
0.26675 0.133375 0.5
0.267 0.1335 0.5
0.26725 0.133625 0.5
0.2675 0.13375 0.5
0.26775 0.133875 0.5
0.268 0.134 0.5
0.26825 0.134125 0.5
0.2685 0.13425 0.5
0.26875 0.134375 0.5
0.269 0.1345 0.5
0.26925 0.134625 0.5
0.2695 0.13475 0.5
0.26975 0.134875 0.5
0.27 0.135 0.5
0.27025 0.135125 0.5
0.2705 0.13525 0.5
0.27075 0.135375 0.5
0.271 0.1355 0.5
0.27125 0.135625 0.5
0.2715 0.13575 0.5
0.27175 0.135875 0.5
0.272 0.136 0.5
0.27225 0.136125 0.5
0.2725 0.13625 0.5
0.27275 0.136375 0.5
0.273 0.1365 0.5
0.27325 0.136625 0.5
0.2735 0.13675 0.5
0.27375 0.136875 0.5
0.274 0.137 0.5
0.27425 0.137125 0.5
0.2745 0.13725 0.5
0.27475 0.137375 0.5
0.275 0.1375 0.5
0.27525 0.137625 0.5
0.2755 0.13775 0.5
0.27575 0.137875 0.5
0.276 0.138 0.5
0.27625 0.138125 0.5
0.2765 0.13825 0.5
0.27675 0.138375 0.5
0.277 0.1385 0.5
0.27725 0.138625 0.5
0.2775 0.13875 0.5
0.27775 0.138875 0.5
0.278 0.139 0.5
0.27825 0.139125 0.5
0.2785 0.13925 0.5
0.27875 0.139375 0.5
0.279 0.1395 0.5
0.27925 0.139625 0.5
0.2795 0.13975 0.5
0.27975 0.139875 0.5
0.28 0.14 0.5
0.28025 0.140125 0.5
0.2805 0.14025 0.5
0.28075 0.140375 0.5
0.281 0.1405 0.5
0.28125 0.140625 0.5
0.2815 0.14075 0.5
0.28175 0.140875 0.5
0.282 0.141 0.5
0.28225 0.141125 0.5
0.2825 0.14125 0.5
0.28275 0.141375 0.5
0.283 0.1415 0.5
0.28325 0.141625 0.5
0.2835 0.14175 0.5
0.28375 0.141875 0.5
0.284 0.142 0.5
0.28425 0.142125 0.5
0.2845 0.14225 0.5
0.28475 0.142375 0.5
0.285 0.1425 0.5
0.28525 0.142625 0.5
0.2855 0.14275 0.5
0.28575 0.142875 0.5
0.286 0.143 0.5
0.28625 0.143125 0.5
0.2865 0.14325 0.5
0.28675 0.143375 0.5
0.287 0.1435 0.5
0.28725 0.143625 0.5
0.2875 0.14375 0.5
0.28775 0.143875 0.5
0.288 0.144 0.5
0.28825 0.144125 0.5
0.2885 0.14425 0.5
0.28875 0.144375 0.5
0.289 0.1445 0.5
0.28925 0.144625 0.5
0.2895 0.14475 0.5
0.28975 0.144875 0.5
0.29 0.145 0.5
0.29025 0.145125 0.5
0.2905 0.14525 0.5
0.29075 0.145375 0.5
0.291 0.1455 0.5
0.29125 0.145625 0.5
0.2915 0.14575 0.5
0.29175 0.145875 0.5
0.292 0.146 0.5
0.29225 0.146125 0.5
0.2925 0.14625 0.5
0.29275 0.146375 0.5
0.293 0.1465 0.5
0.29325 0.146625 0.5
0.2935 0.14675 0.5
0.29375 0.146875 0.5
0.294 0.147 0.5
0.29425 0.147125 0.5
0.2945 0.14725 0.5
0.29475 0.147375 0.5
0.295 0.1475 0.5
0.29525 0.147625 0.5
0.2955 0.14775 0.5
0.29575 0.147875 0.5
0.296 0.148 0.5
0.29625 0.148125 0.5
0.2965 0.14825 0.5
0.29675 0.148375 0.5
0.297 0.1485 0.5
0.29725 0.148625 0.5
0.2975 0.14875 0.5
0.29775 0.148875 0.5
0.298 0.149 0.5
0.29825 0.149125 0.5
0.2985 0.14925 0.5
0.29875 0.149375 0.5
0.299 0.1495 0.5
0.29925 0.149625 0.5
0.2995 0.14975 0.5
0.29975 0.149875 0.5
0.3 0.15 0.5
0.30025 0.150125 0.5
0.3005 0.15025 0.5
0.30075 0.150375 0.5
0.301 0.1505 0.5
0.30125 0.150625 0.5
0.3015 0.15075 0.5
0.30175 0.150875 0.5
0.302 0.151 0.5
0.30225 0.151125 0.5
0.3025 0.15125 0.5
0.30275 0.151375 0.5
0.303 0.1515 0.5
0.30325 0.151625 0.5
0.3035 0.15175 0.5
0.30375 0.151875 0.5
0.304 0.152 0.5
0.30425 0.152125 0.5
0.3045 0.15225 0.5
0.30475 0.152375 0.5
0.305 0.1525 0.5
0.30525 0.152625 0.5
0.3055 0.15275 0.5
0.30575 0.152875 0.5
0.306 0.153 0.5
0.30625 0.153125 0.5
0.3065 0.15325 0.5
0.30675 0.153375 0.5
0.307 0.1535 0.5
0.30725 0.153625 0.5
0.3075 0.15375 0.5
0.30775 0.153875 0.5
0.308 0.154 0.5
0.30825 0.154125 0.5
0.3085 0.15425 0.5
0.30875 0.154375 0.5
0.309 0.1545 0.5
0.30925 0.154625 0.5
0.3095 0.15475 0.5
0.30975 0.154875 0.5
0.31 0.155 0.5
0.31025 0.155125 0.5
0.3105 0.15525 0.5
0.31075 0.155375 0.5
0.311 0.1555 0.5
0.31125 0.155625 0.5
0.3115 0.15575 0.5
0.31175 0.155875 0.5
0.312 0.156 0.5
0.31225 0.156125 0.5
0.3125 0.15625 0.5
0.31275 0.156375 0.5
0.313 0.1565 0.5
0.31325 0.156625 0.5
0.3135 0.15675 0.5
0.31375 0.156875 0.5
0.314 0.157 0.5
0.31425 0.157125 0.5
0.3145 0.15725 0.5
0.31475 0.157375 0.5
0.315 0.1575 0.5
0.31525 0.157625 0.5
0.3155 0.15775 0.5
0.31575 0.157875 0.5
0.316 0.158 0.5
0.31625 0.158125 0.5
0.3165 0.15825 0.5
0.31675 0.158375 0.5
0.317 0.1585 0.5
0.31725 0.158625 0.5
0.3175 0.15875 0.5
0.31775 0.158875 0.5
0.318 0.159 0.5
0.31825 0.159125 0.5
0.3185 0.15925 0.5
0.31875 0.159375 0.5
0.319 0.1595 0.5
0.31925 0.159625 0.5
0.3195 0.15975 0.5
0.31975 0.159875 0.5
0.32 0.16 0.5
0.32025 0.160125 0.5
0.3205 0.16025 0.5
0.32075 0.160375 0.5
0.321 0.1605 0.5
0.32125 0.160625 0.5
0.3215 0.16075 0.5
0.32175 0.160875 0.5
0.322 0.161 0.5
0.32225 0.161125 0.5
0.3225 0.16125 0.5
0.32275 0.161375 0.5
0.323 0.1615 0.5
0.32325 0.161625 0.5
0.3235 0.16175 0.5
0.32375 0.161875 0.5
0.324 0.162 0.5
0.32425 0.162125 0.5
0.3245 0.16225 0.5
0.32475 0.162375 0.5
0.325 0.1625 0.5
0.32525 0.162625 0.5
0.3255 0.16275 0.5
0.32575 0.162875 0.5
0.326 0.163 0.5
0.32625 0.163125 0.5
0.3265 0.16325 0.5
0.32675 0.163375 0.5
0.327 0.1635 0.5
0.32725 0.163625 0.5
0.3275 0.16375 0.5
0.32775 0.163875 0.5
0.328 0.164 0.5
0.32825 0.164125 0.5
0.3285 0.16425 0.5
0.32875 0.164375 0.5
0.329 0.1645 0.5
0.32925 0.164625 0.5
0.3295 0.16475 0.5
0.32975 0.164875 0.5
0.33 0.165 0.5
0.33025 0.165125 0.5
0.3305 0.16525 0.5
0.33075 0.165375 0.5
0.331 0.1655 0.5
0.33125 0.165625 0.5
0.3315 0.16575 0.5
0.33175 0.165875 0.5
0.332 0.166 0.5
0.33225 0.166125 0.5
0.3325 0.16625 0.5
0.33275 0.166375 0.5
0.333 0.1665 0.5
0.33325 0.166625 0.5
0.3335 0.16675 0.5
0.33375 0.166875 0.5
0.334 0.167 0.5
0.33425 0.167125 0.5
0.3345 0.16725 0.5
0.33475 0.167375 0.5
0.335 0.1675 0.5
0.33525 0.167625 0.5
0.3355 0.16775 0.5
0.33575 0.167875 0.5
0.336 0.168 0.5
0.33625 0.168125 0.5
0.3365 0.16825 0.5
0.33675 0.168375 0.5
0.337 0.1685 0.5
0.33725 0.168625 0.5
0.3375 0.16875 0.5
0.33775 0.168875 0.5
0.338 0.169 0.5
0.33825 0.169125 0.5
0.3385 0.16925 0.5
0.33875 0.169375 0.5
0.339 0.1695 0.5
0.33925 0.169625 0.5
0.3395 0.16975 0.5
0.33975 0.169875 0.5
0.34 0.17 0.5
0.34025 0.170125 0.5
0.3405 0.17025 0.5
0.34075 0.170375 0.5
0.341 0.1705 0.5
0.34125 0.170625 0.5
0.3415 0.17075 0.5
0.34175 0.170875 0.5
0.342 0.171 0.5
0.34225 0.171125 0.5
0.3425 0.17125 0.5
0.34275 0.171375 0.5
0.343 0.1715 0.5
0.34325 0.171625 0.5
0.3435 0.17175 0.5
0.34375 0.171875 0.5
0.344 0.172 0.5
0.34425 0.172125 0.5
0.3445 0.17225 0.5
0.34475 0.172375 0.5
0.345 0.1725 0.5
0.34525 0.172625 0.5
0.3455 0.17275 0.5
0.34575 0.172875 0.5
0.346 0.173 0.5
0.34625 0.173125 0.5
0.3465 0.17325 0.5
0.34675 0.173375 0.5
0.347 0.1735 0.5
0.34725 0.173625 0.5
0.3475 0.17375 0.5
0.34775 0.173875 0.5
0.348 0.174 0.5
0.34825 0.174125 0.5
0.3485 0.17425 0.5
0.34875 0.174375 0.5
0.349 0.1745 0.5
0.34925 0.174625 0.5
0.3495 0.17475 0.5
0.34975 0.174875 0.5
0.35 0.175 0.5
0.35025 0.175125 0.5
0.3505 0.17525 0.5
0.35075 0.175375 0.5
0.351 0.1755 0.5
0.35125 0.175625 0.5
0.3515 0.17575 0.5
0.35175 0.175875 0.5
0.352 0.176 0.5
0.35225 0.176125 0.5
0.3525 0.17625 0.5
0.35275 0.176375 0.5
0.353 0.1765 0.5
0.35325 0.176625 0.5
0.3535 0.17675 0.5
0.35375 0.176875 0.5
0.354 0.177 0.5
0.35425 0.177125 0.5
0.3545 0.17725 0.5
0.35475 0.177375 0.5
0.355 0.1775 0.5
0.35525 0.177625 0.5
0.3555 0.17775 0.5
0.35575 0.177875 0.5
0.356 0.178 0.5
0.35625 0.178125 0.5
0.3565 0.17825 0.5
0.35675 0.178375 0.5
0.357 0.1785 0.5
0.35725 0.178625 0.5
0.3575 0.17875 0.5
0.35775 0.178875 0.5
0.358 0.179 0.5
0.35825 0.179125 0.5
0.3585 0.17925 0.5
0.35875 0.179375 0.5
0.359 0.1795 0.5
0.35925 0.179625 0.5
0.3595 0.17975 0.5
0.35975 0.179875 0.5
0.36 0.18 0.5
0.36025 0.180125 0.5
0.3605 0.18025 0.5
0.36075 0.180375 0.5
0.361 0.1805 0.5
0.36125 0.180625 0.5
0.3615 0.18075 0.5
0.36175 0.180875 0.5
0.362 0.181 0.5
0.36225 0.181125 0.5
0.3625 0.18125 0.5
0.36275 0.181375 0.5
0.363 0.1815 0.5
0.36325 0.181625 0.5
0.3635 0.18175 0.5
0.36375 0.181875 0.5
0.364 0.182 0.5
0.36425 0.182125 0.5
0.3645 0.18225 0.5
0.36475 0.182375 0.5
0.365 0.1825 0.5
0.36525 0.182625 0.5
0.3655 0.18275 0.5
0.36575 0.182875 0.5
0.366 0.183 0.5
0.36625 0.183125 0.5
0.3665 0.18325 0.5
0.36675 0.183375 0.5
0.367 0.1835 0.5
0.36725 0.183625 0.5
0.3675 0.18375 0.5
0.36775 0.183875 0.5
0.368 0.184 0.5
0.36825 0.184125 0.5
0.3685 0.18425 0.5
0.36875 0.184375 0.5
0.369 0.1845 0.5
0.36925 0.184625 0.5
0.3695 0.18475 0.5
0.36975 0.184875 0.5
0.37 0.185 0.5
0.37025 0.185125 0.5
0.3705 0.18525 0.5
0.37075 0.185375 0.5
0.371 0.1855 0.5
0.37125 0.185625 0.5
0.3715 0.18575 0.5
0.37175 0.185875 0.5
0.372 0.186 0.5
0.37225 0.186125 0.5
0.3725 0.18625 0.5
0.37275 0.186375 0.5
0.373 0.1865 0.5
0.37325 0.186625 0.5
0.3735 0.18675 0.5
0.37375 0.186875 0.5
0.374 0.187 0.5
0.37425 0.187125 0.5
0.3745 0.18725 0.5
0.37475 0.187375 0.5
0.375 0.1875 0.5
0.37525 0.187625 0.5
0.3755 0.18775 0.5
0.37575 0.187875 0.5
0.376 0.188 0.5
0.37625 0.188125 0.5
0.3765 0.18825 0.5
0.37675 0.188375 0.5
0.377 0.1885 0.5
0.37725 0.188625 0.5
0.3775 0.18875 0.5
0.37775 0.188875 0.5
0.378 0.189 0.5
0.37825 0.189125 0.5
0.3785 0.18925 0.5
0.37875 0.189375 0.5
0.379 0.1895 0.5
0.37925 0.189625 0.5
0.3795 0.18975 0.5
0.37975 0.189875 0.5
0.38 0.19 0.5
0.38025 0.190125 0.5
0.3805 0.19025 0.5
0.38075 0.190375 0.5
0.381 0.1905 0.5
0.38125 0.190625 0.5
0.3815 0.19075 0.5
0.38175 0.190875 0.5
0.382 0.191 0.5
0.38225 0.191125 0.5
0.3825 0.19125 0.5
0.38275 0.191375 0.5
0.383 0.1915 0.5
0.38325 0.191625 0.5
0.3835 0.19175 0.5
0.38375 0.191875 0.5
0.384 0.192 0.5
0.38425 0.192125 0.5
0.3845 0.19225 0.5
0.38475 0.192375 0.5
0.385 0.1925 0.5
0.38525 0.192625 0.5
0.3855 0.19275 0.5
0.38575 0.192875 0.5
0.386 0.193 0.5
0.38625 0.193125 0.5
0.3865 0.19325 0.5
0.38675 0.193375 0.5
0.387 0.1935 0.5
0.38725 0.193625 0.5
0.3875 0.19375 0.5
0.38775 0.193875 0.5
0.388 0.194 0.5
0.38825 0.194125 0.5
0.3885 0.19425 0.5
0.38875 0.194375 0.5
0.389 0.1945 0.5
0.38925 0.194625 0.5
0.3895 0.19475 0.5
0.38975 0.194875 0.5
0.39 0.195 0.5
0.39025 0.195125 0.5
0.3905 0.19525 0.5
0.39075 0.195375 0.5
0.391 0.1955 0.5
0.39125 0.195625 0.5
0.3915 0.19575 0.5
0.39175 0.195875 0.5
0.392 0.196 0.5
0.39225 0.196125 0.5
0.3925 0.19625 0.5
0.39275 0.196375 0.5
0.393 0.1965 0.5
0.39325 0.196625 0.5
0.3935 0.19675 0.5
0.39375 0.196875 0.5
0.394 0.197 0.5
0.39425 0.197125 0.5
0.3945 0.19725 0.5
0.39475 0.197375 0.5
0.395 0.1975 0.5
0.39525 0.197625 0.5
0.3955 0.19775 0.5
0.39575 0.197875 0.5
0.396 0.198 0.5
0.39625 0.198125 0.5
0.3965 0.19825 0.5
0.39675 0.198375 0.5
0.397 0.1985 0.5
0.39725 0.198625 0.5
0.3975 0.19875 0.5
0.39775 0.198875 0.5
0.398 0.199 0.5
0.39825 0.199125 0.5
0.3985 0.19925 0.5
0.39875 0.199375 0.5
0.399 0.1995 0.5
0.39925 0.199625 0.5
0.3995 0.19975 0.5
0.39975 0.199875 0.5
0.4 0.2 0.5
0.40025 0.200125 0.5
0.4005 0.20025 0.5
0.40075 0.200375 0.5
0.401 0.2005 0.5
0.40125 0.200625 0.5
0.4015 0.20075 0.5
0.40175 0.200875 0.5
0.402 0.201 0.5
0.40225 0.201125 0.5
0.4025 0.20125 0.5
0.40275 0.201375 0.5
0.403 0.2015 0.5
0.40325 0.201625 0.5
0.4035 0.20175 0.5
0.40375 0.201875 0.5
0.404 0.202 0.5
0.40425 0.202125 0.5
0.4045 0.20225 0.5
0.40475 0.202375 0.5
0.405 0.2025 0.5
0.40525 0.202625 0.5
0.4055 0.20275 0.5
0.40575 0.202875 0.5
0.406 0.203 0.5
0.40625 0.203125 0.5
0.4065 0.20325 0.5
0.40675 0.203375 0.5
0.407 0.2035 0.5
0.40725 0.203625 0.5
0.4075 0.20375 0.5
0.40775 0.203875 0.5
0.408 0.204 0.5
0.40825 0.204125 0.5
0.4085 0.20425 0.5
0.40875 0.204375 0.5
0.409 0.2045 0.5
0.40925 0.204625 0.5
0.4095 0.20475 0.5
0.40975 0.204875 0.5
0.41 0.205 0.5
0.41025 0.205125 0.5
0.4105 0.20525 0.5
0.41075 0.205375 0.5
0.411 0.2055 0.5
0.41125 0.205625 0.5
0.4115 0.20575 0.5
0.41175 0.205875 0.5
0.412 0.206 0.5
0.41225 0.206125 0.5
0.4125 0.20625 0.5
0.41275 0.206375 0.5
0.413 0.2065 0.5
0.41325 0.206625 0.5
0.4135 0.20675 0.5
0.41375 0.206875 0.5
0.414 0.207 0.5
0.41425 0.207125 0.5
0.4145 0.20725 0.5
0.41475 0.207375 0.5
0.415 0.2075 0.5
0.41525 0.207625 0.5
0.4155 0.20775 0.5
0.41575 0.207875 0.5
0.416 0.208 0.5
0.41625 0.208125 0.5
0.4165 0.20825 0.5
0.41675 0.208375 0.5
0.417 0.2085 0.5
0.41725 0.208625 0.5
0.4175 0.20875 0.5
0.41775 0.208875 0.5
0.418 0.209 0.5
0.41825 0.209125 0.5
0.4185 0.20925 0.5
0.41875 0.209375 0.5
0.419 0.2095 0.5
0.41925 0.209625 0.5
0.4195 0.20975 0.5
0.41975 0.209875 0.5
0.42 0.21 0.5
0.42025 0.210125 0.5
0.4205 0.21025 0.5
0.42075 0.210375 0.5
0.421 0.2105 0.5
0.42125 0.210625 0.5
0.4215 0.21075 0.5
0.42175 0.210875 0.5
0.422 0.211 0.5
0.42225 0.211125 0.5
0.4225 0.21125 0.5
0.42275 0.211375 0.5
0.423 0.2115 0.5
0.42325 0.211625 0.5
0.4235 0.21175 0.5
0.42375 0.211875 0.5
0.424 0.212 0.5
0.42425 0.212125 0.5
0.4245 0.21225 0.5
0.42475 0.212375 0.5
0.425 0.2125 0.5
0.42525 0.212625 0.5
0.4255 0.21275 0.5
0.42575 0.212875 0.5
0.426 0.213 0.5
0.42625 0.213125 0.5
0.4265 0.21325 0.5
0.42675 0.213375 0.5
0.427 0.2135 0.5
0.42725 0.213625 0.5
0.4275 0.21375 0.5
0.42775 0.213875 0.5
0.428 0.214 0.5
0.42825 0.214125 0.5
0.4285 0.21425 0.5
0.42875 0.214375 0.5
0.429 0.2145 0.5
0.42925 0.214625 0.5
0.4295 0.21475 0.5
0.42975 0.214875 0.5
0.43 0.215 0.5
0.43025 0.215125 0.5
0.4305 0.21525 0.5
0.43075 0.215375 0.5
0.431 0.2155 0.5
0.43125 0.215625 0.5
0.4315 0.21575 0.5
0.43175 0.215875 0.5
0.432 0.216 0.5
0.43225 0.216125 0.5
0.4325 0.21625 0.5
0.43275 0.216375 0.5
0.433 0.2165 0.5
0.43325 0.216625 0.5
0.4335 0.21675 0.5
0.43375 0.216875 0.5
0.434 0.217 0.5
0.43425 0.217125 0.5
0.4345 0.21725 0.5
0.43475 0.217375 0.5
0.435 0.2175 0.5
0.43525 0.217625 0.5
0.4355 0.21775 0.5
0.43575 0.217875 0.5
0.436 0.218 0.5
0.43625 0.218125 0.5
0.4365 0.21825 0.5
0.43675 0.218375 0.5
0.437 0.2185 0.5
0.43725 0.218625 0.5
0.4375 0.21875 0.5
0.43775 0.218875 0.5
0.438 0.219 0.5
0.43825 0.219125 0.5
0.4385 0.21925 0.5
0.43875 0.219375 0.5
0.439 0.2195 0.5
0.43925 0.219625 0.5
0.4395 0.21975 0.5
0.43975 0.219875 0.5
0.44 0.22 0.5
0.44025 0.220125 0.5
0.4405 0.22025 0.5
0.44075 0.220375 0.5
0.441 0.2205 0.5
0.44125 0.220625 0.5
0.4415 0.22075 0.5
0.44175 0.220875 0.5
0.442 0.221 0.5
0.44225 0.221125 0.5
0.4425 0.22125 0.5
0.44275 0.221375 0.5
0.443 0.2215 0.5
0.44325 0.221625 0.5
0.4435 0.22175 0.5
0.44375 0.221875 0.5
0.444 0.222 0.5
0.44425 0.222125 0.5
0.4445 0.22225 0.5
0.44475 0.222375 0.5
0.445 0.2225 0.5
0.44525 0.222625 0.5
0.4455 0.22275 0.5
0.44575 0.222875 0.5
0.446 0.223 0.5
0.44625 0.223125 0.5
0.4465 0.22325 0.5
0.44675 0.223375 0.5
0.447 0.2235 0.5
0.44725 0.223625 0.5
0.4475 0.22375 0.5
0.44775 0.223875 0.5
0.448 0.224 0.5
0.44825 0.224125 0.5
0.4485 0.22425 0.5
0.44875 0.224375 0.5
0.449 0.2245 0.5
0.44925 0.224625 0.5
0.4495 0.22475 0.5
0.44975 0.224875 0.5
0.45 0.225 0.5
0.45025 0.225125 0.5
0.4505 0.22525 0.5
0.45075 0.225375 0.5
0.451 0.2255 0.5
0.45125 0.225625 0.5
0.4515 0.22575 0.5
0.45175 0.225875 0.5
0.452 0.226 0.5
0.45225 0.226125 0.5
0.4525 0.22625 0.5
0.45275 0.226375 0.5
0.453 0.2265 0.5
0.45325 0.226625 0.5
0.4535 0.22675 0.5
0.45375 0.226875 0.5
0.454 0.227 0.5
0.45425 0.227125 0.5
0.4545 0.22725 0.5
0.45475 0.227375 0.5
0.455 0.2275 0.5
0.45525 0.227625 0.5
0.4555 0.22775 0.5
0.45575 0.227875 0.5
0.456 0.228 0.5
0.45625 0.228125 0.5
0.4565 0.22825 0.5
0.45675 0.228375 0.5
0.457 0.2285 0.5
0.45725 0.228625 0.5
0.4575 0.22875 0.5
0.45775 0.228875 0.5
0.458 0.229 0.5
0.45825 0.229125 0.5
0.4585 0.22925 0.5
0.45875 0.229375 0.5
0.459 0.2295 0.5
0.45925 0.229625 0.5
0.4595 0.22975 0.5
0.45975 0.229875 0.5
0.46 0.23 0.5
0.46025 0.230125 0.5
0.4605 0.23025 0.5
0.46075 0.230375 0.5
0.461 0.2305 0.5
0.46125 0.230625 0.5
0.4615 0.23075 0.5
0.46175 0.230875 0.5
0.462 0.231 0.5
0.46225 0.231125 0.5
0.4625 0.23125 0.5
0.46275 0.231375 0.5
0.463 0.2315 0.5
0.46325 0.231625 0.5
0.4635 0.23175 0.5
0.46375 0.231875 0.5
0.464 0.232 0.5
0.46425 0.232125 0.5
0.4645 0.23225 0.5
0.46475 0.232375 0.5
0.465 0.2325 0.5
0.46525 0.232625 0.5
0.4655 0.23275 0.5
0.46575 0.232875 0.5
0.466 0.233 0.5
0.46625 0.233125 0.5
0.4665 0.23325 0.5
0.46675 0.233375 0.5
0.467 0.2335 0.5
0.46725 0.233625 0.5
0.4675 0.23375 0.5
0.46775 0.233875 0.5
0.468 0.234 0.5
0.46825 0.234125 0.5
0.4685 0.23425 0.5
0.46875 0.234375 0.5
0.469 0.2345 0.5
0.46925 0.234625 0.5
0.4695 0.23475 0.5
0.46975 0.234875 0.5
0.47 0.235 0.5
0.47025 0.235125 0.5
0.4705 0.23525 0.5
0.47075 0.235375 0.5
0.471 0.2355 0.5
0.47125 0.235625 0.5
0.4715 0.23575 0.5
0.47175 0.235875 0.5
0.472 0.236 0.5
0.47225 0.236125 0.5
0.4725 0.23625 0.5
0.47275 0.236375 0.5
0.473 0.2365 0.5
0.47325 0.236625 0.5
0.4735 0.23675 0.5
0.47375 0.236875 0.5
0.474 0.237 0.5
0.47425 0.237125 0.5
0.4745 0.23725 0.5
0.47475 0.237375 0.5
0.475 0.2375 0.5
0.47525 0.237625 0.5
0.4755 0.23775 0.5
0.47575 0.237875 0.5
0.476 0.238 0.5
0.47625 0.238125 0.5
0.4765 0.23825 0.5
0.47675 0.238375 0.5
0.477 0.2385 0.5
0.47725 0.238625 0.5
0.4775 0.23875 0.5
0.47775 0.238875 0.5
0.478 0.239 0.5
0.47825 0.239125 0.5
0.4785 0.23925 0.5
0.47875 0.239375 0.5
0.479 0.2395 0.5
0.47925 0.239625 0.5
0.4795 0.23975 0.5
0.47975 0.239875 0.5
0.48 0.24 0.5
0.48025 0.240125 0.5
0.4805 0.24025 0.5
0.48075 0.240375 0.5
0.481 0.2405 0.5
0.48125 0.240625 0.5
0.4815 0.24075 0.5
0.48175 0.240875 0.5
0.482 0.241 0.5
0.48225 0.241125 0.5
0.4825 0.24125 0.5
0.48275 0.241375 0.5
0.483 0.2415 0.5
0.48325 0.241625 0.5
0.4835 0.24175 0.5
0.48375 0.241875 0.5
0.484 0.242 0.5
0.48425 0.242125 0.5
0.4845 0.24225 0.5
0.48475 0.242375 0.5
0.485 0.2425 0.5
0.48525 0.242625 0.5
0.4855 0.24275 0.5
0.48575 0.242875 0.5
0.486 0.243 0.5
0.48625 0.243125 0.5
0.4865 0.24325 0.5
0.48675 0.243375 0.5
0.487 0.2435 0.5
0.48725 0.243625 0.5
0.4875 0.24375 0.5
0.48775 0.243875 0.5
0.488 0.244 0.5
0.48825 0.244125 0.5
0.4885 0.24425 0.5
0.48875 0.244375 0.5
0.489 0.2445 0.5
0.48925 0.244625 0.5
0.4895 0.24475 0.5
0.48975 0.244875 0.5
0.49 0.245 0.5
0.49025 0.245125 0.5
0.4905 0.24525 0.5
0.49075 0.245375 0.5
0.491 0.2455 0.5
0.49125 0.245625 0.5
0.4915 0.24575 0.5
0.49175 0.245875 0.5
0.492 0.246 0.5
0.49225 0.246125 0.5
0.4925 0.24625 0.5
0.49275 0.246375 0.5
0.493 0.2465 0.5
0.49325 0.246625 0.5
0.4935 0.24675 0.5
0.49375 0.246875 0.5
0.494 0.247 0.5
0.49425 0.247125 0.5
0.4945 0.24725 0.5
0.49475 0.247375 0.5
0.495 0.2475 0.5
0.49525 0.247625 0.5
0.4955 0.24775 0.5
0.49575 0.247875 0.5
0.496 0.248 0.5
0.49625 0.248125 0.5
0.4965 0.24825 0.5
0.49675 0.248375 0.5
0.497 0.2485 0.5
0.49725 0.248625 0.5
0.4975 0.24875 0.5
0.49775 0.248875 0.5
0.498 0.249 0.5
0.49825 0.249125 0.5
0.4985 0.24925 0.5
0.49875 0.249375 0.5
0.499 0.2495 0.5
0.49925 0.249625 0.5
0.4995 0.24975 0.5
0.49975 0.249875 0.5
0.5 0.25 -0.5
0.50025 0.249875 -0.5
0.5005 0.24975 -0.5
0.50075 0.249625 -0.5
0.501 0.2495 -0.5
0.50125 0.249375 -0.5
0.5015 0.24925 -0.5
0.50175 0.249125 -0.5
0.502 0.249 -0.5
0.50225 0.248875 -0.5
0.5025 0.24875 -0.5
0.50275 0.248625 -0.5
0.503 0.2485 -0.5
0.50325 0.248375 -0.5
0.5035 0.24825 -0.5
0.50375 0.248125 -0.5
0.504 0.248 -0.5
0.50425 0.247875 -0.5
0.5045 0.24775 -0.5
0.50475 0.247625 -0.5
0.505 0.2475 -0.5
0.50525 0.247375 -0.5
0.5055 0.24725 -0.5
0.50575 0.247125 -0.5
0.506 0.247 -0.5
0.50625 0.246875 -0.5
0.5065 0.24675 -0.5
0.50675 0.246625 -0.5
0.507 0.2465 -0.5
0.50725 0.246375 -0.5
0.5075 0.24625 -0.5
0.50775 0.246125 -0.5
0.508 0.246 -0.5
0.50825 0.245875 -0.5
0.5085 0.24575 -0.5
0.50875 0.245625 -0.5
0.509 0.2455 -0.5
0.50925 0.245375 -0.5
0.5095 0.24525 -0.5
0.50975 0.245125 -0.5
0.51 0.245 -0.5
0.51025 0.244875 -0.5
0.5105 0.24475 -0.5
0.51075 0.244625 -0.5
0.511 0.2445 -0.5
0.51125 0.244375 -0.5
0.5115 0.24425 -0.5
0.51175 0.244125 -0.5
0.512 0.244 -0.5
0.51225 0.243875 -0.5
0.5125 0.24375 -0.5
0.51275 0.243625 -0.5
0.513 0.2435 -0.5
0.51325 0.243375 -0.5
0.5135 0.24325 -0.5
0.51375 0.243125 -0.5
0.514 0.243 -0.5
0.51425 0.242875 -0.5
0.5145 0.24275 -0.5
0.51475 0.242625 -0.5
0.515 0.2425 -0.5
0.51525 0.242375 -0.5
0.5155 0.24225 -0.5
0.51575 0.242125 -0.5
0.516 0.242 -0.5
0.51625 0.241875 -0.5
0.5165 0.24175 -0.5
0.51675 0.241625 -0.5
0.517 0.2415 -0.5
0.51725 0.241375 -0.5
0.5175 0.24125 -0.5
0.51775 0.241125 -0.5
0.518 0.241 -0.5
0.51825 0.240875 -0.5
0.5185 0.24075 -0.5
0.51875 0.240625 -0.5
0.519 0.2405 -0.5
0.51925 0.240375 -0.5
0.5195 0.24025 -0.5
0.51975 0.240125 -0.5
0.52 0.24 -0.5
0.52025 0.239875 -0.5
0.5205 0.23975 -0.5
0.52075 0.239625 -0.5
0.521 0.2395 -0.5
0.52125 0.239375 -0.5
0.5215 0.23925 -0.5
0.52175 0.239125 -0.5
0.522 0.239 -0.5
0.52225 0.238875 -0.5
0.5225 0.23875 -0.5
0.52275 0.238625 -0.5
0.523 0.2385 -0.5
0.52325 0.238375 -0.5
0.5235 0.23825 -0.5
0.52375 0.238125 -0.5
0.524 0.238 -0.5
0.52425 0.237875 -0.5
0.5245 0.23775 -0.5
0.52475 0.237625 -0.5
0.525 0.2375 -0.5
0.52525 0.237375 -0.5
0.5255 0.23725 -0.5
0.52575 0.237125 -0.5
0.526 0.237 -0.5
0.52625 0.236875 -0.5
0.5265 0.23675 -0.5
0.52675 0.236625 -0.5
0.527 0.2365 -0.5
0.52725 0.236375 -0.5
0.5275 0.23625 -0.5
0.52775 0.236125 -0.5
0.528 0.236 -0.5
0.52825 0.235875 -0.5
0.5285 0.23575 -0.5
0.52875 0.235625 -0.5
0.529 0.2355 -0.5
0.52925 0.235375 -0.5
0.5295 0.23525 -0.5
0.52975 0.235125 -0.5
0.53 0.235 -0.5
0.53025 0.234875 -0.5
0.5305 0.23475 -0.5
0.53075 0.234625 -0.5
0.531 0.2345 -0.5
0.53125 0.234375 -0.5
0.5315 0.23425 -0.5
0.53175 0.234125 -0.5
0.532 0.234 -0.5
0.53225 0.233875 -0.5
0.5325 0.23375 -0.5
0.53275 0.233625 -0.5
0.533 0.2335 -0.5
0.53325 0.233375 -0.5
0.5335 0.23325 -0.5
0.53375 0.233125 -0.5
0.534 0.233 -0.5
0.53425 0.232875 -0.5
0.5345 0.23275 -0.5
0.53475 0.232625 -0.5
0.535 0.2325 -0.5
0.53525 0.232375 -0.5
0.5355 0.23225 -0.5
0.53575 0.232125 -0.5
0.536 0.232 -0.5
0.53625 0.231875 -0.5
0.5365 0.23175 -0.5
0.53675 0.231625 -0.5
0.537 0.2315 -0.5
0.53725 0.231375 -0.5
0.5375 0.23125 -0.5
0.53775 0.231125 -0.5
0.538 0.231 -0.5
0.53825 0.230875 -0.5
0.5385 0.23075 -0.5
0.53875 0.230625 -0.5
0.539 0.2305 -0.5
0.53925 0.230375 -0.5
0.5395 0.23025 -0.5
0.53975 0.230125 -0.5
0.54 0.23 -0.5
0.54025 0.229875 -0.5
0.5405 0.22975 -0.5
0.54075 0.229625 -0.5
0.541 0.2295 -0.5
0.54125 0.229375 -0.5
0.5415 0.22925 -0.5
0.54175 0.229125 -0.5
0.542 0.229 -0.5
0.54225 0.228875 -0.5
0.5425 0.22875 -0.5
0.54275 0.228625 -0.5
0.543 0.2285 -0.5
0.54325 0.228375 -0.5
0.5435 0.22825 -0.5
0.54375 0.228125 -0.5
0.544 0.228 -0.5
0.54425 0.227875 -0.5
0.5445 0.22775 -0.5
0.54475 0.227625 -0.5
0.545 0.2275 -0.5
0.54525 0.227375 -0.5
0.5455 0.22725 -0.5
0.54575 0.227125 -0.5
0.546 0.227 -0.5
0.54625 0.226875 -0.5
0.5465 0.22675 -0.5
0.54675 0.226625 -0.5
0.547 0.2265 -0.5
0.54725 0.226375 -0.5
0.5475 0.22625 -0.5
0.54775 0.226125 -0.5
0.548 0.226 -0.5
0.54825 0.225875 -0.5
0.5485 0.22575 -0.5
0.54875 0.225625 -0.5
0.549 0.2255 -0.5
0.54925 0.225375 -0.5
0.5495 0.22525 -0.5
0.54975 0.225125 -0.5
0.55 0.225 -0.5
0.55025 0.224875 -0.5
0.5505 0.22475 -0.5
0.55075 0.224625 -0.5
0.551 0.2245 -0.5
0.55125 0.224375 -0.5
0.5515 0.22425 -0.5
0.55175 0.224125 -0.5
0.552 0.224 -0.5
0.55225 0.223875 -0.5
0.5525 0.22375 -0.5
0.55275 0.223625 -0.5
0.553 0.2235 -0.5
0.55325 0.223375 -0.5
0.5535 0.22325 -0.5
0.55375 0.223125 -0.5
0.554 0.223 -0.5
0.55425 0.222875 -0.5
0.5545 0.22275 -0.5
0.55475 0.222625 -0.5
0.555 0.2225 -0.5
0.55525 0.222375 -0.5
0.5555 0.22225 -0.5
0.55575 0.222125 -0.5
0.556 0.222 -0.5
0.55625 0.221875 -0.5
0.5565 0.22175 -0.5
0.55675 0.221625 -0.5
0.557 0.2215 -0.5
0.55725 0.221375 -0.5
0.5575 0.22125 -0.5
0.55775 0.221125 -0.5
0.558 0.221 -0.5
0.55825 0.220875 -0.5
0.5585 0.22075 -0.5
0.55875 0.220625 -0.5
0.559 0.2205 -0.5
0.55925 0.220375 -0.5
0.5595 0.22025 -0.5
0.55975 0.220125 -0.5
0.56 0.22 -0.5
0.56025 0.219875 -0.5
0.5605 0.21975 -0.5
0.56075 0.219625 -0.5
0.561 0.2195 -0.5
0.56125 0.219375 -0.5
0.5615 0.21925 -0.5
0.56175 0.219125 -0.5
0.562 0.219 -0.5
0.56225 0.218875 -0.5
0.5625 0.21875 -0.5
0.56275 0.218625 -0.5
0.563 0.2185 -0.5
0.56325 0.218375 -0.5
0.5635 0.21825 -0.5
0.56375 0.218125 -0.5
0.564 0.218 -0.5
0.56425 0.217875 -0.5
0.5645 0.21775 -0.5
0.56475 0.217625 -0.5
0.565 0.2175 -0.5
0.56525 0.217375 -0.5
0.5655 0.21725 -0.5
0.56575 0.217125 -0.5
0.566 0.217 -0.5
0.56625 0.216875 -0.5
0.5665 0.21675 -0.5
0.56675 0.216625 -0.5
0.567 0.2165 -0.5
0.56725 0.216375 -0.5
0.5675 0.21625 -0.5
0.56775 0.216125 -0.5
0.568 0.216 -0.5
0.56825 0.215875 -0.5
0.5685 0.21575 -0.5
0.56875 0.215625 -0.5
0.569 0.2155 -0.5
0.56925 0.215375 -0.5
0.5695 0.21525 -0.5
0.56975 0.215125 -0.5
0.57 0.215 -0.5
0.57025 0.214875 -0.5
0.5705 0.21475 -0.5
0.57075 0.214625 -0.5
0.571 0.2145 -0.5
0.57125 0.214375 -0.5
0.5715 0.21425 -0.5
0.57175 0.214125 -0.5
0.572 0.214 -0.5
0.57225 0.213875 -0.5
0.5725 0.21375 -0.5
0.57275 0.213625 -0.5
0.573 0.2135 -0.5
0.57325 0.213375 -0.5
0.5735 0.21325 -0.5
0.57375 0.213125 -0.5
0.574 0.213 -0.5
0.57425 0.212875 -0.5
0.5745 0.21275 -0.5
0.57475 0.212625 -0.5
0.575 0.2125 -0.5
0.57525 0.212375 -0.5
0.5755 0.21225 -0.5
0.57575 0.212125 -0.5
0.576 0.212 -0.5
0.57625 0.211875 -0.5
0.5765 0.21175 -0.5
0.57675 0.211625 -0.5
0.577 0.2115 -0.5
0.57725 0.211375 -0.5
0.5775 0.21125 -0.5
0.57775 0.211125 -0.5
0.578 0.211 -0.5
0.57825 0.210875 -0.5
0.5785 0.21075 -0.5
0.57875 0.210625 -0.5
0.579 0.2105 -0.5
0.57925 0.210375 -0.5
0.5795 0.21025 -0.5
0.57975 0.210125 -0.5
0.58 0.21 -0.5
0.58025 0.209875 -0.5
0.5805 0.20975 -0.5
0.58075 0.209625 -0.5
0.581 0.2095 -0.5
0.58125 0.209375 -0.5
0.5815 0.20925 -0.5
0.58175 0.209125 -0.5
0.582 0.209 -0.5
0.58225 0.208875 -0.5
0.5825 0.20875 -0.5
0.58275 0.208625 -0.5
0.583 0.2085 -0.5
0.58325 0.208375 -0.5
0.5835 0.20825 -0.5
0.58375 0.208125 -0.5
0.584 0.208 -0.5
0.58425 0.207875 -0.5
0.5845 0.20775 -0.5
0.58475 0.207625 -0.5
0.585 0.2075 -0.5
0.58525 0.207375 -0.5
0.5855 0.20725 -0.5
0.58575 0.207125 -0.5
0.586 0.207 -0.5
0.58625 0.206875 -0.5
0.5865 0.20675 -0.5
0.58675 0.206625 -0.5
0.587 0.2065 -0.5
0.58725 0.206375 -0.5
0.5875 0.20625 -0.5
0.58775 0.206125 -0.5
0.588 0.206 -0.5
0.58825 0.205875 -0.5
0.5885 0.20575 -0.5
0.58875 0.205625 -0.5
0.589 0.2055 -0.5
0.58925 0.205375 -0.5
0.5895 0.20525 -0.5
0.58975 0.205125 -0.5
0.59 0.205 -0.5
0.59025 0.204875 -0.5
0.5905 0.20475 -0.5
0.59075 0.204625 -0.5
0.591 0.2045 -0.5
0.59125 0.204375 -0.5
0.5915 0.20425 -0.5
0.59175 0.204125 -0.5
0.592 0.204 -0.5
0.59225 0.203875 -0.5
0.5925 0.20375 -0.5
0.59275 0.203625 -0.5
0.593 0.2035 -0.5
0.59325 0.203375 -0.5
0.5935 0.20325 -0.5
0.59375 0.203125 -0.5
0.594 0.203 -0.5
0.59425 0.202875 -0.5
0.5945 0.20275 -0.5
0.59475 0.202625 -0.5
0.595 0.2025 -0.5
0.59525 0.202375 -0.5
0.5955 0.20225 -0.5
0.59575 0.202125 -0.5
0.596 0.202 -0.5
0.59625 0.201875 -0.5
0.5965 0.20175 -0.5
0.59675 0.201625 -0.5
0.597 0.2015 -0.5
0.59725 0.201375 -0.5
0.5975 0.20125 -0.5
0.59775 0.201125 -0.5
0.598 0.201 -0.5
0.59825 0.200875 -0.5
0.5985 0.20075 -0.5
0.59875 0.200625 -0.5
0.599 0.2005 -0.5
0.59925 0.200375 -0.5
0.5995 0.20025 -0.5
0.59975 0.200125 -0.5
0.6 0.2 -0.5
0.60025 0.199875 -0.5
0.6005 0.19975 -0.5
0.60075 0.199625 -0.5
0.601 0.1995 -0.5
0.60125 0.199375 -0.5
0.6015 0.19925 -0.5
0.60175 0.199125 -0.5
0.602 0.199 -0.5
0.60225 0.198875 -0.5
0.6025 0.19875 -0.5
0.60275 0.198625 -0.5
0.603 0.1985 -0.5
0.60325 0.198375 -0.5
0.6035 0.19825 -0.5
0.60375 0.198125 -0.5
0.604 0.198 -0.5
0.60425 0.197875 -0.5
0.6045 0.19775 -0.5
0.60475 0.197625 -0.5
0.605 0.1975 -0.5
0.60525 0.197375 -0.5
0.6055 0.19725 -0.5
0.60575 0.197125 -0.5
0.606 0.197 -0.5
0.60625 0.196875 -0.5
0.6065 0.19675 -0.5
0.60675 0.196625 -0.5
0.607 0.1965 -0.5
0.60725 0.196375 -0.5
0.6075 0.19625 -0.5
0.60775 0.196125 -0.5
0.608 0.196 -0.5
0.60825 0.195875 -0.5
0.6085 0.19575 -0.5
0.60875 0.195625 -0.5
0.609 0.1955 -0.5
0.60925 0.195375 -0.5
0.6095 0.19525 -0.5
0.60975 0.195125 -0.5
0.61 0.195 -0.5
0.61025 0.194875 -0.5
0.6105 0.19475 -0.5
0.61075 0.194625 -0.5
0.611 0.1945 -0.5
0.61125 0.194375 -0.5
0.6115 0.19425 -0.5
0.61175 0.194125 -0.5
0.612 0.194 -0.5
0.61225 0.193875 -0.5
0.6125 0.19375 -0.5
0.61275 0.193625 -0.5
0.613 0.1935 -0.5
0.61325 0.193375 -0.5
0.6135 0.19325 -0.5
0.61375 0.193125 -0.5
0.614 0.193 -0.5
0.61425 0.192875 -0.5
0.6145 0.19275 -0.5
0.61475 0.192625 -0.5
0.615 0.1925 -0.5
0.61525 0.192375 -0.5
0.6155 0.19225 -0.5
0.61575 0.192125 -0.5
0.616 0.192 -0.5
0.61625 0.191875 -0.5
0.6165 0.19175 -0.5
0.61675 0.191625 -0.5
0.617 0.1915 -0.5
0.61725 0.191375 -0.5
0.6175 0.19125 -0.5
0.61775 0.191125 -0.5
0.618 0.191 -0.5
0.61825 0.190875 -0.5
0.6185 0.19075 -0.5
0.61875 0.190625 -0.5
0.619 0.1905 -0.5
0.61925 0.190375 -0.5
0.6195 0.19025 -0.5
0.61975 0.190125 -0.5
0.62 0.19 -0.5
0.62025 0.189875 -0.5
0.6205 0.18975 -0.5
0.62075 0.189625 -0.5
0.621 0.1895 -0.5
0.62125 0.189375 -0.5
0.6215 0.18925 -0.5
0.62175 0.189125 -0.5
0.622 0.189 -0.5
0.62225 0.188875 -0.5
0.6225 0.18875 -0.5
0.62275 0.188625 -0.5
0.623 0.1885 -0.5
0.62325 0.188375 -0.5
0.6235 0.18825 -0.5
0.62375 0.188125 -0.5
0.624 0.188 -0.5
0.62425 0.187875 -0.5
0.6245 0.18775 -0.5
0.62475 0.187625 -0.5
0.625 0.1875 -0.5
0.62525 0.187375 -0.5
0.6255 0.18725 -0.5
0.62575 0.187125 -0.5
0.626 0.187 -0.5
0.62625 0.186875 -0.5
0.6265 0.18675 -0.5
0.62675 0.186625 -0.5
0.627 0.1865 -0.5
0.62725 0.186375 -0.5
0.6275 0.18625 -0.5
0.62775 0.186125 -0.5
0.628 0.186 -0.5
0.62825 0.185875 -0.5
0.6285 0.18575 -0.5
0.62875 0.185625 -0.5
0.629 0.1855 -0.5
0.62925 0.185375 -0.5
0.6295 0.18525 -0.5
0.62975 0.185125 -0.5
0.63 0.185 -0.5
0.63025 0.184875 -0.5
0.6305 0.18475 -0.5
0.63075 0.184625 -0.5
0.631 0.1845 -0.5
0.63125 0.184375 -0.5
0.6315 0.18425 -0.5
0.63175 0.184125 -0.5
0.632 0.184 -0.5
0.63225 0.183875 -0.5
0.6325 0.18375 -0.5
0.63275 0.183625 -0.5
0.633 0.1835 -0.5
0.63325 0.183375 -0.5
0.6335 0.18325 -0.5
0.63375 0.183125 -0.5
0.634 0.183 -0.5
0.63425 0.182875 -0.5
0.6345 0.18275 -0.5
0.63475 0.182625 -0.5
0.635 0.1825 -0.5
0.63525 0.182375 -0.5
0.6355 0.18225 -0.5
0.63575 0.182125 -0.5
0.636 0.182 -0.5
0.63625 0.181875 -0.5
0.6365 0.18175 -0.5
0.63675 0.181625 -0.5
0.637 0.1815 -0.5
0.63725 0.181375 -0.5
0.6375 0.18125 -0.5
0.63775 0.181125 -0.5
0.638 0.181 -0.5
0.63825 0.180875 -0.5
0.6385 0.18075 -0.5
0.63875 0.180625 -0.5
0.639 0.1805 -0.5
0.63925 0.180375 -0.5
0.6395 0.18025 -0.5
0.63975 0.180125 -0.5
0.64 0.18 -0.5
0.64025 0.179875 -0.5
0.6405 0.17975 -0.5
0.64075 0.179625 -0.5
0.641 0.1795 -0.5
0.64125 0.179375 -0.5
0.6415 0.17925 -0.5
0.64175 0.179125 -0.5
0.642 0.179 -0.5
0.64225 0.178875 -0.5
0.6425 0.17875 -0.5
0.64275 0.178625 -0.5
0.643 0.1785 -0.5
0.64325 0.178375 -0.5
0.6435 0.17825 -0.5
0.64375 0.178125 -0.5
0.644 0.178 -0.5
0.64425 0.177875 -0.5
0.6445 0.17775 -0.5
0.64475 0.177625 -0.5
0.645 0.1775 -0.5
0.64525 0.177375 -0.5
0.6455 0.17725 -0.5
0.64575 0.177125 -0.5
0.646 0.177 -0.5
0.64625 0.176875 -0.5
0.6465 0.17675 -0.5
0.64675 0.176625 -0.5
0.647 0.1765 -0.5
0.64725 0.176375 -0.5
0.6475 0.17625 -0.5
0.64775 0.176125 -0.5
0.648 0.176 -0.5
0.64825 0.175875 -0.5
0.6485 0.17575 -0.5
0.64875 0.175625 -0.5
0.649 0.1755 -0.5
0.64925 0.175375 -0.5
0.6495 0.17525 -0.5
0.64975 0.175125 -0.5
0.65 0.175 -0.5
0.65025 0.174875 -0.5
0.6505 0.17475 -0.5
0.65075 0.174625 -0.5
0.651 0.1745 -0.5
0.65125 0.174375 -0.5
0.6515 0.17425 -0.5
0.65175 0.174125 -0.5
0.652 0.174 -0.5
0.65225 0.173875 -0.5
0.6525 0.17375 -0.5
0.65275 0.173625 -0.5
0.653 0.1735 -0.5
0.65325 0.173375 -0.5
0.6535 0.17325 -0.5
0.65375 0.173125 -0.5
0.654 0.173 -0.5
0.65425 0.172875 -0.5
0.6545 0.17275 -0.5
0.65475 0.172625 -0.5
0.655 0.1725 -0.5
0.65525 0.172375 -0.5
0.6555 0.17225 -0.5
0.65575 0.172125 -0.5
0.656 0.172 -0.5
0.65625 0.171875 -0.5
0.6565 0.17175 -0.5
0.65675 0.171625 -0.5
0.657 0.1715 -0.5
0.65725 0.171375 -0.5
0.6575 0.17125 -0.5
0.65775 0.171125 -0.5
0.658 0.171 -0.5
0.65825 0.170875 -0.5
0.6585 0.17075 -0.5
0.65875 0.170625 -0.5
0.659 0.1705 -0.5
0.65925 0.170375 -0.5
0.6595 0.17025 -0.5
0.65975 0.170125 -0.5
0.66 0.17 -0.5
0.66025 0.169875 -0.5
0.6605 0.16975 -0.5
0.66075 0.169625 -0.5
0.661 0.1695 -0.5
0.66125 0.169375 -0.5
0.6615 0.16925 -0.5
0.66175 0.169125 -0.5
0.662 0.169 -0.5
0.66225 0.168875 -0.5
0.6625 0.16875 -0.5
0.66275 0.168625 -0.5
0.663 0.1685 -0.5
0.66325 0.168375 -0.5
0.6635 0.16825 -0.5
0.66375 0.168125 -0.5
0.664 0.168 -0.5
0.66425 0.167875 -0.5
0.6645 0.16775 -0.5
0.66475 0.167625 -0.5
0.665 0.1675 -0.5
0.66525 0.167375 -0.5
0.6655 0.16725 -0.5
0.66575 0.167125 -0.5
0.666 0.167 -0.5
0.66625 0.166875 -0.5
0.6665 0.16675 -0.5
0.66675 0.166625 -0.5
0.667 0.1665 -0.5
0.66725 0.166375 -0.5
0.6675 0.16625 -0.5
0.66775 0.166125 -0.5
0.668 0.166 -0.5
0.66825 0.165875 -0.5
0.6685 0.16575 -0.5
0.66875 0.165625 -0.5
0.669 0.1655 -0.5
0.66925 0.165375 -0.5
0.6695 0.16525 -0.5
0.66975 0.165125 -0.5
0.67 0.165 -0.5
0.67025 0.164875 -0.5
0.6705 0.16475 -0.5
0.67075 0.164625 -0.5
0.671 0.1645 -0.5
0.67125 0.164375 -0.5
0.6715 0.16425 -0.5
0.67175 0.164125 -0.5
0.672 0.164 -0.5
0.67225 0.163875 -0.5
0.6725 0.16375 -0.5
0.67275 0.163625 -0.5
0.673 0.1635 -0.5
0.67325 0.163375 -0.5
0.6735 0.16325 -0.5
0.67375 0.163125 -0.5
0.674 0.163 -0.5
0.67425 0.162875 -0.5
0.6745 0.16275 -0.5
0.67475 0.162625 -0.5
0.675 0.1625 -0.5
0.67525 0.162375 -0.5
0.6755 0.16225 -0.5
0.67575 0.162125 -0.5
0.676 0.162 -0.5
0.67625 0.161875 -0.5
0.6765 0.16175 -0.5
0.67675 0.161625 -0.5
0.677 0.1615 -0.5
0.67725 0.161375 -0.5
0.6775 0.16125 -0.5
0.67775 0.161125 -0.5
0.678 0.161 -0.5
0.67825 0.160875 -0.5
0.6785 0.16075 -0.5
0.67875 0.160625 -0.5
0.679 0.1605 -0.5
0.67925 0.160375 -0.5
0.6795 0.16025 -0.5
0.67975 0.160125 -0.5
0.68 0.16 -0.5
0.68025 0.159875 -0.5
0.6805 0.15975 -0.5
0.68075 0.159625 -0.5
0.681 0.1595 -0.5
0.68125 0.159375 -0.5
0.6815 0.15925 -0.5
0.68175 0.159125 -0.5
0.682 0.159 -0.5
0.68225 0.158875 -0.5
0.6825 0.15875 -0.5
0.68275 0.158625 -0.5
0.683 0.1585 -0.5
0.68325 0.158375 -0.5
0.6835 0.15825 -0.5
0.68375 0.158125 -0.5
0.684 0.158 -0.5
0.68425 0.157875 -0.5
0.6845 0.15775 -0.5
0.68475 0.157625 -0.5
0.685 0.1575 -0.5
0.68525 0.157375 -0.5
0.6855 0.15725 -0.5
0.68575 0.157125 -0.5
0.686 0.157 -0.5
0.68625 0.156875 -0.5
0.6865 0.15675 -0.5
0.68675 0.156625 -0.5
0.687 0.1565 -0.5
0.68725 0.156375 -0.5
0.6875 0.15625 -0.5
0.68775 0.156125 -0.5
0.688 0.156 -0.5
0.68825 0.155875 -0.5
0.6885 0.15575 -0.5
0.68875 0.155625 -0.5
0.689 0.1555 -0.5
0.68925 0.155375 -0.5
0.6895 0.15525 -0.5
0.68975 0.155125 -0.5
0.69 0.155 -0.5
0.69025 0.154875 -0.5
0.6905 0.15475 -0.5
0.69075 0.154625 -0.5
0.691 0.1545 -0.5
0.69125 0.154375 -0.5
0.6915 0.15425 -0.5
0.69175 0.154125 -0.5
0.692 0.154 -0.5
0.69225 0.153875 -0.5
0.6925 0.15375 -0.5
0.69275 0.153625 -0.5
0.693 0.1535 -0.5
0.69325 0.153375 -0.5
0.6935 0.15325 -0.5
0.69375 0.153125 -0.5
0.694 0.153 -0.5
0.69425 0.152875 -0.5
0.6945 0.15275 -0.5
0.69475 0.152625 -0.5
0.695 0.1525 -0.5
0.69525 0.152375 -0.5
0.6955 0.15225 -0.5
0.69575 0.152125 -0.5
0.696 0.152 -0.5
0.69625 0.151875 -0.5
0.6965 0.15175 -0.5
0.69675 0.151625 -0.5
0.697 0.1515 -0.5
0.69725 0.151375 -0.5
0.6975 0.15125 -0.5
0.69775 0.151125 -0.5
0.698 0.151 -0.5
0.69825 0.150875 -0.5
0.6985 0.15075 -0.5
0.69875 0.150625 -0.5
0.699 0.1505 -0.5
0.69925 0.150375 -0.5
0.6995 0.15025 -0.5
0.69975 0.150125 -0.5
0.7 0.15 -0.5
0.70025 0.149875 -0.5
0.7005 0.14975 -0.5
0.70075 0.149625 -0.5
0.701 0.1495 -0.5
0.70125 0.149375 -0.5
0.7015 0.14925 -0.5
0.70175 0.149125 -0.5
0.702 0.149 -0.5
0.70225 0.148875 -0.5
0.7025 0.14875 -0.5
0.70275 0.148625 -0.5
0.703 0.1485 -0.5
0.70325 0.148375 -0.5
0.7035 0.14825 -0.5
0.70375 0.148125 -0.5
0.704 0.148 -0.5
0.70425 0.147875 -0.5
0.7045 0.14775 -0.5
0.70475 0.147625 -0.5
0.705 0.1475 -0.5
0.70525 0.147375 -0.5
0.7055 0.14725 -0.5
0.70575 0.147125 -0.5
0.706 0.147 -0.5
0.70625 0.146875 -0.5
0.7065 0.14675 -0.5
0.70675 0.146625 -0.5
0.707 0.1465 -0.5
0.70725 0.146375 -0.5
0.7075 0.14625 -0.5
0.70775 0.146125 -0.5
0.708 0.146 -0.5
0.70825 0.145875 -0.5
0.7085 0.14575 -0.5
0.70875 0.145625 -0.5
0.709 0.1455 -0.5
0.70925 0.145375 -0.5
0.7095 0.14525 -0.5
0.70975 0.145125 -0.5
0.71 0.145 -0.5
0.71025 0.144875 -0.5
0.7105 0.14475 -0.5
0.71075 0.144625 -0.5
0.711 0.1445 -0.5
0.71125 0.144375 -0.5
0.7115 0.14425 -0.5
0.71175 0.144125 -0.5
0.712 0.144 -0.5
0.71225 0.143875 -0.5
0.7125 0.14375 -0.5
0.71275 0.143625 -0.5
0.713 0.1435 -0.5
0.71325 0.143375 -0.5
0.7135 0.14325 -0.5
0.71375 0.143125 -0.5
0.714 0.143 -0.5
0.71425 0.142875 -0.5
0.7145 0.14275 -0.5
0.71475 0.142625 -0.5
0.715 0.1425 -0.5
0.71525 0.142375 -0.5
0.7155 0.14225 -0.5
0.71575 0.142125 -0.5
0.716 0.142 -0.5
0.71625 0.141875 -0.5
0.7165 0.14175 -0.5
0.71675 0.141625 -0.5
0.717 0.1415 -0.5
0.71725 0.141375 -0.5
0.7175 0.14125 -0.5
0.71775 0.141125 -0.5
0.718 0.141 -0.5
0.71825 0.140875 -0.5
0.7185 0.14075 -0.5
0.71875 0.140625 -0.5
0.719 0.1405 -0.5
0.71925 0.140375 -0.5
0.7195 0.14025 -0.5
0.71975 0.140125 -0.5
0.72 0.14 -0.5
0.72025 0.139875 -0.5
0.7205 0.13975 -0.5
0.72075 0.139625 -0.5
0.721 0.1395 -0.5
0.72125 0.139375 -0.5
0.7215 0.13925 -0.5
0.72175 0.139125 -0.5
0.722 0.139 -0.5
0.72225 0.138875 -0.5
0.7225 0.13875 -0.5
0.72275 0.138625 -0.5
0.723 0.1385 -0.5
0.72325 0.138375 -0.5
0.7235 0.13825 -0.5
0.72375 0.138125 -0.5
0.724 0.138 -0.5
0.72425 0.137875 -0.5
0.7245 0.13775 -0.5
0.72475 0.137625 -0.5
0.725 0.1375 -0.5
0.72525 0.137375 -0.5
0.7255 0.13725 -0.5
0.72575 0.137125 -0.5
0.726 0.137 -0.5
0.72625 0.136875 -0.5
0.7265 0.13675 -0.5
0.72675 0.136625 -0.5
0.727 0.1365 -0.5
0.72725 0.136375 -0.5
0.7275 0.13625 -0.5
0.72775 0.136125 -0.5
0.728 0.136 -0.5
0.72825 0.135875 -0.5
0.7285 0.13575 -0.5
0.72875 0.135625 -0.5
0.729 0.1355 -0.5
0.72925 0.135375 -0.5
0.7295 0.13525 -0.5
0.72975 0.135125 -0.5
0.73 0.135 -0.5
0.73025 0.134875 -0.5
0.7305 0.13475 -0.5
0.73075 0.134625 -0.5
0.731 0.1345 -0.5
0.73125 0.134375 -0.5
0.7315 0.13425 -0.5
0.73175 0.134125 -0.5
0.732 0.134 -0.5
0.73225 0.133875 -0.5
0.7325 0.13375 -0.5
0.73275 0.133625 -0.5
0.733 0.1335 -0.5
0.73325 0.133375 -0.5
0.7335 0.13325 -0.5
0.73375 0.133125 -0.5
0.734 0.133 -0.5
0.73425 0.132875 -0.5
0.7345 0.13275 -0.5
0.73475 0.132625 -0.5
0.735 0.1325 -0.5
0.73525 0.132375 -0.5
0.7355 0.13225 -0.5
0.73575 0.132125 -0.5
0.736 0.132 -0.5
0.73625 0.131875 -0.5
0.7365 0.13175 -0.5
0.73675 0.131625 -0.5
0.737 0.1315 -0.5
0.73725 0.131375 -0.5
0.7375 0.13125 -0.5
0.73775 0.131125 -0.5
0.738 0.131 -0.5
0.73825 0.130875 -0.5
0.7385 0.13075 -0.5
0.73875 0.130625 -0.5
0.739 0.1305 -0.5
0.73925 0.130375 -0.5
0.7395 0.13025 -0.5
0.73975 0.130125 -0.5
0.74 0.13 -0.5
0.74025 0.129875 -0.5
0.7405 0.12975 -0.5
0.74075 0.129625 -0.5
0.741 0.1295 -0.5
0.74125 0.129375 -0.5
0.7415 0.12925 -0.5
0.74175 0.129125 -0.5
0.742 0.129 -0.5
0.74225 0.128875 -0.5
0.7425 0.12875 -0.5
0.74275 0.128625 -0.5
0.743 0.1285 -0.5
0.74325 0.128375 -0.5
0.7435 0.12825 -0.5
0.74375 0.128125 -0.5
0.744 0.128 -0.5
0.74425 0.127875 -0.5
0.7445 0.12775 -0.5
0.74475 0.127625 -0.5
0.745 0.1275 -0.5
0.74525 0.127375 -0.5
0.7455 0.12725 -0.5
0.74575 0.127125 -0.5
0.746 0.127 -0.5
0.74625 0.126875 -0.5
0.7465 0.12675 -0.5
0.74675 0.126625 -0.5
0.747 0.1265 -0.5
0.74725 0.126375 -0.5
0.7475 0.12625 -0.5
0.74775 0.126125 -0.5
0.748 0.126 -0.5
0.74825 0.125875 -0.5
0.7485 0.12575 -0.5
0.74875 0.125625 -0.5
0.749 0.1255 -0.5
0.74925 0.125375 -0.5
0.7495 0.12525 -0.5
0.74975 0.125125 -0.5
0.75 0.125 -0.5
0.75025 0.124875 -0.5
0.7505 0.12475 -0.5
0.75075 0.124625 -0.5
0.751 0.1245 -0.5
0.75125 0.124375 -0.5
0.7515 0.12425 -0.5
0.75175 0.124125 -0.5
0.752 0.124 -0.5
0.75225 0.123875 -0.5
0.7525 0.12375 -0.5
0.75275 0.123625 -0.5
0.753 0.1235 -0.5
0.75325 0.123375 -0.5
0.7535 0.12325 -0.5
0.75375 0.123125 -0.5
0.754 0.123 -0.5
0.75425 0.122875 -0.5
0.7545 0.12275 -0.5
0.75475 0.122625 -0.5
0.755 0.1225 -0.5
0.75525 0.122375 -0.5
0.7555 0.12225 -0.5
0.75575 0.122125 -0.5
0.756 0.122 -0.5
0.75625 0.121875 -0.5
0.7565 0.12175 -0.5
0.75675 0.121625 -0.5
0.757 0.1215 -0.5
0.75725 0.121375 -0.5
0.7575 0.12125 -0.5
0.75775 0.121125 -0.5
0.758 0.121 -0.5
0.75825 0.120875 -0.5
0.7585 0.12075 -0.5
0.75875 0.120625 -0.5
0.759 0.1205 -0.5
0.75925 0.120375 -0.5
0.7595 0.12025 -0.5
0.75975 0.120125 -0.5
0.76 0.12 -0.5
0.76025 0.119875 -0.5
0.7605 0.11975 -0.5
0.76075 0.119625 -0.5
0.761 0.1195 -0.5
0.76125 0.119375 -0.5
0.7615 0.11925 -0.5
0.76175 0.119125 -0.5
0.762 0.119 -0.5
0.76225 0.118875 -0.5
0.7625 0.11875 -0.5
0.76275 0.118625 -0.5
0.763 0.1185 -0.5
0.76325 0.118375 -0.5
0.7635 0.11825 -0.5
0.76375 0.118125 -0.5
0.764 0.118 -0.5
0.76425 0.117875 -0.5
0.7645 0.11775 -0.5
0.76475 0.117625 -0.5
0.765 0.1175 -0.5
0.76525 0.117375 -0.5
0.7655 0.11725 -0.5
0.76575 0.117125 -0.5
0.766 0.117 -0.5
0.76625 0.116875 -0.5
0.7665 0.11675 -0.5
0.76675 0.116625 -0.5
0.767 0.1165 -0.5
0.76725 0.116375 -0.5
0.7675 0.11625 -0.5
0.76775 0.116125 -0.5
0.768 0.116 -0.5
0.76825 0.115875 -0.5
0.7685 0.11575 -0.5
0.76875 0.115625 -0.5
0.769 0.1155 -0.5
0.76925 0.115375 -0.5
0.7695 0.11525 -0.5
0.76975 0.115125 -0.5
0.77 0.115 -0.5
0.77025 0.114875 -0.5
0.7705 0.11475 -0.5
0.77075 0.114625 -0.5
0.771 0.1145 -0.5
0.77125 0.114375 -0.5
0.7715 0.11425 -0.5
0.77175 0.114125 -0.5
0.772 0.114 -0.5
0.77225 0.113875 -0.5
0.7725 0.11375 -0.5
0.77275 0.113625 -0.5
0.773 0.1135 -0.5
0.77325 0.113375 -0.5
0.7735 0.11325 -0.5
0.77375 0.113125 -0.5
0.774 0.113 -0.5
0.77425 0.112875 -0.5
0.7745 0.11275 -0.5
0.77475 0.112625 -0.5
0.775 0.1125 -0.5
0.77525 0.112375 -0.5
0.7755 0.11225 -0.5
0.77575 0.112125 -0.5
0.776 0.112 -0.5
0.77625 0.111875 -0.5
0.7765 0.11175 -0.5
0.77675 0.111625 -0.5
0.777 0.1115 -0.5
0.77725 0.111375 -0.5
0.7775 0.11125 -0.5
0.77775 0.111125 -0.5
0.778 0.111 -0.5
0.77825 0.110875 -0.5
0.7785 0.11075 -0.5
0.77875 0.110625 -0.5
0.779 0.1105 -0.5
0.77925 0.110375 -0.5
0.7795 0.11025 -0.5
0.77975 0.110125 -0.5
0.78 0.11 -0.5
0.78025 0.109875 -0.5
0.7805 0.10975 -0.5
0.78075 0.109625 -0.5
0.781 0.1095 -0.5
0.78125 0.109375 -0.5
0.7815 0.10925 -0.5
0.78175 0.109125 -0.5
0.782 0.109 -0.5
0.78225 0.108875 -0.5
0.7825 0.10875 -0.5
0.78275 0.108625 -0.5
0.783 0.1085 -0.5
0.78325 0.108375 -0.5
0.7835 0.10825 -0.5
0.78375 0.108125 -0.5
0.784 0.108 -0.5
0.78425 0.107875 -0.5
0.7845 0.10775 -0.5
0.78475 0.107625 -0.5
0.785 0.1075 -0.5
0.78525 0.107375 -0.5
0.7855 0.10725 -0.5
0.78575 0.107125 -0.5
0.786 0.107 -0.5
0.78625 0.106875 -0.5
0.7865 0.10675 -0.5
0.78675 0.106625 -0.5
0.787 0.1065 -0.5
0.78725 0.106375 -0.5
0.7875 0.10625 -0.5
0.78775 0.106125 -0.5
0.788 0.106 -0.5
0.78825 0.105875 -0.5
0.7885 0.10575 -0.5
0.78875 0.105625 -0.5
0.789 0.1055 -0.5
0.78925 0.105375 -0.5
0.7895 0.10525 -0.5
0.78975 0.105125 -0.5
0.79 0.105 -0.5
0.79025 0.104875 -0.5
0.7905 0.10475 -0.5
0.79075 0.104625 -0.5
0.791 0.1045 -0.5
0.79125 0.104375 -0.5
0.7915 0.10425 -0.5
0.79175 0.104125 -0.5
0.792 0.104 -0.5
0.79225 0.103875 -0.5
0.7925 0.10375 -0.5
0.79275 0.103625 -0.5
0.793 0.1035 -0.5
0.79325 0.103375 -0.5
0.7935 0.10325 -0.5
0.79375 0.103125 -0.5
0.794 0.103 -0.5
0.79425 0.102875 -0.5
0.7945 0.10275 -0.5
0.79475 0.102625 -0.5
0.795 0.1025 -0.5
0.79525 0.102375 -0.5
0.7955 0.10225 -0.5
0.79575 0.102125 -0.5
0.796 0.102 -0.5
0.79625 0.101875 -0.5
0.7965 0.10175 -0.5
0.79675 0.101625 -0.5
0.797 0.1015 -0.5
0.79725 0.101375 -0.5
0.7975 0.10125 -0.5
0.79775 0.101125 -0.5
0.798 0.101 -0.5
0.79825 0.100875 -0.5
0.7985 0.10075 -0.5
0.79875 0.100625 -0.5
0.799 0.1005 -0.5
0.79925 0.100375 -0.5
0.7995 0.10025 -0.5
0.79975 0.100125 -0.5
0.8 0.1 -0.5
0.80025 0.099875 -0.5
0.8005 0.09975 -0.5
0.80075 0.099625 -0.5
0.801 0.0995 -0.5
0.80125 0.099375 -0.5
0.8015 0.09925 -0.5
0.80175 0.099125 -0.5
0.802 0.099 -0.5
0.80225 0.098875 -0.5
0.8025 0.09875 -0.5
0.80275 0.098625 -0.5
0.803 0.0985 -0.5
0.80325 0.098375 -0.5
0.8035 0.09825 -0.5
0.80375 0.098125 -0.5
0.804 0.098 -0.5
0.80425 0.097875 -0.5
0.8045 0.09775 -0.5
0.80475 0.097625 -0.5
0.805 0.0975 -0.5
0.80525 0.097375 -0.5
0.8055 0.09725 -0.5
0.80575 0.097125 -0.5
0.806 0.097 -0.5
0.80625 0.096875 -0.5
0.8065 0.09675 -0.5
0.80675 0.096625 -0.5
0.807 0.0965 -0.5
0.80725 0.096375 -0.5
0.8075 0.09625 -0.5
0.80775 0.096125 -0.5
0.808 0.096 -0.5
0.80825 0.095875 -0.5
0.8085 0.09575 -0.5
0.80875 0.095625 -0.5
0.809 0.0955 -0.5
0.80925 0.095375 -0.5
0.8095 0.09525 -0.5
0.80975 0.095125 -0.5
0.81 0.095 -0.5
0.81025 0.094875 -0.5
0.8105 0.09475 -0.5
0.81075 0.094625 -0.5
0.811 0.0945 -0.5
0.81125 0.094375 -0.5
0.8115 0.09425 -0.5
0.81175 0.094125 -0.5
0.812 0.094 -0.5
0.81225 0.093875 -0.5
0.8125 0.09375 -0.5
0.81275 0.093625 -0.5
0.813 0.0935 -0.5
0.81325 0.093375 -0.5
0.8135 0.09325 -0.5
0.81375 0.093125 -0.5
0.814 0.093 -0.5
0.81425 0.092875 -0.5
0.8145 0.09275 -0.5
0.81475 0.092625 -0.5
0.815 0.0925 -0.5
0.81525 0.092375 -0.5
0.8155 0.09225 -0.5
0.81575 0.092125 -0.5
0.816 0.092 -0.5
0.81625 0.091875 -0.5
0.8165 0.09175 -0.5
0.81675 0.091625 -0.5
0.817 0.0915 -0.5
0.81725 0.091375 -0.5
0.8175 0.09125 -0.5
0.81775 0.091125 -0.5
0.818 0.091 -0.5
0.81825 0.090875 -0.5
0.8185 0.09075 -0.5
0.81875 0.090625 -0.5
0.819 0.0905 -0.5
0.81925 0.090375 -0.5
0.8195 0.09025 -0.5
0.81975 0.090125 -0.5
0.82 0.09 -0.5
0.82025 0.089875 -0.5
0.8205 0.08975 -0.5
0.82075 0.089625 -0.5
0.821 0.0895 -0.5
0.82125 0.089375 -0.5
0.8215 0.08925 -0.5
0.82175 0.089125 -0.5
0.822 0.089 -0.5
0.82225 0.088875 -0.5
0.8225 0.08875 -0.5
0.82275 0.088625 -0.5
0.823 0.0885 -0.5
0.82325 0.088375 -0.5
0.8235 0.08825 -0.5
0.82375 0.088125 -0.5
0.824 0.088 -0.5
0.82425 0.087875 -0.5
0.8245 0.08775 -0.5
0.82475 0.087625 -0.5
0.825 0.0875 -0.5
0.82525 0.087375 -0.5
0.8255 0.08725 -0.5
0.82575 0.087125 -0.5
0.826 0.087 -0.5
0.82625 0.086875 -0.5
0.8265 0.08675 -0.5
0.82675 0.086625 -0.5
0.827 0.0865 -0.5
0.82725 0.086375 -0.5
0.8275 0.08625 -0.5
0.82775 0.086125 -0.5
0.828 0.086 -0.5
0.82825 0.085875 -0.5
0.8285 0.08575 -0.5
0.82875 0.085625 -0.5
0.829 0.0855 -0.5
0.82925 0.085375 -0.5
0.8295 0.08525 -0.5
0.82975 0.085125 -0.5
0.83 0.085 -0.5
0.83025 0.084875 -0.5
0.8305 0.08475 -0.5
0.83075 0.084625 -0.5
0.831 0.0845 -0.5
0.83125 0.084375 -0.5
0.8315 0.08425 -0.5
0.83175 0.084125 -0.5
0.832 0.084 -0.5
0.83225 0.083875 -0.5
0.8325 0.08375 -0.5
0.83275 0.083625 -0.5
0.833 0.0835 -0.5
0.83325 0.083375 -0.5
0.8335 0.08325 -0.5
0.83375 0.083125 -0.5
0.834 0.083 -0.5
0.83425 0.082875 -0.5
0.8345 0.08275 -0.5
0.83475 0.082625 -0.5
0.835 0.0825 -0.5
0.83525 0.082375 -0.5
0.8355 0.08225 -0.5
0.83575 0.082125 -0.5
0.836 0.082 -0.5
0.83625 0.081875 -0.5
0.8365 0.08175 -0.5
0.83675 0.081625 -0.5
0.837 0.0815 -0.5
0.83725 0.081375 -0.5
0.8375 0.08125 -0.5
0.83775 0.081125 -0.5
0.838 0.081 -0.5
0.83825 0.080875 -0.5
0.8385 0.08075 -0.5
0.83875 0.080625 -0.5
0.839 0.0805 -0.5
0.83925 0.080375 -0.5
0.8395 0.08025 -0.5
0.83975 0.080125 -0.5
0.84 0.08 -0.5
0.84025 0.079875 -0.5
0.8405 0.07975 -0.5
0.84075 0.079625 -0.5
0.841 0.0795 -0.5
0.84125 0.079375 -0.5
0.8415 0.07925 -0.5
0.84175 0.079125 -0.5
0.842 0.079 -0.5
0.84225 0.078875 -0.5
0.8425 0.07875 -0.5
0.84275 0.078625 -0.5
0.843 0.0785 -0.5
0.84325 0.078375 -0.5
0.8435 0.07825 -0.5
0.84375 0.078125 -0.5
0.844 0.078 -0.5
0.84425 0.077875 -0.5
0.8445 0.07775 -0.5
0.84475 0.077625 -0.5
0.845 0.0775 -0.5
0.84525 0.077375 -0.5
0.8455 0.07725 -0.5
0.84575 0.077125 -0.5
0.846 0.077 -0.5
0.84625 0.076875 -0.5
0.8465 0.07675 -0.5
0.84675 0.076625 -0.5
0.847 0.0765 -0.5
0.84725 0.076375 -0.5
0.8475 0.07625 -0.5
0.84775 0.076125 -0.5
0.848 0.076 -0.5
0.84825 0.075875 -0.5
0.8485 0.07575 -0.5
0.84875 0.075625 -0.5
0.849 0.0755 -0.5
0.84925 0.075375 -0.5
0.8495 0.07525 -0.5
0.84975 0.075125 -0.5
0.85 0.075 -0.5
0.85025 0.074875 -0.5
0.8505 0.07475 -0.5
0.85075 0.074625 -0.5
0.851 0.0745 -0.5
0.85125 0.074375 -0.5
0.8515 0.07425 -0.5
0.85175 0.074125 -0.5
0.852 0.074 -0.5
0.85225 0.073875 -0.5
0.8525 0.07375 -0.5
0.85275 0.073625 -0.5
0.853 0.0735 -0.5
0.85325 0.073375 -0.5
0.8535 0.07325 -0.5
0.85375 0.073125 -0.5
0.854 0.073 -0.5
0.85425 0.072875 -0.5
0.8545 0.07275 -0.5
0.85475 0.072625 -0.5
0.855 0.0725 -0.5
0.85525 0.072375 -0.5
0.8555 0.07225 -0.5
0.85575 0.072125 -0.5
0.856 0.072 -0.5
0.85625 0.071875 -0.5
0.8565 0.07175 -0.5
0.85675 0.071625 -0.5
0.857 0.0715 -0.5
0.85725 0.071375 -0.5
0.8575 0.07125 -0.5
0.85775 0.071125 -0.5
0.858 0.071 -0.5
0.85825 0.070875 -0.5
0.8585 0.07075 -0.5
0.85875 0.070625 -0.5
0.859 0.0705 -0.5
0.85925 0.070375 -0.5
0.8595 0.07025 -0.5
0.85975 0.070125 -0.5
0.86 0.07 -0.5
0.86025 0.069875 -0.5
0.8605 0.06975 -0.5
0.86075 0.069625 -0.5
0.861 0.0695 -0.5
0.86125 0.069375 -0.5
0.8615 0.06925 -0.5
0.86175 0.069125 -0.5
0.862 0.069 -0.5
0.86225 0.068875 -0.5
0.8625 0.06875 -0.5
0.86275 0.068625 -0.5
0.863 0.0685 -0.5
0.86325 0.068375 -0.5
0.8635 0.06825 -0.5
0.86375 0.068125 -0.5
0.864 0.068 -0.5
0.86425 0.067875 -0.5
0.8645 0.06775 -0.5
0.86475 0.067625 -0.5
0.865 0.0675 -0.5
0.86525 0.067375 -0.5
0.8655 0.06725 -0.5
0.86575 0.067125 -0.5
0.866 0.067 -0.5
0.86625 0.066875 -0.5
0.8665 0.06675 -0.5
0.86675 0.066625 -0.5
0.867 0.0665 -0.5
0.86725 0.066375 -0.5
0.8675 0.06625 -0.5
0.86775 0.066125 -0.5
0.868 0.066 -0.5
0.86825 0.065875 -0.5
0.8685 0.06575 -0.5
0.86875 0.065625 -0.5
0.869 0.0655 -0.5
0.86925 0.065375 -0.5
0.8695 0.06525 -0.5
0.86975 0.065125 -0.5
0.87 0.065 -0.5
0.87025 0.064875 -0.5
0.8705 0.06475 -0.5
0.87075 0.064625 -0.5
0.871 0.0645 -0.5
0.87125 0.064375 -0.5
0.8715 0.06425 -0.5
0.87175 0.064125 -0.5
0.872 0.064 -0.5
0.87225 0.063875 -0.5
0.8725 0.06375 -0.5
0.87275 0.063625 -0.5
0.873 0.0635 -0.5
0.87325 0.063375 -0.5
0.8735 0.06325 -0.5
0.87375 0.063125 -0.5
0.874 0.063 -0.5
0.87425 0.062875 -0.5
0.8745 0.06275 -0.5
0.87475 0.062625 -0.5
0.875 0.0625 -0.5
0.87525 0.062375 -0.5
0.8755 0.06225 -0.5
0.87575 0.062125 -0.5
0.876 0.062 -0.5
0.87625 0.061875 -0.5
0.8765 0.06175 -0.5
0.87675 0.061625 -0.5
0.877 0.0615 -0.5
0.87725 0.061375 -0.5
0.8775 0.06125 -0.5
0.87775 0.061125 -0.5
0.878 0.061 -0.5
0.87825 0.060875 -0.5
0.8785 0.06075 -0.5
0.87875 0.060625 -0.5
0.879 0.0605 -0.5
0.87925 0.060375 -0.5
0.8795 0.06025 -0.5
0.87975 0.060125 -0.5
0.88 0.06 -0.5
0.88025 0.059875 -0.5
0.8805 0.05975 -0.5
0.88075 0.059625 -0.5
0.881 0.0595 -0.5
0.88125 0.059375 -0.5
0.8815 0.05925 -0.5
0.88175 0.059125 -0.5
0.882 0.059 -0.5
0.88225 0.058875 -0.5
0.8825 0.05875 -0.5
0.88275 0.058625 -0.5
0.883 0.0585 -0.5
0.88325 0.058375 -0.5
0.8835 0.05825 -0.5
0.88375 0.058125 -0.5
0.884 0.058 -0.5
0.88425 0.057875 -0.5
0.8845 0.05775 -0.5
0.88475 0.057625 -0.5
0.885 0.0575 -0.5
0.88525 0.057375 -0.5
0.8855 0.05725 -0.5
0.88575 0.057125 -0.5
0.886 0.057 -0.5
0.88625 0.056875 -0.5
0.8865 0.05675 -0.5
0.88675 0.056625 -0.5
0.887 0.0565 -0.5
0.88725 0.056375 -0.5
0.8875 0.05625 -0.5
0.88775 0.056125 -0.5
0.888 0.056 -0.5
0.88825 0.055875 -0.5
0.8885 0.05575 -0.5
0.88875 0.055625 -0.5
0.889 0.0555 -0.5
0.88925 0.055375 -0.5
0.8895 0.05525 -0.5
0.88975 0.055125 -0.5
0.89 0.055 -0.5
0.89025 0.054875 -0.5
0.8905 0.05475 -0.5
0.89075 0.054625 -0.5
0.891 0.0545 -0.5
0.89125 0.054375 -0.5
0.8915 0.05425 -0.5
0.89175 0.054125 -0.5
0.892 0.054 -0.5
0.89225 0.053875 -0.5
0.8925 0.05375 -0.5
0.89275 0.053625 -0.5
0.893 0.0535 -0.5
0.89325 0.053375 -0.5
0.8935 0.05325 -0.5
0.89375 0.053125 -0.5
0.894 0.053 -0.5
0.89425 0.052875 -0.5
0.8945 0.05275 -0.5
0.89475 0.052625 -0.5
0.895 0.0525 -0.5
0.89525 0.052375 -0.5
0.8955 0.05225 -0.5
0.89575 0.052125 -0.5
0.896 0.052 -0.5
0.89625 0.051875 -0.5
0.8965 0.05175 -0.5
0.89675 0.051625 -0.5
0.897 0.0515 -0.5
0.89725 0.051375 -0.5
0.8975 0.05125 -0.5
0.89775 0.051125 -0.5
0.898 0.051 -0.5
0.89825 0.050875 -0.5
0.8985 0.05075 -0.5
0.89875 0.050625 -0.5
0.899 0.0505 -0.5
0.89925 0.050375 -0.5
0.8995 0.05025 -0.5
0.89975 0.050125 -0.5
0.9 0.05 -0.5
0.90025 0.049875 -0.5
0.9005 0.04975 -0.5
0.90075 0.049625 -0.5
0.901 0.0495 -0.5
0.90125 0.049375 -0.5
0.9015 0.04925 -0.5
0.90175 0.049125 -0.5
0.902 0.049 -0.5
0.90225 0.048875 -0.5
0.9025 0.04875 -0.5
0.90275 0.048625 -0.5
0.903 0.0485 -0.5
0.90325 0.048375 -0.5
0.9035 0.04825 -0.5
0.90375 0.048125 -0.5
0.904 0.048 -0.5
0.90425 0.047875 -0.5
0.9045 0.04775 -0.5
0.90475 0.047625 -0.5
0.905 0.0475 -0.5
0.90525 0.047375 -0.5
0.9055 0.04725 -0.5
0.90575 0.047125 -0.5
0.906 0.047 -0.5
0.90625 0.046875 -0.5
0.9065 0.04675 -0.5
0.90675 0.046625 -0.5
0.907 0.0465 -0.5
0.90725 0.046375 -0.5
0.9075 0.04625 -0.5
0.90775 0.046125 -0.5
0.908 0.046 -0.5
0.90825 0.045875 -0.5
0.9085 0.04575 -0.5
0.90875 0.045625 -0.5
0.909 0.0455 -0.5
0.90925 0.045375 -0.5
0.9095 0.04525 -0.5
0.90975 0.045125 -0.5
0.91 0.045 -0.5
0.91025 0.044875 -0.5
0.9105 0.04475 -0.5
0.91075 0.044625 -0.5
0.911 0.0445 -0.5
0.91125 0.044375 -0.5
0.9115 0.04425 -0.5
0.91175 0.044125 -0.5
0.912 0.044 -0.5
0.91225 0.043875 -0.5
0.9125 0.04375 -0.5
0.91275 0.043625 -0.5
0.913 0.0435 -0.5
0.91325 0.043375 -0.5
0.9135 0.04325 -0.5
0.91375 0.043125 -0.5
0.914 0.043 -0.5
0.91425 0.042875 -0.5
0.9145 0.04275 -0.5
0.91475 0.042625 -0.5
0.915 0.0425 -0.5
0.91525 0.042375 -0.5
0.9155 0.04225 -0.5
0.91575 0.042125 -0.5
0.916 0.042 -0.5
0.91625 0.041875 -0.5
0.9165 0.04175 -0.5
0.91675 0.041625 -0.5
0.917 0.0415 -0.5
0.91725 0.041375 -0.5
0.9175 0.04125 -0.5
0.91775 0.041125 -0.5
0.918 0.041 -0.5
0.91825 0.040875 -0.5
0.9185 0.04075 -0.5
0.91875 0.040625 -0.5
0.919 0.0405 -0.5
0.91925 0.040375 -0.5
0.9195 0.04025 -0.5
0.91975 0.040125 -0.5
0.92 0.04 -0.5
0.92025 0.039875 -0.5
0.9205 0.03975 -0.5
0.92075 0.039625 -0.5
0.921 0.0395 -0.5
0.92125 0.039375 -0.5
0.9215 0.03925 -0.5
0.92175 0.039125 -0.5
0.922 0.039 -0.5
0.92225 0.038875 -0.5
0.9225 0.03875 -0.5
0.92275 0.038625 -0.5
0.923 0.0385 -0.5
0.92325 0.038375 -0.5
0.9235 0.03825 -0.5
0.92375 0.038125 -0.5
0.924 0.038 -0.5
0.92425 0.037875 -0.5
0.9245 0.03775 -0.5
0.92475 0.037625 -0.5
0.925 0.0375 -0.5
0.92525 0.037375 -0.5
0.9255 0.03725 -0.5
0.92575 0.037125 -0.5
0.926 0.037 -0.5
0.92625 0.036875 -0.5
0.9265 0.03675 -0.5
0.92675 0.036625 -0.5
0.927 0.0365 -0.5
0.92725 0.036375 -0.5
0.9275 0.03625 -0.5
0.92775 0.036125 -0.5
0.928 0.036 -0.5
0.92825 0.035875 -0.5
0.9285 0.03575 -0.5
0.92875 0.035625 -0.5
0.929 0.0355 -0.5
0.92925 0.035375 -0.5
0.9295 0.03525 -0.5
0.92975 0.035125 -0.5
0.93 0.035 -0.5
0.93025 0.034875 -0.5
0.9305 0.03475 -0.5
0.93075 0.034625 -0.5
0.931 0.0345 -0.5
0.93125 0.034375 -0.5
0.9315 0.03425 -0.5
0.93175 0.034125 -0.5
0.932 0.034 -0.5
0.93225 0.033875 -0.5
0.9325 0.03375 -0.5
0.93275 0.033625 -0.5
0.933 0.0335 -0.5
0.93325 0.033375 -0.5
0.9335 0.03325 -0.5
0.93375 0.033125 -0.5
0.934 0.033 -0.5
0.93425 0.032875 -0.5
0.9345 0.03275 -0.5
0.93475 0.032625 -0.5
0.935 0.0325 -0.5
0.93525 0.032375 -0.5
0.9355 0.03225 -0.5
0.93575 0.032125 -0.5
0.936 0.032 -0.5
0.93625 0.031875 -0.5
0.9365 0.03175 -0.5
0.93675 0.031625 -0.5
0.937 0.0315 -0.5
0.93725 0.031375 -0.5
0.9375 0.03125 -0.5
0.93775 0.031125 -0.5
0.938 0.031 -0.5
0.93825 0.030875 -0.5
0.9385 0.03075 -0.5
0.93875 0.030625 -0.5
0.939 0.0305 -0.5
0.93925 0.030375 -0.5
0.9395 0.03025 -0.5
0.93975 0.030125 -0.5
0.94 0.03 -0.5
0.94025 0.029875 -0.5
0.9405 0.02975 -0.5
0.94075 0.029625 -0.5
0.941 0.0295 -0.5
0.94125 0.029375 -0.5
0.9415 0.02925 -0.5
0.94175 0.029125 -0.5
0.942 0.029 -0.5
0.94225 0.028875 -0.5
0.9425 0.02875 -0.5
0.94275 0.028625 -0.5
0.943 0.0285 -0.5
0.94325 0.028375 -0.5
0.9435 0.02825 -0.5
0.94375 0.028125 -0.5
0.944 0.028 -0.5
0.94425 0.027875 -0.5
0.9445 0.02775 -0.5
0.94475 0.027625 -0.5
0.945 0.0275 -0.5
0.94525 0.027375 -0.5
0.9455 0.02725 -0.5
0.94575 0.027125 -0.5
0.946 0.027 -0.5
0.94625 0.026875 -0.5
0.9465 0.02675 -0.5
0.94675 0.026625 -0.5
0.947 0.0265 -0.5
0.94725 0.026375 -0.5
0.9475 0.02625 -0.5
0.94775 0.026125 -0.5
0.948 0.026 -0.5
0.94825 0.025875 -0.5
0.9485 0.02575 -0.5
0.94875 0.025625 -0.5
0.949 0.0255 -0.5
0.94925 0.025375 -0.5
0.9495 0.02525 -0.5
0.94975 0.025125 -0.5
0.95 0.025 -0.5
0.95025 0.024875 -0.5
0.9505 0.02475 -0.5
0.95075 0.024625 -0.5
0.951 0.0245 -0.5
0.95125 0.024375 -0.5
0.9515 0.02425 -0.5
0.95175 0.024125 -0.5
0.952 0.024 -0.5
0.95225 0.023875 -0.5
0.9525 0.02375 -0.5
0.95275 0.023625 -0.5
0.953 0.0235 -0.5
0.95325 0.023375 -0.5
0.9535 0.02325 -0.5
0.95375 0.023125 -0.5
0.954 0.023 -0.5
0.95425 0.022875 -0.5
0.9545 0.02275 -0.5
0.95475 0.022625 -0.5
0.955 0.0225 -0.5
0.95525 0.022375 -0.5
0.9555 0.02225 -0.5
0.95575 0.022125 -0.5
0.956 0.022 -0.5
0.95625 0.021875 -0.5
0.9565 0.02175 -0.5
0.95675 0.021625 -0.5
0.957 0.0215 -0.5
0.95725 0.021375 -0.5
0.9575 0.02125 -0.5
0.95775 0.021125 -0.5
0.958 0.021 -0.5
0.95825 0.020875 -0.5
0.9585 0.02075 -0.5
0.95875 0.020625 -0.5
0.959 0.0205 -0.5
0.95925 0.020375 -0.5
0.9595 0.02025 -0.5
0.95975 0.020125 -0.5
0.96 0.02 -0.5
0.96025 0.019875 -0.5
0.9605 0.01975 -0.5
0.96075 0.019625 -0.5
0.961 0.0195 -0.5
0.96125 0.019375 -0.5
0.9615 0.01925 -0.5
0.96175 0.019125 -0.5
0.962 0.019 -0.5
0.96225 0.018875 -0.5
0.9625 0.01875 -0.5
0.96275 0.018625 -0.5
0.963 0.0185 -0.5
0.96325 0.018375 -0.5
0.9635 0.01825 -0.5
0.96375 0.018125 -0.5
0.964 0.018 -0.5
0.96425 0.017875 -0.5
0.9645 0.01775 -0.5
0.96475 0.017625 -0.5
0.965 0.0175 -0.5
0.96525 0.017375 -0.5
0.9655 0.01725 -0.5
0.96575 0.017125 -0.5
0.966 0.017 -0.5
0.96625 0.016875 -0.5
0.9665 0.01675 -0.5
0.96675 0.016625 -0.5
0.967 0.0165 -0.5
0.96725 0.016375 -0.5
0.9675 0.01625 -0.5
0.96775 0.016125 -0.5
0.968 0.016 -0.5
0.96825 0.015875 -0.5
0.9685 0.01575 -0.5
0.96875 0.015625 -0.5
0.969 0.0155 -0.5
0.96925 0.015375 -0.5
0.9695 0.01525 -0.5
0.96975 0.015125 -0.5
0.97 0.015 -0.5
0.97025 0.014875 -0.5
0.9705 0.01475 -0.5
0.97075 0.014625 -0.5
0.971 0.0145 -0.5
0.97125 0.014375 -0.5
0.9715 0.01425 -0.5
0.97175 0.014125 -0.5
0.972 0.014 -0.5
0.97225 0.013875 -0.5
0.9725 0.01375 -0.5
0.97275 0.013625 -0.5
0.973 0.0135 -0.5
0.97325 0.013375 -0.5
0.9735 0.01325 -0.5
0.97375 0.013125 -0.5
0.974 0.013 -0.5
0.97425 0.012875 -0.5
0.9745 0.01275 -0.5
0.97475 0.012625 -0.5
0.975 0.0125 -0.5
0.97525 0.012375 -0.5
0.9755 0.01225 -0.5
0.97575 0.012125 -0.5
0.976 0.012 -0.5
0.97625 0.011875 -0.5
0.9765 0.01175 -0.5
0.97675 0.011625 -0.5
0.977 0.0115 -0.5
0.97725 0.011375 -0.5
0.9775 0.01125 -0.5
0.97775 0.011125 -0.5
0.978 0.011 -0.5
0.97825 0.010875 -0.5
0.9785 0.01075 -0.5
0.97875 0.010625 -0.5
0.979 0.0105 -0.5
0.97925 0.010375 -0.5
0.9795 0.01025 -0.5
0.97975 0.010125 -0.5
0.98 0.01 -0.5
0.98025 0.009875 -0.5
0.9805 0.00975 -0.5
0.98075 0.009625 -0.5
0.981 0.0095 -0.5
0.98125 0.009375 -0.5
0.9815 0.00925 -0.5
0.98175 0.009125 -0.5
0.982 0.009 -0.5
0.98225 0.008875 -0.5
0.9825 0.00875 -0.5
0.98275 0.008625 -0.5
0.983 0.0085 -0.5
0.98325 0.008375 -0.5
0.9835 0.00825 -0.5
0.98375 0.008125 -0.5
0.984 0.008 -0.5
0.98425 0.007875 -0.5
0.9845 0.00775 -0.5
0.98475 0.007625 -0.5
0.985 0.0075 -0.5
0.98525 0.007375 -0.5
0.9855 0.00725 -0.5
0.98575 0.007125 -0.5
0.986 0.007 -0.5
0.98625 0.006875 -0.5
0.9865 0.00675 -0.5
0.98675 0.006625 -0.5
0.987 0.0065 -0.5
0.98725 0.006375 -0.5
0.9875 0.00625 -0.5
0.98775 0.006125 -0.5
0.988 0.006 -0.5
0.98825 0.005875 -0.5
0.9885 0.00575 -0.5
0.98875 0.005625 -0.5
0.989 0.0055 -0.5
0.98925 0.005375 -0.5
0.9895 0.00525 -0.5
0.98975 0.005125 -0.5
0.99 0.005 -0.5
0.99025 0.004875 -0.5
0.9905 0.00475 -0.5
0.99075 0.004625 -0.5
0.991 0.0045 -0.5
0.99125 0.004375 -0.5
0.9915 0.00425 -0.5
0.99175 0.004125 -0.5
0.992 0.004 -0.5
0.99225 0.003875 -0.5
0.9925 0.00375 -0.5
0.99275 0.003625 -0.5
0.993 0.0035 -0.5
0.99325 0.003375 -0.5
0.9935 0.00325 -0.5
0.99375 0.003125 -0.5
0.994 0.003 -0.5
0.99425 0.002875 -0.5
0.9945 0.00275 -0.5
0.99475 0.002625 -0.5
0.995 0.0025 -0.5
0.99525 0.002375 -0.5
0.9955 0.00225 -0.5
0.99575 0.002125 -0.5
0.996 0.002 -0.5
0.99625 0.001875 -0.5
0.9965 0.00175 -0.5
0.99675 0.001625 -0.5
0.997 0.0015 -0.5
0.99725 0.001375 -0.5
0.9975 0.00125 -0.5
0.99775 0.001125 -0.5
0.998 0.001 -0.5
0.99825 0.000875 -0.5
0.9985 0.00075 -0.5
0.99875 0.000625 -0.5
0.999 0.0005 -0.5
0.99925 0.000375 -0.5
0.9995 0.00025 -0.5
0.99975 0.000125 -0.5
1 0 -0.5
