x u vl2 vsup el2 esup
0 0 0 0 0 0
0.00125 0.000625 0.000530521 0.000428441 9.44794e-05 0.000196559
0.0025 0.00125 0.00106107 0.000856922 0.000188934 0.000393078
0.00375 0.001875 0.00159166 0.00128548 0.00028334 0.000589518
0.005 0.0025 0.00212233 0.00171416 0.000377672 0.000785839
0.00625 0.003125 0.00265309 0.002143 0.000471906 0.000982001
0.0075 0.00375 0.00318398 0.00257203 0.000566018 0.00117797
0.00875 0.004375 0.00371502 0.00300131 0.000659982 0.00137369
0.01 0.005 0.00424622 0.00343086 0.000753775 0.00156914
0.01125 0.005625 0.00477763 0.00386072 0.000847372 0.00176428
0.0125 0.00625 0.00530925 0.00429094 0.000940749 0.00195906
0.01375 0.006875 0.00584112 0.00472156 0.00103388 0.00215344
0.015 0.0075 0.00637326 0.00515261 0.00112674 0.00234739
0.01625 0.008125 0.00690569 0.00558413 0.00121931 0.00254087
0.0175 0.00875 0.00743843 0.00601617 0.00131157 0.00273383
0.01875 0.009375 0.00797152 0.00644876 0.00140348 0.00292624
0.02 0.01 0.00850498 0.00688194 0.00149502 0.00311806
0.02125 0.010625 0.00903882 0.00731574 0.00158618 0.00330926
0.0225 0.01125 0.00957308 0.00775022 0.00167692 0.00349978
0.02375 0.011875 0.0101078 0.0081854 0.00176723 0.0036896
0.025 0.0125 0.0106429 0.00862132 0.00185708 0.00387868
0.02625 0.013125 0.0111786 0.00905803 0.00194644 0.00406697
0.0275 0.01375 0.0117147 0.00949556 0.00203529 0.00425444
0.02875 0.014375 0.0122514 0.00993395 0.00212361 0.00444105
0.03 0.015 0.0127886 0.0103732 0.00221138 0.00462677
0.03125 0.015625 0.0133264 0.0108135 0.00229857 0.00481155
0.0325 0.01625 0.0138648 0.0112546 0.00238516 0.00499536
0.03375 0.016875 0.0144039 0.0116968 0.00247113 0.00517815
0.035 0.0175 0.0149436 0.0121401 0.00255645 0.00535991
0.03625 0.018125 0.0154839 0.0125844 0.00264109 0.00554058
0.0375 0.01875 0.0160249 0.0130299 0.00272505 0.00572012
0.03875 0.019375 0.0165667 0.0134765 0.0028083 0.00589852
0.04 0.02 0.0171092 0.0139243 0.0028908 0.00607571
0.04125 0.020625 0.0176524 0.0143733 0.00297255 0.00625168
0.0425 0.02125 0.0181965 0.0148236 0.00305352 0.00642639
0.04375 0.021875 0.0187413 0.0152752 0.00313368 0.00659979
0.045 0.0225 0.019287 0.0157281 0.00321302 0.00677185
0.04625 0.023125 0.0198335 0.0161825 0.00329152 0.00694255
0.0475 0.02375 0.0203809 0.0166382 0.00336915 0.00711184
0.04875 0.024375 0.0209291 0.0170953 0.00344589 0.00727968
0.05 0.025 0.0214783 0.017554 0.00352172 0.00744605
0.05125 0.025625 0.0220284 0.0180141 0.00359662 0.00761091
0.0525 0.02625 0.0225794 0.0184758 0.00367057 0.00777422
0.05375 0.026875 0.0231315 0.018939 0.00374355 0.00793596
0.055 0.0275 0.0236845 0.0194039 0.00381554 0.00809608
0.05625 0.028125 0.0242385 0.0198704 0.00388652 0.00825457
0.0575 0.02875 0.0247935 0.0203386 0.00395646 0.00841137
0.05875 0.029375 0.0253496 0.0208085 0.00402536 0.00856646
0.06 0.03 0.0259068 0.0212802 0.00409319 0.00871981
0.06125 0.030625 0.0264651 0.0217536 0.00415992 0.00887139
0.0625 0.03125 0.0270244 0.0222288 0.00422555 0.00902116
0.06375 0.031875 0.0275849 0.0227059 0.00429006 0.0091691
0.065 0.0325 0.0281466 0.0231848 0.00435342 0.00931517
0.06625 0.033125 0.0287094 0.0236657 0.00441561 0.00945933
0.0675 0.03375 0.0292734 0.0241484 0.00447663 0.00960157
0.06875 0.034375 0.0298386 0.0246331 0.00453644 0.00974186
0.07 0.035 0.030405 0.0251198 0.00459504 0.00988015
0.07125 0.035625 0.0309726 0.0256086 0.00465241 0.0100164
0.0725 0.03625 0.0315415 0.0260993 0.00470852 0.0101507
0.07375 0.036875 0.0321116 0.0265922 0.00476337 0.0102828
0.075 0.0375 0.0326831 0.0270871 0.00481693 0.0104129
0.07625 0.038125 0.0332558 0.0275842 0.0048692 0.0105408
0.0775 0.03875 0.0338299 0.0280834 0.00492015 0.0106666
0.07875 0.039375 0.0344052 0.0285849 0.00496976 0.0107901
0.08 0.04 0.034982 0.0290885 0.00501803 0.0109115
0.08125 0.040625 0.0355601 0.0295943 0.00506494 0.0110307
0.0825 0.04125 0.0361395 0.0301025 0.00511047 0.0111475
0.08375 0.041875 0.0367204 0.0306129 0.00515461 0.0112621
0.085 0.0425 0.0373027 0.0311256 0.00519734 0.0113744
0.08625 0.043125 0.0378863 0.0316407 0.00523866 0.0114843
0.0875 0.04375 0.0384715 0.0321581 0.00527854 0.0115919
0.08875 0.044375 0.039058 0.0326779 0.00531697 0.0116971
0.09 0.045 0.0396461 0.0332001 0.00535395 0.0117999
0.09125 0.045625 0.0402356 0.0337248 0.00538945 0.0119002
0.0925 0.04625 0.0408265 0.0342519 0.00542347 0.0119981
0.09375 0.046875 0.041419 0.0347815 0.00545599 0.0120935
0.095 0.0475 0.042013 0.0353136 0.005487 0.0121864
0.09625 0.048125 0.0426085 0.0358482 0.00551649 0.0122768
0.0975 0.04875 0.0432055 0.0363853 0.00554446 0.0123647
0.09875 0.049375 0.0438041 0.036925 0.00557088 0.01245
0.1 0.05 0.0444043 0.0374672 0.00559574 0.0125328
0.10125 0.050625 0.045006 0.0380121 0.00561905 0.0126129
0.1025 0.05125 0.0456092 0.0385596 0.00564078 0.0126904
0.10375 0.051875 0.0462141 0.0391097 0.00566093 0.0127653
0.105 0.0525 0.0468205 0.0396624 0.00567949 0.0128376
0.10625 0.053125 0.0474285 0.0402179 0.00569646 0.0129071
0.1075 0.05375 0.0480382 0.040776 0.00571181 0.012974
0.10875 0.054375 0.0486495 0.0413368 0.00572554 0.0130382
0.11 0.055 0.0492623 0.0419003 0.00573766 0.0130997
0.11125 0.055625 0.0498769 0.0424666 0.00574814 0.0131584
0.1125 0.05625 0.050493 0.0430356 0.00575698 0.0132144
0.11375 0.056875 0.0511108 0.0436073 0.00576418 0.0132677
0.115 0.0575 0.0517303 0.0441819 0.00576973 0.0133181
0.11625 0.058125 0.0523514 0.0447592 0.00577362 0.0133658
0.1175 0.05875 0.0529742 0.0453393 0.00577584 0.0134107
0.11875 0.059375 0.0535986 0.0459222 0.0057764 0.0134528
0.12 0.06 0.0542247 0.046508 0.00577529 0.013492
0.12125 0.060625 0.0548525 0.0470966 0.0057725 0.0135284
0.1225 0.06125 0.055482 0.047688 0.00576803 0.013562
0.12375 0.061875 0.0561131 0.0482823 0.00576187 0.0135927
0.125 0.0625 0.056746 0.0488794 0.00575403 0.0136206
0.12625 0.063125 0.0573805 0.0494794 0.00574449 0.0136456
0.1275 0.06375 0.0580167 0.0500823 0.00573326 0.0136677
0.12875 0.064375 0.0586547 0.0506881 0.00572034 0.0136869
0.13 0.065 0.0592943 0.0512967 0.00570571 0.0137033
0.13125 0.065625 0.0599356 0.0519083 0.00568939 0.0137167
0.1325 0.06625 0.0605786 0.0525228 0.00567137 0.0137272
0.13375 0.066875 0.0612234 0.0531402 0.00565164 0.0137348
0.135 0.0675 0.0618698 0.0537605 0.00563022 0.0137395
0.13625 0.068125 0.0625179 0.0543837 0.00560709 0.0137413
0.1375 0.06875 0.0631677 0.0550098 0.00558227 0.0137402
0.13875 0.069375 0.0638193 0.0556389 0.00555574 0.0137361
0.14 0.07 0.0644725 0.0562709 0.00552752 0.0137291
0.14125 0.070625 0.0651274 0.0569059 0.0054976 0.0137191
0.1425 0.07125 0.065784 0.0575437 0.00546599 0.0137063
0.14375 0.071875 0.0664423 0.0581845 0.00543268 0.0136905
0.145 0.0725 0.0671023 0.0588283 0.00539769 0.0136717
0.14625 0.073125 0.067764 0.0594749 0.00536101 0.0136501
0.1475 0.07375 0.0684274 0.0601246 0.00532265 0.0136254
0.14875 0.074375 0.0690924 0.0607771 0.00528261 0.0135979
0.15 0.075 0.0697591 0.0614326 0.0052409 0.0135674
0.15125 0.075625 0.0704275 0.062091 0.00519752 0.013534
0.1525 0.07625 0.0710975 0.0627523 0.00515248 0.0134977
0.15375 0.076875 0.0717692 0.0634165 0.00510579 0.0134585
0.155 0.0775 0.0724426 0.0640837 0.00505744 0.0134163
0.15625 0.078125 0.0731176 0.0647538 0.00500745 0.0133712
0.1575 0.07875 0.0737942 0.0654267 0.00495582 0.0133233
0.15875 0.079375 0.0744724 0.0661026 0.00490256 0.0132724
0.16 0.08 0.0751523 0.0667814 0.00484768 0.0132186
0.16125 0.080625 0.0758338 0.067463 0.00479119 0.013162
0.1625 0.08125 0.0765169 0.0681476 0.00473309 0.0131024
0.16375 0.081875 0.0772016 0.068835 0.0046734 0.01304
0.165 0.0825 0.0778879 0.0695252 0.00461212 0.0129748
0.16625 0.083125 0.0785757 0.0702183 0.00454927 0.0129067
0.1675 0.08375 0.0792652 0.0709143 0.00448485 0.0128357
0.16875 0.084375 0.0799561 0.0716131 0.00441887 0.0127619
0.17 0.085 0.0806486 0.0723147 0.00435135 0.0126853
0.17125 0.085625 0.0813427 0.0730191 0.0042823 0.0126059
0.1725 0.08625 0.0820383 0.0737263 0.00421172 0.0125237
0.17375 0.086875 0.0827354 0.0744362 0.00413964 0.0124388
0.175 0.0875 0.0834339 0.075149 0.00406606 0.012351
0.17625 0.088125 0.084134 0.0758645 0.003991 0.0122605
0.1775 0.08875 0.0848355 0.0765827 0.00391447 0.0121673
0.17875 0.089375 0.0855385 0.0773037 0.00383649 0.0120713
0.18 0.09 0.0862429 0.0780273 0.00375706 0.0119727
0.18125 0.090625 0.0869488 0.0787537 0.00367621 0.0118713
0.1825 0.09125 0.087656 0.0794827 0.00359395 0.0117673
0.18375 0.091875 0.0883647 0.0802144 0.0035103 0.0116606
0.185 0.0925 0.0890747 0.0809487 0.00342526 0.0115513
0.18625 0.093125 0.0897861 0.0816856 0.00333886 0.0114394
0.1875 0.09375 0.0904989 0.0824251 0.00325112 0.0113249
0.18875 0.094375 0.091213 0.0831672 0.00316204 0.0112078
0.19 0.095 0.0919283 0.0839119 0.00307166 0.0110881
0.19125 0.095625 0.092645 0.0846591 0.00297998 0.0109659
0.1925 0.09625 0.093363 0.0854088 0.00288703 0.0108412
0.19375 0.096875 0.0940822 0.086161 0.00279282 0.010714
0.195 0.0975 0.0948026 0.0869156 0.00269737 0.0105844
0.19625 0.098125 0.0955243 0.0876728 0.00260071 0.0104522
0.1975 0.09875 0.0962471 0.0884323 0.00250285 0.0103177
0.19875 0.099375 0.0969712 0.0891942 0.00240381 0.0101808
0.2 0.1 0.0976964 0.0899585 0.00230362 0.0100415
0.20125 0.100625 0.0984227 0.0907251 0.00220229 0.00989988
0.2025 0.10125 0.0991501 0.0914941 0.00209985 0.00975593
0.20375 0.101875 0.0998787 0.0922653 0.00199632 0.00960969
0.205 0.1025 0.100608 0.0930388 0.00189171 0.00946118
0.20625 0.103125 0.101339 0.0938146 0.00178606 0.00931044
0.2075 0.10375 0.102071 0.0945925 0.00167939 0.0091575
0.20875 0.104375 0.102803 0.0953726 0.00157171 0.00900238
0.21 0.105 0.103537 0.0961549 0.00146306 0.0088451
0.21125 0.105625 0.104272 0.0969393 0.00135346 0.00868572
0.2125 0.10625 0.105007 0.0977258 0.00124292 0.00852424
0.21375 0.106875 0.105744 0.0985143 0.00113149 0.00836071
0.215 0.1075 0.106481 0.0993048 0.00101917 0.00819515
0.21625 0.108125 0.107219 0.100097 0.000906008 0.00802761
0.2175 0.10875 0.107958 0.100892 0.000792015 0.0078581
0.21875 0.109375 0.108698 0.101688 0.000677222 0.00768667
0.22 0.11 0.109438 0.102487 0.000561656 0.00751335
0.22125 0.110625 0.11018 0.103287 0.000445343 0.00733817
0.2225 0.11125 0.110922 0.104089 0.000328311 0.00716116
0.22375 0.111875 0.111664 0.104893 0.000210588 0.00698237
0.225 0.1125 0.112408 0.105698 9.22013e-05 0.00680183
0.22625 0.113125 0.113152 0.106505 -2.68203e-05 0.00661957
0.2275 0.11375 0.113896 0.107314 -0.000146448 0.00643564
0.22875 0.114375 0.114642 0.108125 -0.000266653 0.00625006
0.23 0.115 0.115387 0.108937 -0.000387406 0.00606289
0.23125 0.115625 0.116134 0.109751 -0.000508676 0.00587414
0.2325 0.11625 0.11688 0.110566 -0.000630435 0.00568387
0.23375 0.116875 0.117628 0.111383 -0.000752651 0.00549212
0.235 0.1175 0.118375 0.112201 -0.000875294 0.00529891
0.23625 0.118125 0.119123 0.113021 -0.000998333 0.0051043
0.2375 0.11875 0.119872 0.113842 -0.00112174 0.00490833
0.23875 0.119375 0.12062 0.114664 -0.00124547 0.00471102
0.24 0.12 0.12137 0.115488 -0.00136951 0.00451244
0.24125 0.120625 0.122119 0.116312 -0.00149382 0.00431261
0.2425 0.12125 0.122868 0.117138 -0.00161836 0.00411158
0.24375 0.121875 0.123618 0.117966 -0.0017431 0.0039094
0.245 0.1225 0.124368 0.118794 -0.00186802 0.0037061
0.24625 0.123125 0.125118 0.119623 -0.00199307 0.00350173
0.2475 0.12375 0.125868 0.120454 -0.00211822 0.00329634
0.24875 0.124375 0.126618 0.121285 -0.00224345 0.00308997
0.25 0.125 0.127369 0.122117 -0.0023687 0.00288266
0.25125 0.125625 0.128119 0.122951 -0.00249396 0.00267446
0.2525 0.12625 0.128869 0.123785 -0.00261918 0.00246541
0.25375 0.126875 0.129619 0.124619 -0.00274434 0.00225557
0.255 0.1275 0.130369 0.125455 -0.00286939 0.00204497
0.25625 0.128125 0.131119 0.126291 -0.00299429 0.00183367
0.2575 0.12875 0.131869 0.127128 -0.00311902 0.00162171
0.25875 0.129375 0.132619 0.127966 -0.00324354 0.00140913
0.26 0.13 0.133368 0.128804 -0.00336781 0.001196
0.26125 0.130625 0.134117 0.129643 -0.00349179 0.000982349
0.2625 0.13125 0.134865 0.130482 -0.00361544 0.000768234
0.26375 0.131875 0.135614 0.131321 -0.00373874 0.000553703
0.265 0.1325 0.136362 0.132161 -0.00386164 0.000338804
0.26625 0.133125 0.137109 0.133001 -0.00398411 0.000123588
0.2675 0.13375 0.137856 0.133842 -0.0041061 -9.18953e-05
0.26875 0.134375 0.138603 0.134683 -0.00422758 -0.000307596
0.27 0.135 0.139349 0.135523 -0.00434852 -0.000523462
0.27125 0.135625 0.140094 0.136364 -0.00446886 -0.000739444
0.2725 0.13625 0.140839 0.137205 -0.00458858 -0.00095549
0.27375 0.136875 0.141583 0.138047 -0.00470763 -0.00117155
0.275 0.1375 0.142326 0.138888 -0.00482598 -0.00138757
0.27625 0.138125 0.143069 0.139728 -0.00494359 -0.00160349
0.2775 0.13875 0.14381 0.140569 -0.00506041 -0.00181927
0.27875 0.139375 0.144551 0.14141 -0.00517641 -0.00203486
0.28 0.14 0.145292 0.14225 -0.00529155 -0.00225019
0.28125 0.140625 0.146031 0.14309 -0.00540578 -0.00246522
0.2825 0.14125 0.146769 0.14393 -0.00551908 -0.00267989
0.28375 0.141875 0.147506 0.144769 -0.00563139 -0.00289416
0.285 0.1425 0.148243 0.145608 -0.00574267 -0.00310795
0.28625 0.143125 0.148978 0.146446 -0.0058529 -0.00332123
0.2875 0.14375 0.149712 0.147284 -0.00596202 -0.00353393
0.28875 0.144375 0.150445 0.148121 -0.00606999 -0.00374601
0.29 0.145 0.151177 0.148957 -0.00617677 -0.0039574
0.29125 0.145625 0.151907 0.149793 -0.00628233 -0.00416805
0.2925 0.14625 0.152637 0.150628 -0.00638662 -0.00437791
0.29375 0.146875 0.153365 0.151462 -0.00648959 -0.00458691
0.295 0.1475 0.154091 0.152295 -0.00659122 -0.00479501
0.29625 0.148125 0.154816 0.153127 -0.00669145 -0.00500215
0.2975 0.14875 0.15554 0.153958 -0.00679024 -0.00520827
0.29875 0.149375 0.156263 0.154788 -0.00688755 -0.00541332
0.3 0.15 0.156983 0.155617 -0.00698335 -0.00561723
0.30125 0.150625 0.157703 0.156445 -0.00707758 -0.00581996
0.3025 0.15125 0.15842 0.157271 -0.00717021 -0.00602145
0.30375 0.151875 0.159136 0.158097 -0.00726119 -0.00622163
0.305 0.1525 0.15985 0.15892 -0.00735048 -0.00642045
0.30625 0.153125 0.160563 0.159743 -0.00743804 -0.00661786
0.3075 0.15375 0.161274 0.160564 -0.00752382 -0.0068138
0.30875 0.154375 0.161983 0.161383 -0.00760779 -0.0070082
0.31 0.155 0.16269 0.162201 -0.00768989 -0.00720102
0.31125 0.155625 0.163395 0.163017 -0.00777009 -0.00739219
0.3125 0.15625 0.164098 0.163832 -0.00784835 -0.00758166
0.31375 0.156875 0.1648 0.164644 -0.00792462 -0.00776937
0.315 0.1575 0.165499 0.165455 -0.00799886 -0.00795526
0.31625 0.158125 0.166196 0.166264 -0.00807102 -0.00813927
0.3175 0.15875 0.166891 0.167071 -0.00814106 -0.00832135
0.31875 0.159375 0.167584 0.167876 -0.00820895 -0.00850143
0.32 0.16 0.168275 0.168679 -0.00827463 -0.00867946
0.32125 0.160625 0.168963 0.16948 -0.00833806 -0.00885539
0.3225 0.16125 0.169649 0.170279 -0.00839921 -0.00902914
0.32375 0.161875 0.170333 0.171076 -0.00845802 -0.00920067
0.325 0.1625 0.171014 0.17187 -0.00851445 -0.00936991
0.32625 0.163125 0.171693 0.172662 -0.00856847 -0.00953682
0.3275 0.16375 0.17237 0.173451 -0.00862002 -0.00970132
0.32875 0.164375 0.173044 0.174238 -0.00866906 -0.00986336
0.33 0.165 0.173716 0.175023 -0.00871556 -0.0100229
0.33125 0.165625 0.174384 0.175805 -0.00875947 -0.0101798
0.3325 0.16625 0.175051 0.176584 -0.00880074 -0.0103341
0.33375 0.166875 0.175714 0.177361 -0.00883934 -0.0104858
0.335 0.1675 0.176375 0.178135 -0.00887521 -0.0106346
0.33625 0.168125 0.177033 0.178906 -0.00890832 -0.0107807
0.3375 0.16875 0.177689 0.179674 -0.00893862 -0.0109239
0.33875 0.169375 0.178341 0.180439 -0.00896608 -0.0110642
0.34 0.17 0.178991 0.181201 -0.00899064 -0.0112015
0.34125 0.170625 0.179637 0.181961 -0.00901227 -0.0113357
0.3425 0.17125 0.180281 0.182717 -0.00903092 -0.0114669
0.34375 0.171875 0.180922 0.18347 -0.00904655 -0.0115948
0.345 0.1725 0.181559 0.18422 -0.00905912 -0.0117196
0.34625 0.173125 0.182194 0.184966 -0.00906858 -0.0118411
0.3475 0.17375 0.182825 0.185709 -0.0090749 -0.0119593
0.34875 0.174375 0.183453 0.186449 -0.00907803 -0.0120741
0.35 0.175 0.184078 0.187185 -0.00907792 -0.0121855
0.35125 0.175625 0.1847 0.187918 -0.00907454 -0.0122933
0.3525 0.17625 0.185318 0.188648 -0.00906785 -0.0123976
0.35375 0.176875 0.185933 0.189373 -0.0090578 -0.0124983
0.355 0.1775 0.186544 0.190095 -0.00904436 -0.0125953
0.35625 0.178125 0.187152 0.190814 -0.00902747 -0.0126886
0.3575 0.17875 0.187757 0.191528 -0.0090071 -0.0127781
0.35875 0.179375 0.188358 0.192239 -0.00898321 -0.0128637
0.36 0.18 0.188956 0.192945 -0.00895575 -0.0129455
0.36125 0.180625 0.18955 0.193648 -0.00892469 -0.0130233
0.3625 0.18125 0.19014 0.194347 -0.00888999 -0.0130971
0.36375 0.181875 0.190727 0.195042 -0.00885159 -0.0131668
0.365 0.1825 0.191309 0.195732 -0.00880948 -0.0132325
0.36625 0.183125 0.191889 0.196419 -0.00876359 -0.0132939
0.3675 0.18375 0.192464 0.197101 -0.0087139 -0.0133511
0.36875 0.184375 0.193035 0.197779 -0.00866036 -0.0134041
0.37 0.185 0.193603 0.198453 -0.00860293 -0.0134527
0.37125 0.185625 0.194167 0.199122 -0.00854158 -0.0134969
0.3725 0.18625 0.194726 0.199787 -0.00847626 -0.0135367
0.37375 0.186875 0.195282 0.200447 -0.00840693 -0.013572
0.375 0.1875 0.195834 0.201103 -0.00833357 -0.0136027
0.37625 0.188125 0.196381 0.201754 -0.00825611 -0.0136288
0.3775 0.18875 0.196925 0.2024 -0.00817454 -0.0136503
0.37875 0.189375 0.197464 0.203042 -0.00808881 -0.0136671
0.38 0.19 0.197999 0.203679 -0.00799888 -0.0136791
0.38125 0.190625 0.19853 0.204311 -0.00790471 -0.0136863
0.3825 0.19125 0.199056 0.204939 -0.00780627 -0.0136886
0.38375 0.191875 0.199579 0.205561 -0.00770352 -0.013686
0.385 0.1925 0.200096 0.206178 -0.00759642 -0.0136785
0.38625 0.193125 0.20061 0.206791 -0.00748493 -0.0136659
0.3875 0.19375 0.201119 0.207398 -0.00736902 -0.0136483
0.38875 0.194375 0.201624 0.208001 -0.00724865 -0.0136255
0.39 0.195 0.202124 0.208598 -0.00712379 -0.0135976
0.39125 0.195625 0.202619 0.20919 -0.0069944 -0.0135645
0.3925 0.19625 0.20311 0.209776 -0.00686044 -0.0135261
0.39375 0.196875 0.203597 0.210357 -0.00672187 -0.0134824
0.395 0.1975 0.204079 0.210933 -0.00657867 -0.0134334
0.39625 0.198125 0.204556 0.211504 -0.0064308 -0.0133789
0.3975 0.19875 0.205028 0.212069 -0.00627822 -0.013319
0.39875 0.199375 0.205496 0.212629 -0.0061209 -0.0132536
0.4 0.2 0.205959 0.213183 -0.00595881 -0.0131826
0.40125 0.200625 0.206417 0.213731 -0.00579191 -0.0131061
0.4025 0.20125 0.20687 0.214274 -0.00562016 -0.0130239
0.40375 0.201875 0.207319 0.214811 -0.00544354 -0.012936
0.405 0.2025 0.207762 0.215342 -0.00526201 -0.0128424
0.40625 0.203125 0.208201 0.215868 -0.00507554 -0.012743
0.4075 0.20375 0.208634 0.216388 -0.0048841 -0.0126378
0.40875 0.204375 0.209063 0.216902 -0.00468765 -0.0125267
0.41 0.205 0.209486 0.21741 -0.00448616 -0.0124098
0.41125 0.205625 0.209905 0.217912 -0.00427961 -0.0122869
0.4125 0.20625 0.210318 0.218408 -0.00406796 -0.012158
0.41375 0.206875 0.210726 0.218898 -0.00385118 -0.012023
0.415 0.2075 0.211129 0.219382 -0.00362924 -0.011882
0.41625 0.208125 0.211527 0.21986 -0.00340212 -0.0117349
0.4175 0.20875 0.21192 0.220332 -0.00316977 -0.0115816
0.41875 0.209375 0.212307 0.220797 -0.00293218 -0.0114222
0.42 0.21 0.212689 0.221256 -0.00268931 -0.0112565
0.42125 0.210625 0.213066 0.221709 -0.00244114 -0.0110845
0.4225 0.21125 0.213438 0.222156 -0.00218763 -0.0109062
0.42375 0.211875 0.213804 0.222597 -0.00192876 -0.0107216
0.425 0.2125 0.214165 0.223031 -0.00166451 -0.0105306
0.42625 0.213125 0.21452 0.223458 -0.00139483 -0.0103331
0.4275 0.21375 0.21487 0.223879 -0.00111972 -0.0101292
0.42875 0.214375 0.215214 0.224294 -0.000839143 -0.00991883
0.43 0.215 0.215553 0.224702 -0.00055307 -0.00970191
0.43125 0.215625 0.215886 0.225103 -0.000261478 -0.00947842
0.4325 0.21625 0.216214 0.225498 3.56585e-05 -0.00924833
0.43375 0.216875 0.216537 0.225887 0.000338363 -0.00901161
0.435 0.2175 0.216853 0.226268 0.000646661 -0.00876823
0.43625 0.218125 0.217164 0.226643 0.000960575 -0.00851814
0.4375 0.21875 0.21747 0.227011 0.00128013 -0.00826132
0.43875 0.219375 0.21777 0.227373 0.00160535 -0.00799774
0.44 0.22 0.218064 0.227727 0.00193625 -0.00772737
0.44125 0.220625 0.218352 0.228075 0.00227286 -0.00745017
0.4425 0.22125 0.218635 0.228416 0.00261521 -0.00716612
0.44375 0.221875 0.218912 0.22875 0.0029633 -0.00687519
0.445 0.2225 0.219183 0.229077 0.00331716 -0.00657734
0.44625 0.223125 0.219448 0.229398 0.00367682 -0.00627255
0.4475 0.22375 0.219708 0.229711 0.00404229 -0.0059608
0.44875 0.224375 0.219961 0.230017 0.0044136 -0.00564205
0.45 0.225 0.220209 0.230316 0.00479076 -0.00531627
0.45125 0.225625 0.220451 0.230608 0.00517378 -0.00498345
0.4525 0.22625 0.220687 0.230894 0.0055627 -0.00464356
0.45375 0.226875 0.220917 0.231172 0.00595752 -0.00429657
0.455 0.2275 0.221142 0.231442 0.00635827 -0.00394246
0.45625 0.228125 0.22136 0.231706 0.00676496 -0.00358121
0.4575 0.22875 0.221572 0.231963 0.00717761 -0.00321278
0.45875 0.229375 0.221779 0.232212 0.00759624 -0.00283717
0.46 0.23 0.221979 0.232454 0.00802085 -0.00245435
0.46125 0.230625 0.222174 0.232689 0.00845147 -0.00206429
0.4625 0.23125 0.222362 0.232917 0.00888811 -0.00166698
0.46375 0.231875 0.222544 0.233137 0.00933079 -0.0012624
0.465 0.2325 0.22272 0.233351 0.00977951 -0.00085053
0.46625 0.233125 0.222891 0.233556 0.0102343 -0.000431347
0.4675 0.23375 0.223055 0.233755 0.0106952 -4.83567e-06
0.46875 0.234375 0.223213 0.233946 0.0111621 0.000429021
0.47 0.235 0.223365 0.23413 0.0116352 0.000870239
0.47125 0.235625 0.223511 0.234306 0.0121143 0.00131884
0.4725 0.23625 0.22365 0.234475 0.0125996 0.00177482
0.47375 0.236875 0.223784 0.234637 0.013091 0.00223822
0.475 0.2375 0.223911 0.234791 0.0135886 0.00270904
0.47625 0.238125 0.224033 0.234938 0.0140923 0.0031873
0.4775 0.23875 0.224148 0.235077 0.0146022 0.003673
0.47875 0.239375 0.224257 0.235209 0.0151183 0.00416616
0.48 0.24 0.22436 0.235333 0.0156405 0.0046668
0.48125 0.240625 0.224456 0.23545 0.0161689 0.00517492
0.4825 0.24125 0.224546 0.235559 0.0167035 0.00569053
0.48375 0.241875 0.224631 0.235661 0.0172444 0.00621364
0.485 0.2425 0.224709 0.235756 0.0177914 0.00674427
0.48625 0.243125 0.22478 0.235843 0.0183446 0.00728241
0.4875 0.24375 0.224846 0.235922 0.0189041 0.00782809
0.48875 0.244375 0.224905 0.235994 0.0194698 0.00838129
0.49 0.245 0.224958 0.236058 0.0200417 0.00894204
0.49125 0.245625 0.225005 0.236115 0.0206199 0.00951033
0.4925 0.24625 0.225046 0.236164 0.0212043 0.0100862
0.49375 0.246875 0.22508 0.236205 0.0217949 0.0106696
0.495 0.2475 0.225108 0.236239 0.0223918 0.0112605
0.49625 0.248125 0.22513 0.236266 0.0229949 0.0118591
0.4975 0.24875 0.225146 0.236285 0.0236043 0.0124651
0.49875 0.249375 0.225155 0.236296 0.0242199 0.0130788
0.5 0.25 0.225158 0.2363 0.0248418 0.0137
0.50125 0.249375 0.225155 0.236296 0.0242199 0.0130788
0.5025 0.24875 0.225146 0.236285 0.0236043 0.0124651
0.50375 0.248125 0.22513 0.236266 0.0229949 0.0118591
0.505 0.2475 0.225108 0.236239 0.0223918 0.0112605
0.50625 0.246875 0.22508 0.236205 0.0217949 0.0106696
0.5075 0.24625 0.225046 0.236164 0.0212043 0.0100862
0.50875 0.245625 0.225005 0.236115 0.0206199 0.00951033
0.51 0.245 0.224958 0.236058 0.0200417 0.00894204
0.51125 0.244375 0.224905 0.235994 0.0194698 0.00838129
0.5125 0.24375 0.224846 0.235922 0.0189041 0.00782809
0.51375 0.243125 0.22478 0.235843 0.0183446 0.00728241
0.515 0.2425 0.224709 0.235756 0.0177914 0.00674427
0.51625 0.241875 0.224631 0.235661 0.0172444 0.00621364
0.5175 0.24125 0.224546 0.235559 0.0167035 0.00569053
0.51875 0.240625 0.224456 0.23545 0.0161689 0.00517492
0.52 0.24 0.22436 0.235333 0.0156405 0.0046668
0.52125 0.239375 0.224257 0.235209 0.0151183 0.00416616
0.5225 0.23875 0.224148 0.235077 0.0146022 0.003673
0.52375 0.238125 0.224033 0.234938 0.0140923 0.0031873
0.525 0.2375 0.223911 0.234791 0.0135886 0.00270904
0.52625 0.236875 0.223784 0.234637 0.013091 0.00223822
0.5275 0.23625 0.22365 0.234475 0.0125996 0.00177482
0.52875 0.235625 0.223511 0.234306 0.0121143 0.00131884
0.53 0.235 0.223365 0.23413 0.0116352 0.000870239
0.53125 0.234375 0.223213 0.233946 0.0111621 0.000429021
0.5325 0.23375 0.223055 0.233755 0.0106952 -4.83567e-06
0.53375 0.233125 0.222891 0.233556 0.0102343 -0.000431347
0.535 0.2325 0.22272 0.233351 0.00977951 -0.00085053
0.53625 0.231875 0.222544 0.233137 0.00933079 -0.0012624
0.5375 0.23125 0.222362 0.232917 0.00888811 -0.00166698
0.53875 0.230625 0.222174 0.232689 0.00845147 -0.00206429
0.54 0.23 0.221979 0.232454 0.00802085 -0.00245435
0.54125 0.229375 0.221779 0.232212 0.00759624 -0.00283717
0.5425 0.22875 0.221572 0.231963 0.00717761 -0.00321278
0.54375 0.228125 0.22136 0.231706 0.00676496 -0.00358121
0.545 0.2275 0.221142 0.231442 0.00635827 -0.00394246
0.54625 0.226875 0.220917 0.231172 0.00595752 -0.00429657
0.5475 0.22625 0.220687 0.230894 0.0055627 -0.00464356
0.54875 0.225625 0.220451 0.230608 0.00517378 -0.00498345
0.55 0.225 0.220209 0.230316 0.00479076 -0.00531627
0.55125 0.224375 0.219961 0.230017 0.0044136 -0.00564205
0.5525 0.22375 0.219708 0.229711 0.00404229 -0.0059608
0.55375 0.223125 0.219448 0.229398 0.00367682 -0.00627255
0.555 0.2225 0.219183 0.229077 0.00331716 -0.00657734
0.55625 0.221875 0.218912 0.22875 0.0029633 -0.00687519
0.5575 0.22125 0.218635 0.228416 0.00261521 -0.00716612
0.55875 0.220625 0.218352 0.228075 0.00227286 -0.00745017
0.56 0.22 0.218064 0.227727 0.00193625 -0.00772737
0.56125 0.219375 0.21777 0.227373 0.00160535 -0.00799774
0.5625 0.21875 0.21747 0.227011 0.00128013 -0.00826132
0.56375 0.218125 0.217164 0.226643 0.000960575 -0.00851814
0.565 0.2175 0.216853 0.226268 0.000646661 -0.00876823
0.56625 0.216875 0.216537 0.225887 0.000338363 -0.00901161
0.5675 0.21625 0.216214 0.225498 3.56585e-05 -0.00924833
0.56875 0.215625 0.215886 0.225103 -0.000261478 -0.00947842
0.57 0.215 0.215553 0.224702 -0.00055307 -0.00970191
0.57125 0.214375 0.215214 0.224294 -0.000839143 -0.00991883
0.5725 0.21375 0.21487 0.223879 -0.00111972 -0.0101292
0.57375 0.213125 0.21452 0.223458 -0.00139483 -0.0103331
0.575 0.2125 0.214165 0.223031 -0.00166451 -0.0105306
0.57625 0.211875 0.213804 0.222597 -0.00192876 -0.0107216
0.5775 0.21125 0.213438 0.222156 -0.00218763 -0.0109062
0.57875 0.210625 0.213066 0.221709 -0.00244114 -0.0110845
0.58 0.21 0.212689 0.221256 -0.00268931 -0.0112565
0.58125 0.209375 0.212307 0.220797 -0.00293218 -0.0114222
0.5825 0.20875 0.21192 0.220332 -0.00316977 -0.0115816
0.58375 0.208125 0.211527 0.21986 -0.00340212 -0.0117349
0.585 0.2075 0.211129 0.219382 -0.00362924 -0.011882
0.58625 0.206875 0.210726 0.218898 -0.00385118 -0.012023
0.5875 0.20625 0.210318 0.218408 -0.00406796 -0.012158
0.58875 0.205625 0.209905 0.217912 -0.00427961 -0.0122869
0.59 0.205 0.209486 0.21741 -0.00448616 -0.0124098
0.59125 0.204375 0.209063 0.216902 -0.00468765 -0.0125267
0.5925 0.20375 0.208634 0.216388 -0.0048841 -0.0126378
0.59375 0.203125 0.208201 0.215868 -0.00507554 -0.012743
0.595 0.2025 0.207762 0.215342 -0.00526201 -0.0128424
0.59625 0.201875 0.207319 0.214811 -0.00544354 -0.012936
0.5975 0.20125 0.20687 0.214274 -0.00562016 -0.0130239
0.59875 0.200625 0.206417 0.213731 -0.00579191 -0.0131061
0.6 0.2 0.205959 0.213183 -0.00595881 -0.0131826
0.60125 0.199375 0.205496 0.212629 -0.0061209 -0.0132536
0.6025 0.19875 0.205028 0.212069 -0.00627822 -0.013319
0.60375 0.198125 0.204556 0.211504 -0.0064308 -0.0133789
0.605 0.1975 0.204079 0.210933 -0.00657867 -0.0134334
0.60625 0.196875 0.203597 0.210357 -0.00672187 -0.0134824
0.6075 0.19625 0.20311 0.209776 -0.00686044 -0.0135261
0.60875 0.195625 0.202619 0.20919 -0.0069944 -0.0135645
0.61 0.195 0.202124 0.208598 -0.00712379 -0.0135976
0.61125 0.194375 0.201624 0.208001 -0.00724865 -0.0136255
0.6125 0.19375 0.201119 0.207398 -0.00736902 -0.0136483
0.61375 0.193125 0.20061 0.206791 -0.00748493 -0.0136659
0.615 0.1925 0.200096 0.206178 -0.00759642 -0.0136785
0.61625 0.191875 0.199579 0.205561 -0.00770352 -0.013686
0.6175 0.19125 0.199056 0.204939 -0.00780627 -0.0136886
0.61875 0.190625 0.19853 0.204311 -0.00790471 -0.0136863
0.62 0.19 0.197999 0.203679 -0.00799888 -0.0136791
0.62125 0.189375 0.197464 0.203042 -0.00808881 -0.0136671
0.6225 0.18875 0.196925 0.2024 -0.00817454 -0.0136503
0.62375 0.188125 0.196381 0.201754 -0.00825611 -0.0136288
0.625 0.1875 0.195834 0.201103 -0.00833357 -0.0136027
0.62625 0.186875 0.195282 0.200447 -0.00840693 -0.013572
0.6275 0.18625 0.194726 0.199787 -0.00847626 -0.0135367
0.62875 0.185625 0.194167 0.199122 -0.00854158 -0.0134969
0.63 0.185 0.193603 0.198453 -0.00860293 -0.0134527
0.63125 0.184375 0.193035 0.197779 -0.00866036 -0.0134041
0.6325 0.18375 0.192464 0.197101 -0.0087139 -0.0133511
0.63375 0.183125 0.191889 0.196419 -0.00876359 -0.0132939
0.635 0.1825 0.191309 0.195732 -0.00880948 -0.0132325
0.63625 0.181875 0.190727 0.195042 -0.00885159 -0.0131668
0.6375 0.18125 0.19014 0.194347 -0.00888999 -0.0130971
0.63875 0.180625 0.18955 0.193648 -0.00892469 -0.0130233
0.64 0.18 0.188956 0.192945 -0.00895575 -0.0129455
0.64125 0.179375 0.188358 0.192239 -0.00898321 -0.0128637
0.6425 0.17875 0.187757 0.191528 -0.0090071 -0.0127781
0.64375 0.178125 0.187152 0.190814 -0.00902747 -0.0126886
0.645 0.1775 0.186544 0.190095 -0.00904436 -0.0125953
0.64625 0.176875 0.185933 0.189373 -0.0090578 -0.0124983
0.6475 0.17625 0.185318 0.188648 -0.00906785 -0.0123976
0.64875 0.175625 0.1847 0.187918 -0.00907454 -0.0122933
0.65 0.175 0.184078 0.187185 -0.00907792 -0.0121855
0.65125 0.174375 0.183453 0.186449 -0.00907803 -0.0120741
0.6525 0.17375 0.182825 0.185709 -0.0090749 -0.0119593
0.65375 0.173125 0.182194 0.184966 -0.00906858 -0.0118411
0.655 0.1725 0.181559 0.18422 -0.00905912 -0.0117196
0.65625 0.171875 0.180922 0.18347 -0.00904655 -0.0115948
0.6575 0.17125 0.180281 0.182717 -0.00903092 -0.0114669
0.65875 0.170625 0.179637 0.181961 -0.00901227 -0.0113357
0.66 0.17 0.178991 0.181201 -0.00899064 -0.0112015
0.66125 0.169375 0.178341 0.180439 -0.00896608 -0.0110642
0.6625 0.16875 0.177689 0.179674 -0.00893862 -0.0109239
0.66375 0.168125 0.177033 0.178906 -0.00890832 -0.0107807
0.665 0.1675 0.176375 0.178135 -0.00887521 -0.0106346
0.66625 0.166875 0.175714 0.177361 -0.00883934 -0.0104858
0.6675 0.16625 0.175051 0.176584 -0.00880074 -0.0103341
0.66875 0.165625 0.174384 0.175805 -0.00875947 -0.0101798
0.67 0.165 0.173716 0.175023 -0.00871556 -0.0100229
0.67125 0.164375 0.173044 0.174238 -0.00866906 -0.00986336
0.6725 0.16375 0.17237 0.173451 -0.00862002 -0.00970132
0.67375 0.163125 0.171693 0.172662 -0.00856847 -0.00953682
0.675 0.1625 0.171014 0.17187 -0.00851445 -0.00936991
0.67625 0.161875 0.170333 0.171076 -0.00845802 -0.00920067
0.6775 0.16125 0.169649 0.170279 -0.00839921 -0.00902914
0.67875 0.160625 0.168963 0.16948 -0.00833806 -0.00885539
0.68 0.16 0.168275 0.168679 -0.00827463 -0.00867946
0.68125 0.159375 0.167584 0.167876 -0.00820895 -0.00850143
0.6825 0.15875 0.166891 0.167071 -0.00814106 -0.00832135
0.68375 0.158125 0.166196 0.166264 -0.00807102 -0.00813927
0.685 0.1575 0.165499 0.165455 -0.00799886 -0.00795526
0.68625 0.156875 0.1648 0.164644 -0.00792462 -0.00776937
0.6875 0.15625 0.164098 0.163832 -0.00784835 -0.00758166
0.68875 0.155625 0.163395 0.163017 -0.00777009 -0.00739219
0.69 0.155 0.16269 0.162201 -0.00768989 -0.00720102
0.69125 0.154375 0.161983 0.161383 -0.00760779 -0.0070082
0.6925 0.15375 0.161274 0.160564 -0.00752382 -0.0068138
0.69375 0.153125 0.160563 0.159743 -0.00743804 -0.00661786
0.695 0.1525 0.15985 0.15892 -0.00735048 -0.00642045
0.69625 0.151875 0.159136 0.158097 -0.00726119 -0.00622163
0.6975 0.15125 0.15842 0.157271 -0.00717021 -0.00602145
0.69875 0.150625 0.157703 0.156445 -0.00707758 -0.00581996
0.7 0.15 0.156983 0.155617 -0.00698335 -0.00561723
0.70125 0.149375 0.156263 0.154788 -0.00688755 -0.00541332
0.7025 0.14875 0.15554 0.153958 -0.00679024 -0.00520827
0.70375 0.148125 0.154816 0.153127 -0.00669145 -0.00500215
0.705 0.1475 0.154091 0.152295 -0.00659122 -0.00479501
0.70625 0.146875 0.153365 0.151462 -0.00648959 -0.00458691
0.7075 0.14625 0.152637 0.150628 -0.00638662 -0.00437791
0.70875 0.145625 0.151907 0.149793 -0.00628233 -0.00416805
0.71 0.145 0.151177 0.148957 -0.00617677 -0.0039574
0.71125 0.144375 0.150445 0.148121 -0.00606999 -0.00374601
0.7125 0.14375 0.149712 0.147284 -0.00596202 -0.00353393
0.71375 0.143125 0.148978 0.146446 -0.0058529 -0.00332123
0.715 0.1425 0.148243 0.145608 -0.00574267 -0.00310795
0.71625 0.141875 0.147506 0.144769 -0.00563139 -0.00289416
0.7175 0.14125 0.146769 0.14393 -0.00551908 -0.00267989
0.71875 0.140625 0.146031 0.14309 -0.00540578 -0.00246522
0.72 0.14 0.145292 0.14225 -0.00529155 -0.00225019
0.72125 0.139375 0.144551 0.14141 -0.00517641 -0.00203486
0.7225 0.13875 0.14381 0.140569 -0.00506041 -0.00181927
0.72375 0.138125 0.143069 0.139728 -0.00494359 -0.00160349
0.725 0.1375 0.142326 0.138888 -0.00482598 -0.00138757
0.72625 0.136875 0.141583 0.138047 -0.00470763 -0.00117155
0.7275 0.13625 0.140839 0.137205 -0.00458858 -0.00095549
0.72875 0.135625 0.140094 0.136364 -0.00446886 -0.000739444
0.73 0.135 0.139349 0.135523 -0.00434852 -0.000523462
0.73125 0.134375 0.138603 0.134683 -0.00422758 -0.000307596
0.7325 0.13375 0.137856 0.133842 -0.0041061 -9.18953e-05
0.73375 0.133125 0.137109 0.133001 -0.00398411 0.000123588
0.735 0.1325 0.136362 0.132161 -0.00386164 0.000338804
0.73625 0.131875 0.135614 0.131321 -0.00373874 0.000553703
0.7375 0.13125 0.134865 0.130482 -0.00361544 0.000768234
0.73875 0.130625 0.134117 0.129643 -0.00349179 0.000982349
0.74 0.13 0.133368 0.128804 -0.00336781 0.001196
0.74125 0.129375 0.132619 0.127966 -0.00324354 0.00140913
0.7425 0.12875 0.131869 0.127128 -0.00311902 0.00162171
0.74375 0.128125 0.131119 0.126291 -0.00299429 0.00183367
0.745 0.1275 0.130369 0.125455 -0.00286939 0.00204497
0.74625 0.126875 0.129619 0.124619 -0.00274434 0.00225557
0.7475 0.12625 0.128869 0.123785 -0.00261918 0.00246541
0.74875 0.125625 0.128119 0.122951 -0.00249396 0.00267446
0.75 0.125 0.127369 0.122117 -0.0023687 0.00288266
0.75125 0.124375 0.126618 0.121285 -0.00224345 0.00308997
0.7525 0.12375 0.125868 0.120454 -0.00211822 0.00329634
0.75375 0.123125 0.125118 0.119623 -0.00199307 0.00350173
0.755 0.1225 0.124368 0.118794 -0.00186802 0.0037061
0.75625 0.121875 0.123618 0.117966 -0.0017431 0.0039094
0.7575 0.12125 0.122868 0.117138 -0.00161836 0.00411158
0.75875 0.120625 0.122119 0.116312 -0.00149382 0.00431261
0.76 0.12 0.12137 0.115488 -0.00136951 0.00451244
0.76125 0.119375 0.12062 0.114664 -0.00124547 0.00471102
0.7625 0.11875 0.119872 0.113842 -0.00112174 0.00490833
0.76375 0.118125 0.119123 0.113021 -0.000998333 0.0051043
0.765 0.1175 0.118375 0.112201 -0.000875294 0.00529891
0.76625 0.116875 0.117628 0.111383 -0.000752651 0.00549212
0.7675 0.11625 0.11688 0.110566 -0.000630435 0.00568387
0.76875 0.115625 0.116134 0.109751 -0.000508676 0.00587414
0.77 0.115 0.115387 0.108937 -0.000387406 0.00606289
0.77125 0.114375 0.114642 0.108125 -0.000266653 0.00625006
0.7725 0.11375 0.113896 0.107314 -0.000146448 0.00643564
0.77375 0.113125 0.113152 0.106505 -2.68203e-05 0.00661957
0.775 0.1125 0.112408 0.105698 9.22013e-05 0.00680183
0.77625 0.111875 0.111664 0.104893 0.000210588 0.00698237
0.7775 0.11125 0.110922 0.104089 0.000328311 0.00716116
0.77875 0.110625 0.11018 0.103287 0.000445343 0.00733817
0.78 0.11 0.109438 0.102487 0.000561656 0.00751335
0.78125 0.109375 0.108698 0.101688 0.000677222 0.00768667
0.7825 0.10875 0.107958 0.100892 0.000792015 0.0078581
0.78375 0.108125 0.107219 0.100097 0.000906008 0.00802761
0.785 0.1075 0.106481 0.0993048 0.00101917 0.00819515
0.78625 0.106875 0.105744 0.0985143 0.00113149 0.00836071
0.7875 0.10625 0.105007 0.0977258 0.00124292 0.00852424
0.78875 0.105625 0.104272 0.0969393 0.00135346 0.00868572
0.79 0.105 0.103537 0.0961549 0.00146306 0.0088451
0.79125 0.104375 0.102803 0.0953726 0.00157171 0.00900238
0.7925 0.10375 0.102071 0.0945925 0.00167939 0.0091575
0.79375 0.103125 0.101339 0.0938146 0.00178606 0.00931044
0.795 0.1025 0.100608 0.0930388 0.00189171 0.00946118
0.79625 0.101875 0.0998787 0.0922653 0.00199632 0.00960969
0.7975 0.10125 0.0991501 0.0914941 0.00209985 0.00975593
0.79875 0.100625 0.0984227 0.0907251 0.00220229 0.00989988
0.8 0.1 0.0976964 0.0899585 0.00230362 0.0100415
0.80125 0.099375 0.0969712 0.0891942 0.00240381 0.0101808
0.8025 0.09875 0.0962471 0.0884323 0.00250285 0.0103177
0.80375 0.098125 0.0955243 0.0876728 0.00260071 0.0104522
0.805 0.0975 0.0948026 0.0869156 0.00269737 0.0105844
0.80625 0.096875 0.0940822 0.086161 0.00279282 0.010714
0.8075 0.09625 0.093363 0.0854088 0.00288703 0.0108412
0.80875 0.095625 0.092645 0.0846591 0.00297998 0.0109659
0.81 0.095 0.0919283 0.0839119 0.00307166 0.0110881
0.81125 0.094375 0.091213 0.0831672 0.00316204 0.0112078
0.8125 0.09375 0.0904989 0.0824251 0.00325112 0.0113249
0.81375 0.093125 0.0897861 0.0816856 0.00333886 0.0114394
0.815 0.0925 0.0890747 0.0809487 0.00342526 0.0115513
0.81625 0.091875 0.0883647 0.0802144 0.0035103 0.0116606
0.8175 0.09125 0.087656 0.0794827 0.00359395 0.0117673
0.81875 0.090625 0.0869488 0.0787537 0.00367621 0.0118713
0.82 0.09 0.0862429 0.0780273 0.00375706 0.0119727
0.82125 0.089375 0.0855385 0.0773037 0.00383649 0.0120713
0.8225 0.08875 0.0848355 0.0765827 0.00391447 0.0121673
0.82375 0.088125 0.084134 0.0758645 0.003991 0.0122605
0.825 0.0875 0.0834339 0.075149 0.00406606 0.012351
0.82625 0.086875 0.0827354 0.0744362 0.00413964 0.0124388
0.8275 0.08625 0.0820383 0.0737263 0.00421172 0.0125237
0.82875 0.085625 0.0813427 0.0730191 0.0042823 0.0126059
0.83 0.085 0.0806486 0.0723147 0.00435135 0.0126853
0.83125 0.084375 0.0799561 0.0716131 0.00441887 0.0127619
0.8325 0.08375 0.0792652 0.0709143 0.00448485 0.0128357
0.83375 0.083125 0.0785757 0.0702183 0.00454927 0.0129067
0.835 0.0825 0.0778879 0.0695252 0.00461212 0.0129748
0.83625 0.081875 0.0772016 0.068835 0.0046734 0.01304
0.8375 0.08125 0.0765169 0.0681476 0.00473309 0.0131024
0.83875 0.080625 0.0758338 0.067463 0.00479119 0.013162
0.84 0.08 0.0751523 0.0667814 0.00484768 0.0132186
0.84125 0.079375 0.0744724 0.0661026 0.00490256 0.0132724
0.8425 0.07875 0.0737942 0.0654267 0.00495582 0.0133233
0.84375 0.078125 0.0731176 0.0647538 0.00500745 0.0133712
0.845 0.0775 0.0724426 0.0640837 0.00505744 0.0134163
0.84625 0.076875 0.0717692 0.0634165 0.00510579 0.0134585
0.8475 0.07625 0.0710975 0.0627523 0.00515248 0.0134977
0.84875 0.075625 0.0704275 0.062091 0.00519752 0.013534
0.85 0.075 0.0697591 0.0614326 0.0052409 0.0135674
0.85125 0.074375 0.0690924 0.0607771 0.00528261 0.0135979
0.8525 0.07375 0.0684274 0.0601246 0.00532265 0.0136254
0.85375 0.073125 0.067764 0.0594749 0.00536101 0.0136501
0.855 0.0725 0.0671023 0.0588283 0.00539769 0.0136717
0.85625 0.071875 0.0664423 0.0581845 0.00543268 0.0136905
0.8575 0.07125 0.065784 0.0575437 0.00546599 0.0137063
0.85875 0.070625 0.0651274 0.0569059 0.0054976 0.0137191
0.86 0.07 0.0644725 0.0562709 0.00552752 0.0137291
0.86125 0.069375 0.0638193 0.0556389 0.00555574 0.0137361
0.8625 0.06875 0.0631677 0.0550098 0.00558227 0.0137402
0.86375 0.068125 0.0625179 0.0543837 0.00560709 0.0137413
0.865 0.0675 0.0618698 0.0537605 0.00563022 0.0137395
0.86625 0.066875 0.0612234 0.0531402 0.00565164 0.0137348
0.8675 0.06625 0.0605786 0.0525228 0.00567137 0.0137272
0.86875 0.065625 0.0599356 0.0519083 0.00568939 0.0137167
0.87 0.065 0.0592943 0.0512967 0.00570571 0.0137033
0.87125 0.064375 0.0586547 0.0506881 0.00572034 0.0136869
0.8725 0.06375 0.0580167 0.0500823 0.00573326 0.0136677
0.87375 0.063125 0.0573805 0.0494794 0.00574449 0.0136456
0.875 0.0625 0.056746 0.0488794 0.00575403 0.0136206
0.87625 0.061875 0.0561131 0.0482823 0.00576187 0.0135927
0.8775 0.06125 0.055482 0.047688 0.00576803 0.013562
0.87875 0.060625 0.0548525 0.0470966 0.0057725 0.0135284
0.88 0.06 0.0542247 0.046508 0.00577529 0.013492
0.88125 0.059375 0.0535986 0.0459222 0.0057764 0.0134528
0.8825 0.05875 0.0529742 0.0453393 0.00577584 0.0134107
0.88375 0.058125 0.0523514 0.0447592 0.00577362 0.0133658
0.885 0.0575 0.0517303 0.0441819 0.00576973 0.0133181
0.88625 0.056875 0.0511108 0.0436073 0.00576418 0.0132677
0.8875 0.05625 0.050493 0.0430356 0.00575698 0.0132144
0.88875 0.055625 0.0498769 0.0424666 0.00574814 0.0131584
0.89 0.055 0.0492623 0.0419003 0.00573766 0.0130997
0.89125 0.054375 0.0486495 0.0413368 0.00572554 0.0130382
0.8925 0.05375 0.0480382 0.040776 0.00571181 0.012974
0.89375 0.053125 0.0474285 0.0402179 0.00569646 0.0129071
0.895 0.0525 0.0468205 0.0396624 0.00567949 0.0128376
0.89625 0.051875 0.0462141 0.0391097 0.00566093 0.0127653
0.8975 0.05125 0.0456092 0.0385596 0.00564078 0.0126904
0.89875 0.050625 0.045006 0.0380121 0.00561905 0.0126129
0.9 0.05 0.0444043 0.0374672 0.00559574 0.0125328
0.90125 0.049375 0.0438041 0.036925 0.00557088 0.01245
0.9025 0.04875 0.0432055 0.0363853 0.00554446 0.0123647
0.90375 0.048125 0.0426085 0.0358482 0.00551649 0.0122768
0.905 0.0475 0.042013 0.0353136 0.005487 0.0121864
0.90625 0.046875 0.041419 0.0347815 0.00545599 0.0120935
0.9075 0.04625 0.0408265 0.0342519 0.00542347 0.0119981
0.90875 0.045625 0.0402356 0.0337248 0.00538945 0.0119002
0.91 0.045 0.0396461 0.0332001 0.00535395 0.0117999
0.91125 0.044375 0.039058 0.0326779 0.00531697 0.0116971
0.9125 0.04375 0.0384715 0.0321581 0.00527854 0.0115919
0.91375 0.043125 0.0378863 0.0316407 0.00523866 0.0114843
0.915 0.0425 0.0373027 0.0311256 0.00519734 0.0113744
0.91625 0.041875 0.0367204 0.0306129 0.00515461 0.0112621
0.9175 0.04125 0.0361395 0.0301025 0.00511047 0.0111475
0.91875 0.040625 0.0355601 0.0295943 0.00506494 0.0110307
0.92 0.04 0.034982 0.0290885 0.00501803 0.0109115
0.92125 0.039375 0.0344052 0.0285849 0.00496976 0.0107901
0.9225 0.03875 0.0338299 0.0280834 0.00492015 0.0106666
0.92375 0.038125 0.0332558 0.0275842 0.0048692 0.0105408
0.925 0.0375 0.0326831 0.0270871 0.00481693 0.0104129
0.92625 0.036875 0.0321116 0.0265922 0.00476337 0.0102828
0.9275 0.03625 0.0315415 0.0260993 0.00470852 0.0101507
0.92875 0.035625 0.0309726 0.0256086 0.00465241 0.0100164
0.93 0.035 0.030405 0.0251198 0.00459504 0.00988015
0.93125 0.034375 0.0298386 0.0246331 0.00453644 0.00974186
0.9325 0.03375 0.0292734 0.0241484 0.00447663 0.00960157
0.93375 0.033125 0.0287094 0.0236657 0.00441561 0.00945933
0.935 0.0325 0.0281466 0.0231848 0.00435342 0.00931517
0.93625 0.031875 0.0275849 0.0227059 0.00429006 0.0091691
0.9375 0.03125 0.0270244 0.0222288 0.00422555 0.00902116
0.93875 0.030625 0.0264651 0.0217536 0.00415992 0.00887139
0.94 0.03 0.0259068 0.0212802 0.00409319 0.00871981
0.94125 0.029375 0.0253496 0.0208085 0.00402536 0.00856646
0.9425 0.02875 0.0247935 0.0203386 0.00395646 0.00841137
0.94375 0.028125 0.0242385 0.0198704 0.00388652 0.00825457
0.945 0.0275 0.0236845 0.0194039 0.00381554 0.00809608
0.94625 0.026875 0.0231315 0.018939 0.00374355 0.00793596
0.9475 0.02625 0.0225794 0.0184758 0.00367057 0.00777422
0.94875 0.025625 0.0220284 0.0180141 0.00359662 0.00761091
0.95 0.025 0.0214783 0.017554 0.00352172 0.00744605
0.95125 0.024375 0.0209291 0.0170953 0.00344589 0.00727968
0.9525 0.02375 0.0203809 0.0166382 0.00336915 0.00711184
0.95375 0.023125 0.0198335 0.0161825 0.00329152 0.00694255
0.955 0.0225 0.019287 0.0157281 0.00321302 0.00677185
0.95625 0.021875 0.0187413 0.0152752 0.00313368 0.00659979
0.9575 0.02125 0.0181965 0.0148236 0.00305352 0.00642639
0.95875 0.020625 0.0176524 0.0143733 0.00297255 0.00625168
0.96 0.02 0.0171092 0.0139243 0.0028908 0.00607571
0.96125 0.019375 0.0165667 0.0134765 0.0028083 0.00589852
0.9625 0.01875 0.0160249 0.0130299 0.00272505 0.00572012
0.96375 0.018125 0.0154839 0.0125844 0.00264109 0.00554058
0.965 0.0175 0.0149436 0.0121401 0.00255645 0.00535991
0.96625 0.016875 0.0144039 0.0116968 0.00247113 0.00517815
0.9675 0.01625 0.0138648 0.0112546 0.00238516 0.00499536
0.96875 0.015625 0.0133264 0.0108135 0.00229857 0.00481155
0.97 0.015 0.0127886 0.0103732 0.00221138 0.00462677
0.97125 0.014375 0.0122514 0.00993395 0.00212361 0.00444105
0.9725 0.01375 0.0117147 0.00949556 0.00203529 0.00425444
0.97375 0.013125 0.0111786 0.00905803 0.00194644 0.00406697
0.975 0.0125 0.0106429 0.00862132 0.00185708 0.00387868
0.97625 0.011875 0.0101078 0.0081854 0.00176723 0.0036896
0.9775 0.01125 0.00957308 0.00775022 0.00167692 0.00349978
0.97875 0.010625 0.00903882 0.00731574 0.00158618 0.00330926
0.98 0.01 0.00850498 0.00688194 0.00149502 0.00311806
0.98125 0.009375 0.00797152 0.00644876 0.00140348 0.00292624
0.9825 0.00875 0.00743843 0.00601617 0.00131157 0.00273383
0.98375 0.008125 0.00690569 0.00558413 0.00121931 0.00254087
0.985 0.0075 0.00637326 0.00515261 0.00112674 0.00234739
0.98625 0.006875 0.00584112 0.00472156 0.00103388 0.00215344
0.9875 0.00625 0.00530925 0.00429094 0.000940749 0.00195906
0.98875 0.005625 0.00477763 0.00386072 0.000847372 0.00176428
0.99 0.005 0.00424622 0.00343086 0.000753775 0.00156914
0.99125 0.004375 0.00371502 0.00300131 0.000659982 0.00137369
0.9925 0.00375 0.00318398 0.00257203 0.000566018 0.00117797
0.99375 0.003125 0.00265309 0.002143 0.000471906 0.000982001
0.995 0.0025 0.00212233 0.00171416 0.000377672 0.000785839
0.99625 0.001875 0.00159166 0.00128548 0.00028334 0.000589518
0.9975 0.00125 0.00106107 0.000856922 0.000188934 0.000393078
0.99875 0.000625 0.000530521 0.000428441 9.44794e-05 0.000196559
1 0 1.65444e-17 1.33609e-17 -1.65444e-17 -1.33609e-17
