x e e2 de
0 0 0 2.48308
0.0005 0.00124153 1.5414e-06 2.48304
0.001 0.00248303 6.16543e-06 2.48293
0.0015 0.00372445 1.38715e-05 2.48275
0.002 0.00496576 2.46588e-05 2.48249
0.0025 0.00620693 3.8526e-05 2.48217
0.003 0.00744792 5.54715e-05 2.48177
0.0035 0.00868869 7.54933e-05 2.48129
0.004 0.0099292 9.8589e-05 2.48075
0.0045 0.0111694 0.000124756 2.48013
0.005 0.0124093 0.000153991 2.47943
0.0055 0.0136488 0.000186291 2.47867
0.006 0.014888 0.000221652 2.47783
0.0065 0.0161267 0.000260069 2.47692
0.007 0.0173649 0.000301539 2.47594
0.0075 0.0186026 0.000346056 2.47488
0.008 0.0198397 0.000393616 2.47375
0.0085 0.0210763 0.000444212 2.47255
0.009 0.0223123 0.000497838 2.47128
0.0095 0.0235476 0.000554489 2.46993
0.01 0.0247822 0.000614158 2.46851
0.0105 0.0260161 0.000676837 2.46702
0.011 0.0272492 0.00074252 2.46546
0.0115 0.0284815 0.000811198 2.46382
0.012 0.029713 0.000882864 2.46211
0.0125 0.0309436 0.000957508 2.46033
0.013 0.0321733 0.00103512 2.45847
0.0135 0.0334021 0.0011157 2.45654
0.014 0.0346299 0.00119923 2.45454
0.0145 0.0358566 0.0012857 2.45247
0.015 0.0370823 0.0013751 2.45033
0.0155 0.0383069 0.00146742 2.44811
0.016 0.0395304 0.00156265 2.44582
0.0165 0.0407527 0.00166079 2.44346
0.017 0.0419739 0.00176181 2.44103
0.0175 0.0431938 0.0018657 2.43852
0.018 0.0444124 0.00197246 2.43594
0.0185 0.0456297 0.00208207 2.43329
0.019 0.0468457 0.00219452 2.43057
0.0195 0.0480603 0.00230979 2.42778
0.02 0.0492734 0.00242787 2.42491
0.0205 0.0504852 0.00254875 2.42197
0.021 0.0516954 0.00267241 2.41896
0.0215 0.0529041 0.00279884 2.41588
0.022 0.0541113 0.00292803 2.41273
0.0225 0.0553168 0.00305995 2.4095
0.023 0.0565208 0.0031946 2.40621
0.0235 0.057723 0.00333195 2.40284
0.024 0.0589236 0.00347199 2.3994
0.0245 0.0601224 0.0036147 2.39589
0.025 0.0613195 0.00376008 2.39231
0.0255 0.0625147 0.00390809 2.38865
0.026 0.0637081 0.00405872 2.38493
0.0265 0.0648996 0.00421196 2.38113
0.027 0.0660892 0.00436778 2.37726
0.0275 0.0672769 0.00452618 2.37332
0.028 0.0684625 0.00468712 2.36931
0.0285 0.0696462 0.00485059 2.36523
0.029 0.0708277 0.00501657 2.36108
0.0295 0.0720072 0.00518504 2.35685
0.03 0.0731846 0.00535598 2.35256
0.0305 0.0743598 0.00552938 2.3482
0.031 0.0755328 0.0057052 2.34376
0.0315 0.0767035 0.00588343 2.33926
0.032 0.077872 0.00606405 2.33468
0.0325 0.0790382 0.00624704 2.33003
0.033 0.080202 0.00643237 2.32532
0.0335 0.0813635 0.00662002 2.32053
0.034 0.0825225 0.00680997 2.31567
0.0345 0.0836792 0.0070022 2.31074
0.035 0.0848333 0.00719669 2.30574
0.0355 0.0859849 0.0073934 2.30068
0.036 0.0871339 0.00759232 2.29554
0.0365 0.0882804 0.00779343 2.29033
0.037 0.0894243 0.0079967 2.28505
0.0375 0.0905655 0.0082021 2.27971
0.038 0.091704 0.00840962 2.27429
0.0385 0.0928397 0.00861922 2.2688
0.039 0.0939728 0.00883088 2.26325
0.0395 0.095103 0.00904458 2.25763
0.04 0.0962304 0.00926028 2.25193
0.0405 0.0973549 0.00947798 2.24617
0.041 0.0984765 0.00969763 2.24034
0.0415 0.0995952 0.00991921 2.23444
0.042 0.100711 0.0101427 2.22847
0.0425 0.101824 0.0103681 2.22243
0.043 0.102933 0.0105953 2.21632
0.0435 0.10404 0.0108243 2.21015
0.044 0.105144 0.0110552 2.2039
0.0445 0.106244 0.0112878 2.19759
0.045 0.107341 0.0115221 2.19121
0.0455 0.108435 0.0117582 2.18476
0.046 0.109526 0.0119959 2.17824
0.0465 0.110613 0.0122353 2.17166
0.047 0.111697 0.0124763 2.16501
0.0475 0.112778 0.0127189 2.15829
0.048 0.113856 0.0129631 2.1515
0.0485 0.11493 0.0132089 2.14465
0.049 0.116 0.0134561 2.13772
0.0495 0.117068 0.0137048 2.13073
0.05 0.118131 0.013955 2.12368
0.0505 0.119191 0.0142065 2.11655
0.051 0.120248 0.0144595 2.10936
0.0515 0.121301 0.0147138 2.10211
0.052 0.12235 0.0149695 2.09478
0.0525 0.123395 0.0152264 2.08739
0.053 0.124437 0.0154846 2.07994
0.0535 0.125475 0.015744 2.07241
0.054 0.12651 0.0160047 2.06482
0.0545 0.12754 0.0162665 2.05717
0.055 0.128567 0.0165294 2.04945
0.0555 0.129589 0.0167934 2.04166
0.056 0.130608 0.0170585 2.03381
0.0565 0.131623 0.0173247 2.02589
0.057 0.132634 0.0175918 2.0179
0.0575 0.133641 0.01786 2.00985
0.058 0.134644 0.018129 2.00174
0.0585 0.135643 0.018399 1.99356
0.059 0.136638 0.0186698 1.98532
0.0595 0.137628 0.0189415 1.97701
0.06 0.138615 0.019214 1.96863
0.0605 0.139597 0.0194873 1.9602
0.061 0.140575 0.0197613 1.95169
0.0615 0.141548 0.020036 1.94313
0.062 0.142518 0.0203114 1.9345
0.0625 0.143483 0.0205874 1.9258
0.063 0.144444 0.020864 1.91704
0.0635 0.1454 0.0211412 1.90822
0.064 0.146352 0.0214189 1.89933
0.0645 0.147299 0.0216971 1.89039
0.065 0.148242 0.0219758 1.88137
0.0655 0.149181 0.0222549 1.8723
0.066 0.150115 0.0225344 1.86316
0.0665 0.151044 0.0228142 1.85396
0.067 0.151969 0.0230944 1.84469
0.0675 0.152889 0.0233749 1.83537
0.068 0.153804 0.0236556 1.82598
0.0685 0.154715 0.0239366 1.81653
0.069 0.15562 0.0242177 1.80702
0.0695 0.156522 0.024499 1.79744
0.07 0.157418 0.0247804 1.7878
0.0705 0.158309 0.0250618 1.77811
0.071 0.159196 0.0253433 1.76835
0.0715 0.160078 0.0256249 1.75853
0.072 0.160954 0.0259063 1.74864
0.0725 0.161826 0.0261877 1.7387
0.073 0.162693 0.0264691 1.7287
0.0735 0.163555 0.0267502 1.71863
0.074 0.164412 0.0270312 1.70851
0.0745 0.165263 0.027312 1.69833
0.075 0.16611 0.0275926 1.68808
0.0755 0.166952 0.0278728 1.67778
0.076 0.167788 0.0281528 1.66741
0.0765 0.168619 0.0284323 1.65699
0.077 0.169445 0.0287115 1.6465
0.0775 0.170265 0.0289903 1.63596
0.078 0.171081 0.0292686 1.62536
0.0785 0.171891 0.0295464 1.6147
0.079 0.172695 0.0298237 1.60398
0.0795 0.173495 0.0301004 1.5932
0.08 0.174289 0.0303765 1.58236
0.0805 0.175077 0.030652 1.57147
0.081 0.17586 0.0309268 1.56051
0.0815 0.176638 0.0312008 1.5495
0.082 0.17741 0.0314742 1.53843
0.0825 0.178176 0.0317467 1.5273
0.083 0.178937 0.0320184 1.51612
0.0835 0.179692 0.0322893 1.50488
0.084 0.180442 0.0325592 1.49358
0.0845 0.181186 0.0328283 1.48223
0.085 0.181924 0.0330963 1.47082
0.0855 0.182657 0.0333634 1.45935
0.086 0.183383 0.0336294 1.44782
0.0865 0.184104 0.0338944 1.43624
0.087 0.18482 0.0341583 1.42461
0.0875 0.185529 0.034421 1.41291
0.088 0.186232 0.0346825 1.40117
0.0885 0.18693 0.0349429 1.38936
0.089 0.187622 0.0352019 1.37751
0.0895 0.188308 0.0354597 1.36559
0.09 0.188987 0.0357162 1.35363
0.0905 0.189661 0.0359714 1.3416
0.091 0.190329 0.0362251 1.32953
0.0915 0.190991 0.0364774 1.3174
0.092 0.191646 0.0367283 1.30521
0.0925 0.192296 0.0369777 1.29297
0.093 0.192939 0.0372256 1.28068
0.0935 0.193577 0.0374719 1.26833
0.094 0.194208 0.0377166 1.25593
0.0945 0.194832 0.0379597 1.24348
0.095 0.195451 0.0382011 1.23098
0.0955 0.196063 0.0384409 1.21842
0.096 0.19667 0.0386789 1.20581
0.0965 0.197269 0.0389152 1.19315
0.097 0.197863 0.0391496 1.18043
0.0975 0.19845 0.0393823 1.16767
0.098 0.19903 0.0396131 1.15485
0.0985 0.199605 0.039842 1.14198
0.099 0.200172 0.0400689 1.12906
0.0995 0.200734 0.040294 1.11609
0.1 0.201288 0.040517 1.10307
0.1005 0.201837 0.040738 1.09
0.101 0.202378 0.040957 1.07687
0.1015 0.202914 0.0411739 1.0637
0.102 0.203442 0.0413887 1.05048
0.1025 0.203964 0.0416013 1.03721
0.103 0.204479 0.0418118 1.02388
0.1035 0.204988 0.04202 1.01051
0.104 0.20549 0.042226 0.997092
0.1045 0.205985 0.0424298 0.983623
0.105 0.206473 0.0426313 0.970105
0.1055 0.206955 0.0428304 0.956538
0.106 0.20743 0.0430272 0.942923
0.1065 0.207898 0.0432216 0.929261
0.107 0.208359 0.0434135 0.91555
0.1075 0.208814 0.0436031 0.901792
0.108 0.209261 0.0437901 0.887987
0.1085 0.209701 0.0439747 0.874134
0.109 0.210135 0.0441567 0.860235
0.1095 0.210562 0.0443362 0.846288
0.11 0.210981 0.0445131 0.832296
0.1105 0.211394 0.0446874 0.818257
0.111 0.2118 0.0448591 0.804172
0.1115 0.212198 0.0450281 0.790041
0.112 0.21259 0.0451944 0.775865
0.1125 0.212974 0.0453579 0.761643
0.113 0.213351 0.0455188 0.747376
0.1135 0.213721 0.0456768 0.733064
0.114 0.214084 0.0458321 0.718708
0.1145 0.21444 0.0459845 0.704307
0.115 0.214789 0.0461342 0.689862
0.1155 0.21513 0.0462809 0.675373
0.116 0.215464 0.0464247 0.66084
0.1165 0.215791 0.0465657 0.646263
0.117 0.21611 0.0467036 0.631644
0.1175 0.216422 0.0468387 0.616981
0.118 0.216727 0.0469707 0.602275
0.1185 0.217025 0.0470997 0.587527
0.119 0.217315 0.0472257 0.572736
0.1195 0.217597 0.0473486 0.557904
0.12 0.217873 0.0474685 0.543029
0.1205 0.21814 0.0475852 0.528113
0.121 0.218401 0.0476989 0.513155
0.1215 0.218654 0.0478094 0.498156
0.122 0.218899 0.0479167 0.483116
0.1225 0.219137 0.0480209 0.468036
0.123 0.219367 0.0481218 0.452914
0.1235 0.21959 0.0482196 0.437753
0.124 0.219805 0.0483141 0.422552
0.1245 0.220012 0.0484053 0.407311
0.125 0.220212 0.0484933 0.39203
0.1255 0.220404 0.048578 0.37671
0.126 0.220589 0.0486594 0.361351
0.1265 0.220766 0.0487374 0.345953
0.127 0.220935 0.0488121 0.330517
0.1275 0.221096 0.0488834 0.315042
0.128 0.22125 0.0489514 0.299529
0.1285 0.221396 0.049016 0.283979
0.129 0.221534 0.0490772 0.26839
0.1295 0.221664 0.0491349 0.252765
0.13 0.221786 0.0491892 0.237102
0.1305 0.221901 0.0492401 0.221403
0.131 0.222008 0.0492875 0.205667
0.1315 0.222107 0.0493314 0.189894
0.132 0.222198 0.0493718 0.174086
0.1325 0.222281 0.0494087 0.158241
0.133 0.222356 0.0494422 0.142361
0.1335 0.222423 0.049472 0.126446
0.134 0.222482 0.0494984 0.110495
0.1345 0.222534 0.0495212 0.0945101
0.135 0.222577 0.0495405 0.0784901
0.1355 0.222612 0.0495561 0.0624358
0.136 0.222639 0.0495683 0.0463473
0.1365 0.222658 0.0495768 0.030225
0.137 0.22267 0.0495817 0.0140691
0.1375 0.222672 0.049583 -0.00212022
0.138 0.222667 0.0495808 -0.0183426
0.1385 0.222654 0.0495749 -0.0345978
0.139 0.222633 0.0495654 -0.0508857
0.1395 0.222603 0.0495522 -0.0672058
0.14 0.222566 0.0495354 -0.0835581
0.1405 0.22252 0.049515 -0.0999422
0.141 0.222466 0.049491 -0.116358
0.1415 0.222403 0.0494632 -0.132805
0.142 0.222333 0.0494319 -0.149283
0.1425 0.222254 0.0493969 -0.165792
0.143 0.222167 0.0493582 -0.182331
0.1435 0.222072 0.0493158 -0.198901
0.144 0.221968 0.0492698 -0.215501
0.1445 0.221856 0.0492202 -0.23213
0.145 0.221736 0.0491668 -0.248789
0.1455 0.221607 0.0491098 -0.265477
0.146 0.22147 0.0490492 -0.282195
0.1465 0.221325 0.0489848 -0.298941
0.147 0.221172 0.0489169 -0.315715
0.1475 0.221009 0.0488452 -0.332518
0.148 0.220839 0.0487699 -0.349349
0.1485 0.22066 0.0486909 -0.366207
0.149 0.220473 0.0486083 -0.383093
0.1495 0.220277 0.048522 -0.400006
0.15 0.220073 0.048432 -0.416946
0.1505 0.21986 0.0483385 -0.433913
0.151 0.219639 0.0482412 -0.450906
0.1515 0.219409 0.0481404 -0.467925
0.152 0.219171 0.0480359 -0.48497
0.1525 0.218924 0.0479278 -0.50204
0.153 0.218669 0.0478161 -0.519136
0.1535 0.218405 0.0477008 -0.536257
0.154 0.218133 0.0475819 -0.553403
0.1545 0.217852 0.0474593 -0.570573
0.155 0.217562 0.0473333 -0.587768
0.1555 0.217264 0.0472036 -0.604987
0.156 0.216957 0.0470704 -0.622229
0.1565 0.216642 0.0469336 -0.639495
0.157 0.216318 0.0467933 -0.656784
0.1575 0.215985 0.0466495 -0.674096
0.158 0.215643 0.0465021 -0.691431
0.1585 0.215293 0.0463513 -0.708788
0.159 0.214935 0.0461969 -0.726167
0.1595 0.214567 0.0460391 -0.743568
0.16 0.214191 0.0458778 -0.760991
0.1605 0.213806 0.0457131 -0.778435
0.161 0.213413 0.045545 -0.795901
0.1615 0.21301 0.0453734 -0.813387
0.162 0.212599 0.0451985 -0.830893
0.1625 0.212179 0.0450201 -0.84842
0.163 0.211751 0.0448384 -0.865967
0.1635 0.211313 0.0446534 -0.883534
0.164 0.210867 0.044465 -0.90112
0.1645 0.210412 0.0442734 -0.918725
0.165 0.209949 0.0440784 -0.93635
0.1655 0.209476 0.0438802 -0.953993
0.166 0.208995 0.0436787 -0.971654
0.1665 0.208504 0.0434741 -0.989334
0.167 0.208005 0.0432662 -1.00703
0.1675 0.207497 0.0430551 -1.02475
0.168 0.206981 0.0428409 -1.04248
0.1685 0.206455 0.0426236 -1.06023
0.169 0.20592 0.0424032 -1.07799
0.1695 0.205377 0.0421796 -1.09578
0.17 0.204825 0.0419531 -1.11358
0.1705 0.204263 0.0417235 -1.13139
0.171 0.203693 0.0414909 -1.14922
0.1715 0.203114 0.0412553 -1.16707
0.172 0.202526 0.0410168 -1.18493
0.1725 0.201929 0.0407754 -1.2028
0.173 0.201323 0.040531 -1.22069
0.1735 0.200708 0.0402839 -1.2386
0.174 0.200085 0.0400339 -1.25652
0.1745 0.199452 0.0397811 -1.27445
0.175 0.19881 0.0395255 -1.2924
0.1755 0.198159 0.0392672 -1.31036
0.176 0.1975 0.0390062 -1.32833
0.1765 0.196831 0.0387425 -1.34632
0.177 0.196154 0.0384762 -1.36431
0.1775 0.195467 0.0382073 -1.38232
0.178 0.194771 0.0379358 -1.40035
0.1785 0.194066 0.0376618 -1.41838
0.179 0.193353 0.0373853 -1.43642
0.1795 0.19263 0.0371063 -1.45448
0.18 0.191898 0.036825 -1.47255
0.1805 0.191158 0.0365412 -1.49062
0.181 0.190408 0.0362551 -1.50871
0.1815 0.189649 0.0359667 -1.52681
0.182 0.188881 0.035676 -1.54492
0.1825 0.188104 0.0353831 -1.56303
0.183 0.187318 0.035088 -1.58116
0.1835 0.186523 0.0347907 -1.5993
0.184 0.185719 0.0344914 -1.61744
0.1845 0.184905 0.03419 -1.63559
0.185 0.184083 0.0338865 -1.65375
0.1855 0.183252 0.0335811 -1.67192
0.186 0.182411 0.0332738 -1.69009
0.1865 0.181561 0.0329646 -1.70828
0.187 0.180703 0.0326535 -1.72647
0.1875 0.179835 0.0323406 -1.74466
0.188 0.178958 0.032026 -1.76287
0.1885 0.178072 0.0317097 -1.78108
0.189 0.177177 0.0313917 -1.79929
0.1895 0.176273 0.0310721 -1.81751
0.19 0.175359 0.030751 -1.83574
0.1905 0.174437 0.0304283 -1.85397
0.191 0.173506 0.0301042 -1.87221
0.1915 0.172565 0.0297786 -1.89045
0.192 0.171615 0.0294517 -1.90869
0.1925 0.170656 0.0291235 -1.92694
0.193 0.169688 0.0287941 -1.9452
0.1935 0.168711 0.0284634 -1.96345
0.194 0.167725 0.0281316 -1.98171
0.1945 0.166729 0.0277986 -1.99997
0.195 0.165725 0.0274647 -2.01824
0.1955 0.164711 0.0271297 -2.03651
0.196 0.163688 0.0267938 -2.05478
0.1965 0.162656 0.0264571 -2.07305
0.197 0.161615 0.0261195 -2.09132
0.1975 0.160565 0.0257811 -2.1096
0.198 0.159506 0.025442 -2.12787
0.1985 0.158437 0.0251023 -2.14615
0.199 0.157359 0.024762 -2.16443
0.1995 0.156273 0.0244211 -2.18271
0.2 0.155177 0.0240798 -2.20098
0.2005 0.154072 0.0237381 -2.21926
0.201 0.152957 0.023396 -2.23754
0.2015 0.151834 0.0230536 -2.25582
0.202 0.150702 0.022711 -2.27409
0.2025 0.14956 0.0223682 -2.29236
0.203 0.148409 0.0220253 -2.31064
0.2035 0.147249 0.0216824 -2.32891
0.204 0.14608 0.0213395 -2.34717
0.2045 0.144902 0.0209966 -2.36544
0.205 0.143715 0.020654 -2.3837
0.2055 0.142518 0.0203115 -2.40196
0.206 0.141313 0.0199693 -2.42022
0.2065 0.140098 0.0196275 -2.43847
0.207 0.138874 0.0192861 -2.45672
0.2075 0.137642 0.0189452 -2.47497
0.208 0.136399 0.0186048 -2.49321
0.2085 0.135148 0.0182651 -2.51145
0.209 0.133888 0.017926 -2.52968
0.2095 0.132619 0.0175877 -2.54791
0.21 0.13134 0.0172502 -2.56613
0.2105 0.130053 0.0169137 -2.58435
0.211 0.128756 0.0165781 -2.60256
0.2115 0.12745 0.0162435 -2.62076
0.212 0.126135 0.01591 -2.63896
0.2125 0.124811 0.0155778 -2.65715
0.213 0.123478 0.0152468 -2.67534
0.2135 0.122136 0.0149171 -2.69352
0.214 0.120784 0.0145889 -2.71169
0.2145 0.119424 0.0142621 -2.72985
0.215 0.118055 0.0139369 -2.748
0.2155 0.116676 0.0136133 -2.76615
0.216 0.115288 0.0132914 -2.78429
0.2165 0.113892 0.0129713 -2.80242
0.217 0.112486 0.0126531 -2.82054
0.2175 0.111071 0.0123368 -2.83865
0.218 0.109647 0.0120225 -2.85675
0.2185 0.108214 0.0117104 -2.87484
0.219 0.106772 0.0114004 -2.89293
0.2195 0.105321 0.0110926 -2.911
0.22 0.103861 0.0107872 -2.92906
0.2205 0.102392 0.0104842 -2.94711
0.221 0.100914 0.0101837 -2.96515
0.2215 0.0994273 0.00988578 -2.98318
0.222 0.0979312 0.00959052 -3.0012
0.2225 0.0964261 0.00929799 -3.0192
0.223 0.094912 0.00900828 -3.03719
0.2235 0.0933889 0.00872148 -3.05518
0.224 0.0918568 0.00843767 -3.07314
0.2245 0.0903157 0.00815693 -3.0911
0.225 0.0887657 0.00787935 -3.10904
0.2255 0.0872067 0.00760501 -3.12697
0.226 0.0856387 0.00733399 -3.14489
0.2265 0.0840618 0.00706639 -3.16279
0.227 0.0824759 0.00680228 -3.18068
0.2275 0.0808811 0.00654176 -3.19855
0.228 0.0792774 0.00628491 -3.21641
0.2285 0.0776647 0.00603181 -3.23426
0.229 0.0760431 0.00578256 -3.25208
0.2295 0.0744126 0.00553724 -3.2699
0.23 0.0727732 0.00529595 -3.2877
0.2305 0.071125 0.00505876 -3.30548
0.231 0.0694678 0.00482577 -3.32325
0.2315 0.0678017 0.00459707 -3.341
0.232 0.0661268 0.00437275 -3.35873
0.2325 0.064443 0.0041529 -3.37645
0.233 0.0627503 0.0039376 -3.39415
0.2335 0.0610488 0.00372696 -3.41183
0.234 0.0593385 0.00352106 -3.4295
0.2345 0.0576193 0.00331999 -3.44715
0.235 0.0558914 0.00312384 -3.46478
0.2355 0.0541546 0.00293272 -3.48239
0.236 0.052409 0.0027467 -3.49998
0.2365 0.0506546 0.00256589 -3.51756
0.237 0.0488914 0.00239037 -3.53511
0.2375 0.0471195 0.00222024 -3.55265
0.238 0.0453388 0.0020556 -3.57017
0.2385 0.0435493 0.00189654 -3.58766
0.239 0.0417511 0.00174316 -3.60514
0.2395 0.0399442 0.00159554 -3.6226
0.24 0.0381285 0.00145378 -3.64004
0.2405 0.0363041 0.00131799 -3.65745
0.241 0.0344711 0.00118825 -3.67485
0.2415 0.0326293 0.00106467 -3.69222
0.242 0.0307788 0.000947337 -3.70958
0.2425 0.0289197 0.000836351 -3.72691
0.243 0.0270519 0.000731808 -3.74422
0.2435 0.0251755 0.000633807 -3.7615
0.244 0.0232904 0.000542445 -3.77877
0.2445 0.0213967 0.000457821 -3.79601
0.245 0.0194944 0.000380033 -3.81323
0.2455 0.0175835 0.00030918 -3.83043
0.246 0.015664 0.000245361 -3.84761
0.2465 0.0137359 0.000188675 -3.86476
0.247 0.0117993 0.000139222 -3.88188
0.2475 0.00985404 9.7102e-05 -3.89899
0.248 0.00790027 6.24143e-05 -3.91607
0.2485 0.00593797 3.52595e-05 -3.93312
0.249 0.00396715 1.57383e-05 -3.95015
0.2495 0.00198783 3.95145e-06 -3.96716
0.25 0 0 -0.755712
0.2505 0.00123212 1.51811e-06 2.45576
0.251 0.00245576 6.03078e-06 2.43883
0.2515 0.00367095 1.34759e-05 2.42193
0.252 0.00487769 2.37919e-05 2.40505
0.2525 0.006076 3.69178e-05 2.38819
0.253 0.00726589 5.27932e-05 2.37137
0.2535 0.00844738 7.13581e-05 2.35457
0.254 0.00962047 9.25534e-05 2.3378
0.2545 0.0107852 0.00011632 2.32105
0.255 0.0119415 0.0001426 2.30433
0.2555 0.0130895 0.000171335 2.28764
0.256 0.0142292 0.000202469 2.27098
0.2565 0.0153605 0.000235945 2.25434
0.257 0.0164835 0.000271706 2.23773
0.2575 0.0175982 0.000309698 2.22115
0.258 0.0187047 0.000349865 2.2046
0.2585 0.0198028 0.000392152 2.18808
0.259 0.0208928 0.000436507 2.17159
0.2595 0.0219744 0.000482876 2.15512
0.26 0.0230479 0.000531205 2.13869
0.2605 0.0241131 0.000581443 2.12228
0.261 0.0251702 0.000633537 2.10591
0.2615 0.026219 0.000687438 2.08956
0.262 0.0272597 0.000743093 2.07325
0.2625 0.0282923 0.000800454 2.05696
0.263 0.0293167 0.000859469 2.04071
0.2635 0.030333 0.000920091 2.02449
0.264 0.0313412 0.000982271 2.00829
0.2645 0.0323413 0.00104596 1.99213
0.265 0.0333333 0.00111111 1.976
0.2655 0.0343173 0.00117768 1.9599
0.266 0.0352932 0.00124561 1.94384
0.2665 0.0362612 0.00131487 1.9278
0.267 0.0372211 0.00138541 1.9118
0.2675 0.038173 0.00145717 1.89583
0.268 0.0391169 0.00153013 1.8799
0.2685 0.0400529 0.00160423 1.86399
0.269 0.0409809 0.00167943 1.84812
0.2695 0.041901 0.00175569 1.83228
0.27 0.0428132 0.00183297 1.81648
0.2705 0.0437175 0.00191122 1.80071
0.271 0.0446139 0.0019904 1.78497
0.2715 0.0455024 0.00207047 1.76927
0.272 0.0463832 0.0021514 1.7536
0.2725 0.047256 0.00223313 1.73796
0.273 0.0481211 0.00231564 1.72237
0.2735 0.0489784 0.00239889 1.7068
0.274 0.0498279 0.00248282 1.69127
0.2745 0.0506697 0.00256742 1.67578
0.275 0.0515037 0.00265263 1.66032
0.2755 0.05233 0.00273843 1.64489
0.276 0.0531486 0.00282478 1.6295
0.2765 0.0539595 0.00291163 1.61415
0.277 0.0547628 0.00299896 1.59884
0.2775 0.0555584 0.00308673 1.58356
0.278 0.0563463 0.00317491 1.56831
0.2785 0.0571267 0.00326346 1.55311
0.279 0.0578995 0.00335235 1.53794
0.2795 0.0586646 0.00344154 1.5228
0.28 0.0594223 0.00353101 1.50771
0.2805 0.0601724 0.00362071 1.49265
0.281 0.0609149 0.00371063 1.47763
0.2815 0.06165 0.00380072 1.46265
0.282 0.0623776 0.00389096 1.4477
0.2825 0.0630977 0.00398132 1.43279
0.283 0.0638104 0.00407176 1.41793
0.2835 0.0645156 0.00416227 1.4031
0.284 0.0652135 0.0042528 1.3883
0.2845 0.0659039 0.00434333 1.37355
0.285 0.066587 0.00443383 1.35884
0.2855 0.0672628 0.00452428 1.34416
0.286 0.0679312 0.00461465 1.32953
0.2865 0.0685923 0.00470491 1.31493
0.287 0.0692461 0.00479503 1.30037
0.2875 0.0698927 0.00488499 1.28586
0.288 0.070532 0.00497476 1.27138
0.2885 0.0711641 0.00506433 1.25695
0.289 0.071789 0.00515365 1.24255
0.2895 0.0724066 0.00524272 1.22819
0.29 0.0730172 0.00533151 1.21388
0.2905 0.0736205 0.00541998 1.1996
0.291 0.0742168 0.00550813 1.18537
0.2915 0.0748059 0.00559592 1.17118
0.292 0.075388 0.00568334 1.15703
0.2925 0.0759629 0.00577037 1.14292
0.293 0.0765309 0.00585697 1.12885
0.2935 0.0770918 0.00594314 1.11482
0.294 0.0776457 0.00602886 1.10084
0.2945 0.0781926 0.00611409 1.0869
0.295 0.0787326 0.00619882 1.073
0.2955 0.0792656 0.00628304 1.05914
0.296 0.0797918 0.00636672 1.04532
0.2965 0.080311 0.00644985 1.03155
0.297 0.0808233 0.00653241 1.01782
0.2975 0.0813288 0.00661437 1.00413
0.298 0.0818275 0.00669573 0.99049
0.2985 0.0823193 0.00677647 0.976889
0.299 0.0828043 0.00685656 0.963332
0.2995 0.0832826 0.006936 0.949819
0.3 0.0837542 0.00701476 0.936349
0.3005 0.084219 0.00709284 0.922923
0.301 0.0846771 0.00717021 0.909541
0.3015 0.0851285 0.00724687 0.896203
0.302 0.0855733 0.00732279 0.882909
0.3025 0.0860115 0.00739797 0.86966
0.303 0.086443 0.00747239 0.856455
0.3035 0.0868679 0.00754604 0.843295
0.304 0.0872863 0.0076189 0.830179
0.3045 0.0876981 0.00769096 0.817109
0.305 0.0881034 0.00776221 0.804084
0.3055 0.0885022 0.00783264 0.791104
0.306 0.0888945 0.00790223 0.778169
0.3065 0.0892804 0.00797099 0.76528
0.307 0.0896598 0.00803888 0.752436
0.3075 0.0900328 0.00810591 0.739638
0.308 0.0903994 0.00817206 0.726886
0.3085 0.0907597 0.00823733 0.71418
0.309 0.0911136 0.00830169 0.70152
0.3095 0.0914612 0.00836516 0.688906
0.31 0.0918025 0.00842771 0.676339
0.3105 0.0921376 0.00848933 0.663818
0.311 0.0924664 0.00855003 0.651344
0.3115 0.0927889 0.00860979 0.638917
0.312 0.0931053 0.0086686 0.626536
0.3125 0.0934155 0.00872645 0.614202
0.313 0.0937195 0.00878335 0.601916
0.3135 0.0940174 0.00883927 0.589677
0.314 0.0943092 0.00889422 0.577485
0.3145 0.0945949 0.00894819 0.56534
0.315 0.0948745 0.00900118 0.553243
0.3155 0.0951481 0.00905317 0.541194
0.316 0.0954157 0.00910416 0.529192
0.3165 0.0956773 0.00915416 0.517239
0.317 0.095933 0.00920314 0.505333
0.3175 0.0961827 0.00925111 0.493476
0.318 0.0964265 0.00929806 0.481667
0.3185 0.0966644 0.009344 0.469906
0.319 0.0968964 0.00938891 0.458193
0.3195 0.0971226 0.00943279 0.44653
0.32 0.0973429 0.00947565 0.434915
0.3205 0.0975575 0.00951746 0.423348
0.321 0.0977663 0.00955825 0.411831
0.3215 0.0979693 0.00959799 0.400362
0.322 0.0981667 0.00963669 0.388943
0.3225 0.0983583 0.00967435 0.377572
0.323 0.0985442 0.00971097 0.366251
0.3235 0.0987245 0.00974653 0.35498
0.324 0.0988992 0.00978106 0.343757
0.3245 0.0990683 0.00981453 0.332585
0.325 0.0992318 0.00984695 0.321462
0.3255 0.0993898 0.00987833 0.310389
0.326 0.0995422 0.00990865 0.299365
0.3265 0.0996891 0.00993793 0.288392
0.327 0.0998306 0.00996615 0.277468
0.3275 0.0999666 0.00999333 0.266595
0.328 0.100097 0.0100195 0.255772
0.3285 0.100222 0.0100445 0.244999
0.329 0.100342 0.0100686 0.234277
0.3295 0.100457 0.0100915 0.223605
0.33 0.100566 0.0101135 0.212983
0.3305 0.10067 0.0101344 0.202412
0.331 0.100768 0.0101542 0.191892
0.3315 0.100862 0.0101731 0.181423
0.332 0.10095 0.0101908 0.171005
0.3325 0.101033 0.0102076 0.160637
0.333 0.10111 0.0102233 0.150321
0.3335 0.101183 0.010238 0.140055
0.334 0.10125 0.0102516 0.129841
0.3345 0.101313 0.0102643 0.119678
0.335 0.10137 0.0102759 0.109567
0.3355 0.101422 0.0102865 0.0995068
0.336 0.10147 0.0102961 0.0894981
0.3365 0.101512 0.0103047 0.079541
0.337 0.101549 0.0103122 0.0696356
0.3375 0.101582 0.0103188 0.0597818
0.338 0.101609 0.0103244 0.0499797
0.3385 0.101631 0.010329 0.0402295
0.339 0.101649 0.0103326 0.0305312
0.3395 0.101662 0.0103352 0.0208848
0.34 0.10167 0.0103368 0.0112905
0.3405 0.101673 0.0103375 0.00174822
0.341 0.101672 0.0103372 -0.00774191
0.3415 0.101666 0.0103359 -0.0171798
0.342 0.101655 0.0103337 -0.0265655
0.3425 0.101639 0.0103305 -0.0358989
0.343 0.101619 0.0103264 -0.0451798
0.3435 0.101594 0.0103213 -0.0544084
0.344 0.101564 0.0103153 -0.0635844
0.3445 0.10153 0.0103084 -0.0727079
0.345 0.101492 0.0103006 -0.0817789
0.3455 0.101449 0.0102918 -0.0907971
0.346 0.101401 0.0102821 -0.0997627
0.3465 0.101349 0.0102716 -0.108676
0.347 0.101292 0.0102601 -0.117536
0.3475 0.101231 0.0102478 -0.126343
0.348 0.101166 0.0102345 -0.135097
0.3485 0.101096 0.0102204 -0.143798
0.349 0.101022 0.0102055 -0.152447
0.3495 0.100944 0.0101896 -0.161042
0.35 0.100861 0.010173 -0.169584
0.3505 0.100774 0.0101554 -0.178074
0.351 0.100683 0.0101371 -0.18651
0.3515 0.100588 0.0101179 -0.194892
0.352 0.100488 0.0100979 -0.203222
0.3525 0.100384 0.010077 -0.211498
0.353 0.100277 0.0100554 -0.219722
0.3535 0.100165 0.010033 -0.227891
0.354 0.100049 0.0100097 -0.236008
0.3545 0.0999287 0.00998575 -0.244071
0.355 0.0998047 0.00996097 -0.25208
0.3555 0.0996766 0.00993543 -0.260036
0.356 0.0995446 0.00990914 -0.267939
0.3565 0.0994087 0.00988209 -0.275788
0.357 0.0992689 0.00985431 -0.283583
0.3575 0.0991251 0.00982579 -0.291325
0.358 0.0989776 0.00979656 -0.299013
0.3585 0.0988261 0.0097666 -0.306648
0.359 0.0986709 0.00973595 -0.314229
0.3595 0.0985119 0.0097046 -0.321757
0.36 0.0983492 0.00967256 -0.32923
0.3605 0.0981827 0.00963984 -0.33665
0.361 0.0980125 0.00960645 -0.344016
0.3615 0.0978387 0.00957241 -0.351329
0.362 0.0976612 0.00953771 -0.358588
0.3625 0.0974801 0.00950237 -0.365793
0.363 0.0972954 0.0094664 -0.372944
0.3635 0.0971072 0.0094298 -0.380041
0.364 0.0969154 0.00939259 -0.387084
0.3645 0.0967201 0.00935478 -0.394074
0.365 0.0965213 0.00931637 -0.40101
0.3655 0.0963191 0.00927737 -0.407892
0.366 0.0961134 0.00923779 -0.41472
0.3665 0.0959044 0.00919765 -0.421494
0.367 0.095692 0.00915695 -0.428214
0.3675 0.0954762 0.0091157 -0.434881
0.368 0.0952571 0.00907391 -0.441493
0.3685 0.0950347 0.00903159 -0.448052
0.369 0.094809 0.00898875 -0.454557
0.3695 0.0945801 0.0089454 -0.461007
0.37 0.094348 0.00890155 -0.467404
0.3705 0.0941128 0.00885721 -0.473747
0.371 0.0938743 0.00881238 -0.480036
0.3715 0.0936327 0.00876709 -0.486272
0.372 0.093388 0.00872133 -0.492453
0.3725 0.0931403 0.00867511 -0.49858
0.373 0.0928895 0.00862845 -0.504654
0.3735 0.0926356 0.00858136 -0.510674
0.374 0.0923788 0.00853384 -0.51664
0.3745 0.092119 0.00848591 -0.522551
0.375 0.0918563 0.00843757 -0.52841
0.3755 0.0915906 0.00838884 -0.534214
0.376 0.0913221 0.00833972 -0.539964
0.3765 0.0910506 0.00829022 -0.545661
0.377 0.0907764 0.00824036 -0.551304
0.3775 0.0904994 0.00819013 -0.556893
0.378 0.0902195 0.00813956 -0.562428
0.3785 0.0899369 0.00808865 -0.56791
0.379 0.0896516 0.00803741 -0.573337
0.3795 0.0893636 0.00798585 -0.578711
0.38 0.0890729 0.00793398 -0.584032
0.3805 0.0887796 0.00788181 -0.589298
0.381 0.0884836 0.00782935 -0.594512
0.3815 0.0881851 0.00777661 -0.599671
0.382 0.087884 0.00772359 -0.604777
0.3825 0.0875803 0.00767031 -0.609829
0.383 0.0872741 0.00761678 -0.614828
0.3835 0.0869655 0.007563 -0.619773
0.384 0.0866544 0.00750898 -0.624664
0.3845 0.0863408 0.00745474 -0.629503
0.385 0.0860249 0.00740028 -0.634287
0.3855 0.0857066 0.00734561 -0.639019
0.386 0.0853859 0.00729075 -0.643697
0.3865 0.0850629 0.00723569 -0.648321
0.387 0.0847376 0.00718046 -0.652893
0.3875 0.08441 0.00712505 -0.657411
0.388 0.0840802 0.00706947 -0.661876
0.3885 0.0837481 0.00701375 -0.666287
0.389 0.0834139 0.00695788 -0.670646
0.3895 0.0830775 0.00690187 -0.674951
0.39 0.0827389 0.00684573 -0.679203
0.3905 0.0823983 0.00678948 -0.683402
0.391 0.0820556 0.00673311 -0.687549
0.3915 0.0817108 0.00667665 -0.691642
0.392 0.0813639 0.00662009 -0.695682
0.3925 0.0810151 0.00656344 -0.69967
0.393 0.0806643 0.00650672 -0.703604
0.3935 0.0803115 0.00644993 -0.707486
0.394 0.0799568 0.00639309 -0.711315
0.3945 0.0796002 0.00633619 -0.715092
0.395 0.0792417 0.00627925 -0.718816
0.3955 0.0788814 0.00622227 -0.722487
0.396 0.0785192 0.00616527 -0.726106
0.3965 0.0781553 0.00610825 -0.729672
0.397 0.0777896 0.00605121 -0.733186
0.3975 0.0774221 0.00599418 -0.736647
0.398 0.0770529 0.00593715 -0.740056
0.3985 0.076682 0.00588014 -0.743413
0.399 0.0763095 0.00582314 -0.746718
0.3995 0.0759353 0.00576618 -0.749971
0.4 0.0755596 0.00570925 -0.753171
0.4005 0.0751822 0.00565236 -0.75632
0.401 0.0748032 0.00559552 -0.759416
0.4015 0.0744228 0.00553875 -0.762461
0.402 0.0740408 0.00548204 -0.765454
0.4025 0.0736573 0.0054254 -0.768395
0.403 0.0732724 0.00536884 -0.771284
0.4035 0.072886 0.00531238 -0.774122
0.404 0.0724983 0.005256 -0.776908
0.4045 0.0721091 0.00519973 -0.779643
0.405 0.0717187 0.00514357 -0.782326
0.4055 0.0713268 0.00508752 -0.784958
0.406 0.0709337 0.00503159 -0.787538
0.4065 0.0705393 0.00497579 -0.790068
0.407 0.0701436 0.00492013 -0.792546
0.4075 0.0697468 0.00486461 -0.794973
0.408 0.0693487 0.00480924 -0.797349
0.4085 0.0689494 0.00475402 -0.799674
0.409 0.068549 0.00469897 -0.801949
0.4095 0.0681475 0.00464408 -0.804172
0.41 0.0677449 0.00458937 -0.806345
0.4105 0.0673411 0.00453483 -0.808468
0.411 0.0669364 0.00448048 -0.810539
0.4115 0.0665306 0.00442632 -0.812561
0.412 0.0661238 0.00437236 -0.814532
0.4125 0.0657161 0.0043186 -0.816452
0.413 0.0653074 0.00426506 -0.818323
0.4135 0.0648978 0.00421172 -0.820143
0.414 0.0644873 0.00415861 -0.821914
0.4145 0.0640759 0.00410572 -0.823634
0.415 0.0636636 0.00405306 -0.825304
0.4155 0.0632506 0.00400064 -0.826925
0.416 0.0628367 0.00394845 -0.828496
0.4165 0.0624221 0.00389652 -0.830018
0.417 0.0620067 0.00384483 -0.83149
0.4175 0.0615906 0.0037934 -0.832912
0.418 0.0611738 0.00374223 -0.834285
0.4185 0.0607563 0.00369133 -0.835609
0.419 0.0603382 0.0036407 -0.836884
0.4195 0.0599195 0.00359034 -0.83811
0.42 0.0595001 0.00354026 -0.839287
0.4205 0.0590802 0.00349047 -0.840415
0.421 0.0586597 0.00344096 -0.841494
0.4215 0.0582387 0.00339174 -0.842525
0.422 0.0578172 0.00334283 -0.843507
0.4225 0.0573952 0.00329421 -0.84444
0.423 0.0569727 0.00324589 -0.845326
0.4235 0.0565499 0.00319789 -0.846163
0.424 0.0561266 0.00315019 -0.846951
0.4245 0.0557029 0.00310282 -0.847692
0.425 0.0552789 0.00305576 -0.848385
0.4255 0.0548546 0.00300902 -0.84903
0.426 0.0544299 0.00296261 -0.849627
0.4265 0.0540049 0.00291653 -0.850177
0.427 0.0535797 0.00287079 -0.850679
0.4275 0.0531543 0.00282538 -0.851134
0.428 0.0527286 0.0027803 -0.851541
0.4285 0.0523027 0.00273558 -0.851901
0.429 0.0518767 0.00269119 -0.852215
0.4295 0.0514505 0.00264716 -0.852481
0.43 0.0510242 0.00260347 -0.8527
0.4305 0.0505978 0.00256014 -0.852873
0.431 0.0501714 0.00251717 -0.852999
0.4315 0.0497448 0.00247455 -0.853078
0.432 0.0493183 0.00243229 -0.853111
0.4325 0.0488917 0.0023904 -0.853098
0.433 0.0484652 0.00234888 -0.853038
0.4335 0.0480387 0.00230772 -0.852933
0.434 0.0476123 0.00226693 -0.852781
0.4345 0.0471859 0.00222651 -0.852584
0.435 0.0467597 0.00218647 -0.852341
0.4355 0.0463336 0.0021468 -0.852053
0.436 0.0459077 0.00210751 -0.851719
0.4365 0.0454819 0.0020686 -0.851339
0.437 0.0450563 0.00203007 -0.850915
0.4375 0.044631 0.00199192 -0.850445
0.438 0.0442059 0.00195416 -0.849931
0.4385 0.0437811 0.00191678 -0.849371
0.439 0.0433565 0.00187979 -0.848767
0.4395 0.0429323 0.00184318 -0.848118
0.44 0.0425084 0.00180696 -0.847425
0.4405 0.0420849 0.00177114 -0.846688
0.441 0.0416617 0.0017357 -0.845906
0.4415 0.041239 0.00170065 -0.84508
0.442 0.0408167 0.001666 -0.84421
0.4425 0.0403948 0.00163174 -0.843297
0.443 0.0399734 0.00159787 -0.84234
0.4435 0.0395524 0.0015644 -0.841339
0.444 0.039132 0.00153132 -0.840295
0.4445 0.0387122 0.00149863 -0.839207
0.445 0.0382928 0.00146634 -0.838077
0.4455 0.0378741 0.00143445 -0.836903
0.446 0.0374559 0.00140295 -0.835687
0.4465 0.0370384 0.00137184 -0.834427
0.447 0.0366215 0.00134114 -0.833126
0.4475 0.0362053 0.00131082 -0.831781
0.448 0.0357897 0.00128091 -0.830395
0.4485 0.0353749 0.00125138 -0.828966
0.449 0.0349608 0.00122226 -0.827495
0.4495 0.0345474 0.00119352 -0.825982
0.45 0.0341348 0.00116519 -0.824428
0.4505 0.033723 0.00113724 -0.822832
0.451 0.033312 0.00110969 -0.821194
0.4515 0.0329018 0.00108253 -0.819515
0.452 0.0324925 0.00105576 -0.817795
0.4525 0.032084 0.00102938 -0.816034
0.453 0.0316764 0.0010034 -0.814232
0.4535 0.0312698 0.0009778 -0.812389
0.454 0.0308641 0.000952591 -0.810505
0.4545 0.0304593 0.000927769 -0.808581
0.455 0.0300555 0.000903333 -0.806617
0.4555 0.0296527 0.000879282 -0.804613
0.456 0.0292509 0.000855614 -0.802568
0.4565 0.0288501 0.00083233 -0.800484
0.457 0.0284504 0.000809426 -0.79836
0.4575 0.0280518 0.000786902 -0.796196
0.458 0.0276542 0.000764756 -0.793993
0.4585 0.0272578 0.000742987 -0.791751
0.459 0.0268625 0.000721593 -0.789469
0.4595 0.0264683 0.000700572 -0.787149
0.46 0.0260753 0.000679923 -0.78479
0.4605 0.0256835 0.000659644 -0.782392
0.461 0.0252929 0.000639733 -0.779955
0.4615 0.0249036 0.000620189 -0.777481
0.462 0.0245155 0.000601008 -0.774968
0.4625 0.0241286 0.000582191 -0.772417
0.463 0.0237431 0.000563733 -0.769828
0.4635 0.0233588 0.000545634 -0.767201
0.464 0.0229759 0.000527891 -0.764537
0.4645 0.0225943 0.000510501 -0.761836
0.465 0.022214 0.000493464 -0.759097
0.4655 0.0218352 0.000476775 -0.756321
0.466 0.0214577 0.000460434 -0.753508
0.4665 0.0210817 0.000444437 -0.750659
0.467 0.0207071 0.000428783 -0.747772
0.4675 0.0203339 0.000413468 -0.74485
0.468 0.0199622 0.000398491 -0.741891
0.4685 0.019592 0.000383848 -0.738896
0.469 0.0192233 0.000369537 -0.735865
0.4695 0.0188562 0.000355555 -0.732798
0.47 0.0184905 0.0003419 -0.729696
0.4705 0.0181265 0.000328569 -0.726558
0.471 0.017764 0.00031556 -0.723385
0.4715 0.0174031 0.000302868 -0.720177
0.472 0.0170438 0.000290492 -0.716933
0.4725 0.0166862 0.000278428 -0.713655
0.473 0.0163302 0.000266675 -0.710343
0.4735 0.0159758 0.000255227 -0.706996
0.474 0.0156232 0.000244084 -0.703614
0.4745 0.0152722 0.000233241 -0.700199
0.475 0.014923 0.000222696 -0.696749
0.4755 0.0145755 0.000212445 -0.693266
0.476 0.0142297 0.000202485 -0.689749
0.4765 0.0138857 0.000192814 -0.686199
0.477 0.0135435 0.000183427 -0.682615
0.4775 0.0132031 0.000174323 -0.678999
0.478 0.0128645 0.000165496 -0.675349
0.4785 0.0125278 0.000156945 -0.671667
0.479 0.0121929 0.000148666 -0.667952
0.4795 0.0118598 0.000140656 -0.664204
0.48 0.0115287 0.000132911 -0.660425
0.4805 0.0111994 0.000125427 -0.656613
0.481 0.0108721 0.000118202 -0.65277
0.4815 0.0105467 0.000111232 -0.648894
0.482 0.0102232 0.000104514 -0.644987
0.4825 0.00990168 9.80432e-05 -0.641049
0.483 0.00958214 9.18175e-05 -0.63708
0.4835 0.0092646 8.58328e-05 -0.63308
0.484 0.00894907 8.00858e-05 -0.629048
0.4845 0.00863556 7.45729e-05 -0.624986
0.485 0.00832409 6.92904e-05 -0.620894
0.4855 0.00801467 6.42349e-05 -0.616772
0.486 0.00770732 5.94028e-05 -0.612619
0.4865 0.00740206 5.47904e-05 -0.608436
0.487 0.00709889 5.03942e-05 -0.604224
0.4875 0.00679784 4.62106e-05 -0.599982
0.488 0.00649891 4.22359e-05 -0.59571
0.4885 0.00620213 3.84664e-05 -0.591409
0.489 0.00590751 3.48987e-05 -0.58708
0.4895 0.00561506 3.15289e-05 -0.582721
0.49 0.00532479 2.83534e-05 -0.578334
0.4905 0.00503673 2.53686e-05 -0.573918
0.491 0.00475088 2.25708e-05 -0.569474
0.4915 0.00446726 1.99564e-05 -0.565002
0.492 0.00418588 1.75216e-05 -0.560501
0.4925 0.00390676 1.52628e-05 -0.555974
0.493 0.00362991 1.31763e-05 -0.551418
0.4935 0.00335535 1.12584e-05 -0.546835
0.494 0.00308308 9.5054e-06 -0.542225
0.4945 0.00281313 7.91369e-06 -0.537588
0.495 0.0025455 6.47957e-06 -0.532924
0.4955 0.00228021 5.19935e-06 -0.528233
0.496 0.00201727 4.06938e-06 -0.523516
0.4965 0.0017567 3.08599e-06 -0.518772
0.497 0.0014985 2.24551e-06 -0.514003
0.4975 0.0012427 1.5443e-06 -0.509207
0.498 0.0009893 9.78714e-07 -0.504386
0.4985 0.000738318 5.45113e-07 -0.499539
0.499 0.000489765 2.3987e-07 -0.494667
0.4995 0.000243655 5.93678e-08 -0.489769
0.5 0 0 -0.913274
0.5005 -0.000669615 4.48384e-07 -1.33675
0.501 -0.00133675 1.7869e-06 -1.33178
0.5015 -0.00200139 4.00557e-06 -1.32679
0.502 -0.00266353 7.0944e-06 -1.32177
0.5025 -0.00332315 1.10434e-05 -1.31672
0.503 -0.00398025 1.58424e-05 -1.31165
0.5035 -0.0046348 2.14814e-05 -1.30656
0.504 -0.00528681 2.79503e-05 -1.30145
0.5045 -0.00593624 3.5239e-05 -1.29631
0.505 -0.00658311 4.33373e-05 -1.29114
0.5055 -0.00722739 5.22351e-05 -1.28596
0.506 -0.00786906 6.19222e-05 -1.28075
0.5065 -0.00850813 7.23883e-05 -1.27552
0.507 -0.00914458 8.36234e-05 -1.27027
0.5075 -0.0097784 9.56171e-05 -1.26499
0.508 -0.0104096 0.000108359 -1.2597
0.5085 -0.0110381 0.00012184 -1.25438
0.509 -0.0116639 0.000136048 -1.24904
0.5095 -0.0122871 0.000150974 -1.24368
0.51 -0.0129076 0.000166607 -1.2383
0.5105 -0.0135254 0.000182937 -1.23289
0.511 -0.0141405 0.000199954 -1.22747
0.5115 -0.0147529 0.000217648 -1.22202
0.512 -0.0153625 0.000236007 -1.21656
0.5125 -0.0159694 0.000255023 -1.21107
0.513 -0.0165736 0.000274684 -1.20557
0.5135 -0.017175 0.000294981 -1.20004
0.514 -0.0177736 0.000315902 -1.19449
0.5145 -0.0183695 0.000337438 -1.18893
0.515 -0.0189626 0.000359579 -1.18335
0.5155 -0.0195528 0.000382313 -1.17774
0.516 -0.0201403 0.000405632 -1.17212
0.5165 -0.020725 0.000429524 -1.16648
0.517 -0.0213068 0.000453979 -1.16082
0.5175 -0.0218858 0.000478987 -1.15514
0.518 -0.0224619 0.000504538 -1.14945
0.5185 -0.0230352 0.000530621 -1.14373
0.519 -0.0236057 0.000557227 -1.138
0.5195 -0.0241732 0.000584344 -1.13225
0.52 -0.0247379 0.000611964 -1.12649
0.5205 -0.0252997 0.000640075 -1.1207
0.521 -0.0258586 0.000668667 -1.1149
0.5215 -0.0264146 0.000697731 -1.10909
0.522 -0.0269677 0.000727256 -1.10325
0.5225 -0.0275179 0.000757232 -1.0974
0.523 -0.0280651 0.000787649 -1.09154
0.5235 -0.0286094 0.000818497 -1.08565
0.524 -0.0291507 0.000849766 -1.07976
0.5245 -0.0296891 0.000881445 -1.07384
0.525 -0.0302246 0.000913525 -1.06791
0.5255 -0.0307571 0.000945996 -1.06197
0.526 -0.0312865 0.000978848 -1.05601
0.5265 -0.0318131 0.00101207 -1.05004
0.527 -0.0323366 0.00104565 -1.04405
0.5275 -0.0328571 0.00107959 -1.03804
0.528 -0.0333746 0.00111387 -1.03203
0.5285 -0.0338891 0.00114847 -1.026
0.529 -0.0344006 0.0011834 -1.01995
0.5295 -0.0349091 0.00121864 -1.01389
0.53 -0.0354145 0.00125419 -1.00782
0.5305 -0.0359169 0.00129002 -1.00173
0.531 -0.0364162 0.00132614 -0.995634
0.5315 -0.0369125 0.00136253 -0.989522
0.532 -0.0374058 0.00139919 -0.983398
0.5325 -0.0378959 0.0014361 -0.977261
0.533 -0.038383 0.00147326 -0.971112
0.5335 -0.038867 0.00151065 -0.96495
0.534 -0.039348 0.00154826 -0.958777
0.5345 -0.0398258 0.00158609 -0.952592
0.535 -0.0403006 0.00162413 -0.946396
0.5355 -0.0407722 0.00166237 -0.940188
0.536 -0.0412407 0.0017008 -0.933969
0.5365 -0.0417062 0.0017394 -0.927739
0.537 -0.0421685 0.00177818 -0.921499
0.5375 -0.0426277 0.00181712 -0.915248
0.538 -0.0430837 0.00185621 -0.908986
0.5385 -0.0435366 0.00189544 -0.902715
0.539 -0.0439864 0.00193481 -0.896433
0.5395 -0.0444331 0.0019743 -0.890141
0.54 -0.0448766 0.00201391 -0.88384
0.5405 -0.0453169 0.00205362 -0.87753
0.541 -0.0457541 0.00209344 -0.87121
0.5415 -0.0461881 0.00213334 -0.864882
0.542 -0.046619 0.00217333 -0.858544
0.5425 -0.0470467 0.00221339 -0.852198
0.543 -0.0474712 0.00225351 -0.845844
0.5435 -0.0478925 0.00229369 -0.839481
0.544 -0.0483107 0.00233392 -0.83311
0.5445 -0.0487256 0.00237419 -0.826732
0.545 -0.0491374 0.00241448 -0.820346
0.5455 -0.049546 0.0024548 -0.813952
0.546 -0.0499513 0.00249514 -0.807551
0.5465 -0.0503535 0.00253548 -0.801143
0.547 -0.0507525 0.00257581 -0.794728
0.5475 -0.0511482 0.00261614 -0.788306
0.548 -0.0515408 0.00265645 -0.781878
0.5485 -0.0519301 0.00269674 -0.775443
0.549 -0.0523162 0.00273699 -0.769003
0.5495 -0.0526991 0.0027772 -0.762556
0.55 -0.0530788 0.00281736 -0.756104
0.5505 -0.0534552 0.00285746 -0.749646
0.551 -0.0538284 0.0028975 -0.743182
0.5515 -0.0541984 0.00293747 -0.736714
0.552 -0.0545651 0.00297735 -0.730241
0.5525 -0.0549286 0.00301716 -0.723762
0.553 -0.0552889 0.00305686 -0.717279
0.5535 -0.0556459 0.00309647 -0.710792
0.554 -0.0559997 0.00313597 -0.704301
0.5545 -0.0563502 0.00317535 -0.697805
0.555 -0.0566975 0.00321461 -0.691306
0.5555 -0.0570415 0.00325374 -0.684803
0.556 -0.0573823 0.00329273 -0.678296
0.5565 -0.0577198 0.00333158 -0.671786
0.557 -0.0580541 0.00337028 -0.665273
0.5575 -0.0583851 0.00340882 -0.658758
0.558 -0.0587128 0.0034472 -0.652239
0.5585 -0.0590373 0.00348541 -0.645718
0.559 -0.0593586 0.00352344 -0.639194
0.5595 -0.0596765 0.00356129 -0.632669
0.56 -0.0599912 0.00359895 -0.626141
0.5605 -0.0603027 0.00363641 -0.619612
0.561 -0.0606108 0.00367367 -0.613081
0.5615 -0.0609158 0.00371073 -0.606548
0.562 -0.0612174 0.00374757 -0.600015
0.5625 -0.0615158 0.00378419 -0.59348
0.563 -0.0618109 0.00382058 -0.586944
0.5635 -0.0621027 0.00385675 -0.580408
0.564 -0.0623913 0.00389267 -0.573871
0.5645 -0.0626766 0.00392835 -0.567334
0.565 -0.0629586 0.00396379 -0.560797
0.5655 -0.0632374 0.00399897 -0.55426
0.566 -0.0635129 0.00403389 -0.547723
0.5665 -0.0637851 0.00406854 -0.541186
0.567 -0.0640541 0.00410292 -0.53465
0.5675 -0.0643198 0.00413703 -0.528115
0.568 -0.0645822 0.00417086 -0.521581
0.5685 -0.0648413 0.0042044 -0.515047
0.569 -0.0650972 0.00423765 -0.508516
0.5695 -0.0653498 0.0042706 -0.501985
0.57 -0.0655992 0.00430326 -0.495457
0.5705 -0.0658453 0.0043356 -0.48893
0.571 -0.0660881 0.00436764 -0.482405
0.5715 -0.0663277 0.00439937 -0.475883
0.572 -0.066564 0.00443077 -0.469363
0.5725 -0.0667971 0.00446185 -0.462845
0.573 -0.0670269 0.0044926 -0.45633
0.5735 -0.0672534 0.00452302 -0.449818
0.574 -0.0674767 0.0045531 -0.44331
0.5745 -0.0676967 0.00458285 -0.436804
0.575 -0.0679135 0.00461224 -0.430302
0.5755 -0.068127 0.00464129 -0.423804
0.576 -0.0683373 0.00466999 -0.417309
0.5765 -0.0685443 0.00469832 -0.410819
0.577 -0.0687481 0.0047263 -0.404332
0.5775 -0.0689487 0.00475392 -0.39785
0.578 -0.069146 0.00478116 -0.391373
0.5785 -0.06934 0.00480804 -0.3849
0.579 -0.0695309 0.00483454 -0.378432
0.5795 -0.0697185 0.00486066 -0.371969
0.58 -0.0699028 0.00488641 -0.365511
0.5805 -0.070084 0.00491176 -0.359059
0.581 -0.0702619 0.00493673 -0.352612
0.5815 -0.0704366 0.00496131 -0.346171
0.582 -0.0706081 0.0049855 -0.339735
0.5825 -0.0707763 0.00500929 -0.333306
0.583 -0.0709414 0.00503268 -0.326883
0.5835 -0.0711032 0.00505567 -0.320467
0.584 -0.0712618 0.00507825 -0.314057
0.5845 -0.0714173 0.00510043 -0.307653
0.585 -0.0715695 0.00512219 -0.301257
0.5855 -0.0717185 0.00514355 -0.294868
0.586 -0.0718644 0.00516449 -0.288486
0.5865 -0.072007 0.00518501 -0.282111
0.587 -0.0721465 0.00520511 -0.275744
0.5875 -0.0722828 0.0052248 -0.269385
0.588 -0.0724159 0.00524406 -0.263033
0.5885 -0.0725458 0.00526289 -0.25669
0.589 -0.0726726 0.0052813 -0.250355
0.5895 -0.0727961 0.00529928 -0.244028
0.59 -0.0729166 0.00531683 -0.23771
0.5905 -0.0730339 0.00533394 -0.2314
0.591 -0.073148 0.00535063 -0.2251
0.5915 -0.073259 0.00536688 -0.218808
0.592 -0.0733668 0.00538269 -0.212526
0.5925 -0.0734715 0.00539806 -0.206253
0.593 -0.073573 0.00541299 -0.19999
0.5935 -0.0736715 0.00542749 -0.193736
0.594 -0.0737668 0.00544154 -0.187492
0.5945 -0.073859 0.00545515 -0.181258
0.595 -0.073948 0.00546831 -0.175035
0.5955 -0.074034 0.00548103 -0.168821
0.596 -0.0741169 0.00549331 -0.162618
0.5965 -0.0741966 0.00550514 -0.156426
0.597 -0.0742733 0.00551652 -0.150245
0.5975 -0.0743469 0.00552746 -0.144074
0.598 -0.0744174 0.00553795 -0.137915
0.5985 -0.0744848 0.00554798 -0.131767
0.599 -0.0745491 0.00555757 -0.12563
0.5995 -0.0746104 0.00556672 -0.119505
0.6 -0.0746687 0.00557541 -0.113392
0.6005 -0.0747238 0.00558365 -0.10729
0.601 -0.0747759 0.00559144 -0.101201
0.6015 -0.074825 0.00559878 -0.0951238
0.602 -0.0748711 0.00560568 -0.0890588
0.6025 -0.0749141 0.00561212 -0.0830064
0.603 -0.0749541 0.00561811 -0.0769666
0.6035 -0.0749911 0.00562366 -0.0709396
0.604 -0.075025 0.00562875 -0.0649255
0.6045 -0.075056 0.0056334 -0.0589245
0.605 -0.0750839 0.0056376 -0.0529368
0.6055 -0.0751089 0.00564135 -0.0469624
0.606 -0.0751309 0.00564465 -0.0410015
0.6065 -0.0751499 0.00564751 -0.0350543
0.607 -0.075166 0.00564992 -0.029121
0.6075 -0.075179 0.00565189 -0.0232015
0.608 -0.0751892 0.00565341 -0.0172962
0.6085 -0.0751963 0.00565449 -0.0114052
0.609 -0.0752006 0.00565513 -0.00552848
0.6095 -0.0752019 0.00565532 0.000333661
0.61 -0.0752002 0.00565508 0.00618113
0.6105 -0.0751957 0.00565439 0.0120138
0.611 -0.0751882 0.00565327 0.0178315
0.6115 -0.0751779 0.00565171 0.0236341
0.612 -0.0751646 0.00564972 0.0294214
0.6125 -0.0751485 0.00564729 0.0351934
0.613 -0.0751294 0.00564443 0.0409499
0.6135 -0.0751075 0.00564114 0.0466907
0.614 -0.0750827 0.00563742 0.0524158
0.6145 -0.0750551 0.00563327 0.0581249
0.615 -0.0750246 0.00562869 0.0638179
0.6155 -0.0749913 0.00562369 0.0694948
0.616 -0.0749551 0.00561827 0.0751553
0.6165 -0.0749161 0.00561243 0.0807994
0.617 -0.0748743 0.00560616 0.0864268
0.6175 -0.0748297 0.00559948 0.0920376
0.618 -0.0747823 0.00559239 0.0976315
0.6185 -0.0747321 0.00558488 0.103208
0.619 -0.0746791 0.00557696 0.108768
0.6195 -0.0746233 0.00556864 0.114311
0.62 -0.0745648 0.0055599 0.119836
0.6205 -0.0745035 0.00555077 0.125343
0.621 -0.0744394 0.00554123 0.130833
0.6215 -0.0743726 0.00553129 0.136306
0.622 -0.0743031 0.00552095 0.14176
0.6225 -0.0742309 0.00551022 0.147196
0.623 -0.0741559 0.0054991 0.152614
0.6235 -0.0740783 0.00548759 0.158014
0.624 -0.0739979 0.00547569 0.163396
0.6245 -0.0739149 0.00546341 0.168759
0.625 -0.0738292 0.00545075 0.174103
0.6255 -0.0737408 0.0054377 0.179429
0.626 -0.0736497 0.00542428 0.184736
0.6265 -0.073556 0.00541049 0.190023
0.627 -0.0734597 0.00539633 0.195292
0.6275 -0.0733608 0.0053818 0.200541
0.628 -0.0732592 0.00536691 0.205771
0.6285 -0.073155 0.00535165 0.210982
0.629 -0.0730482 0.00533604 0.216173
0.6295 -0.0729388 0.00532007 0.221344
0.63 -0.0728269 0.00530375 0.226495
0.6305 -0.0727123 0.00528708 0.231627
0.631 -0.0725952 0.00527007 0.236738
0.6315 -0.0724756 0.00525271 0.241829
0.632 -0.0723534 0.00523502 0.2469
0.6325 -0.0722287 0.00521698 0.251951
0.633 -0.0721015 0.00519862 0.256981
0.6335 -0.0719717 0.00517993 0.26199
0.634 -0.0718395 0.00516091 0.266979
0.6345 -0.0717047 0.00514157 0.271947
0.635 -0.0715675 0.00512191 0.276894
0.6355 -0.0714279 0.00510194 0.28182
0.636 -0.0712857 0.00508165 0.286724
0.6365 -0.0711411 0.00506106 0.291608
0.637 -0.0709941 0.00504016 0.29647
0.6375 -0.0708447 0.00501897 0.301311
0.638 -0.0706928 0.00499747 0.30613
0.6385 -0.0705385 0.00497569 0.310927
0.639 -0.0703819 0.00495361 0.315703
0.6395 -0.0702228 0.00493125 0.320456
0.64 -0.0700614 0.0049086 0.325188
0.6405 -0.0698977 0.00488568 0.329897
0.641 -0.0697315 0.00486249 0.334585
0.6415 -0.0695631 0.00483902 0.33925
0.642 -0.0693923 0.00481529 0.343893
0.6425 -0.0692192 0.0047913 0.348513
0.643 -0.0690438 0.00476704 0.35311
0.6435 -0.0688661 0.00474254 0.357685
0.644 -0.0686861 0.00471778 0.362238
0.6445 -0.0685038 0.00469278 0.366767
0.645 -0.0683193 0.00466753 0.371273
0.6455 -0.0681326 0.00464205 0.375757
0.646 -0.0679436 0.00461633 0.380217
0.6465 -0.0677524 0.00459038 0.384654
0.647 -0.0675589 0.00456421 0.389067
0.6475 -0.0673633 0.00453781 0.393457
0.648 -0.0671655 0.0045112 0.397824
0.6485 -0.0669655 0.00448438 0.402167
0.649 -0.0667633 0.00445734 0.406486
0.6495 -0.066559 0.0044301 0.410782
0.65 -0.0663525 0.00440266 0.415053
0.6505 -0.066144 0.00437502 0.419301
0.651 -0.0659332 0.00434719 0.423525
0.6515 -0.0657204 0.00431917 0.427725
0.652 -0.0655055 0.00429097 0.4319
0.6525 -0.0652885 0.00426259 0.436051
0.653 -0.0650695 0.00423404 0.440178
0.6535 -0.0648484 0.00420531 0.44428
0.654 -0.0646252 0.00417642 0.448358
0.6545 -0.0644 0.00414736 0.452411
0.655 -0.0641728 0.00411815 0.45644
0.6555 -0.0639436 0.00408878 0.460443
0.656 -0.0637124 0.00405926 0.464422
0.6565 -0.0634792 0.0040296 0.468376
0.657 -0.063244 0.0039998 0.472305
0.6575 -0.0630069 0.00396986 0.476209
0.658 -0.0627678 0.00393979 0.480088
0.6585 -0.0625268 0.0039096 0.483942
0.659 -0.0622838 0.00387928 0.48777
0.6595 -0.062039 0.00384884 0.491573
0.66 -0.0617923 0.00381828 0.49535
0.6605 -0.0615437 0.00378762 0.499102
0.661 -0.0612932 0.00375685 0.502829
0.6615 -0.0610408 0.00372598 0.50653
0.662 -0.0607866 0.00369502 0.510205
0.6625 -0.0605306 0.00366396 0.513854
0.663 -0.0602728 0.00363281 0.517477
0.6635 -0.0600132 0.00360158 0.521075
0.664 -0.0597517 0.00357027 0.524647
0.6645 -0.0594885 0.00353888 0.528192
0.665 -0.0592235 0.00350743 0.531712
0.6655 -0.0589568 0.00347591 0.535205
0.666 -0.0586883 0.00344432 0.538672
0.6665 -0.0584181 0.00341268 0.542113
0.667 -0.0581462 0.00338098 0.545528
0.6675 -0.0578726 0.00334924 0.548916
0.668 -0.0575973 0.00331745 0.552278
0.6685 -0.0573203 0.00328562 0.555613
0.669 -0.0570417 0.00325376 0.558921
0.6695 -0.0567614 0.00322186 0.562203
0.67 -0.0564795 0.00318994 0.565459
0.6705 -0.056196 0.00315799 0.568687
0.671 -0.0559108 0.00312602 0.571889
0.6715 -0.0556241 0.00309404 0.575064
0.672 -0.0553358 0.00306205 0.578212
0.6725 -0.0550459 0.00303005 0.581333
0.673 -0.0547544 0.00299805 0.584427
0.6735 -0.0544615 0.00296605 0.587494
0.674 -0.0541669 0.00293406 0.590535
0.6745 -0.0538709 0.00290208 0.593547
0.675 -0.0535734 0.00287011 0.596533
0.6755 -0.0532744 0.00283816 0.599492
0.676 -0.0529739 0.00280624 0.602423
0.6765 -0.052672 0.00277434 0.605327
0.677 -0.0523686 0.00274247 0.608203
0.6775 -0.0520638 0.00271064 0.611052
0.678 -0.0517575 0.00267884 0.613874
0.6785 -0.0514499 0.00264709 0.616668
0.679 -0.0511409 0.00261539 0.619435
0.6795 -0.0508305 0.00258374 0.622174
0.68 -0.0505187 0.00255214 0.624885
0.6805 -0.0502056 0.0025206 0.627569
0.681 -0.0498912 0.00248913 0.630225
0.6815 -0.0495754 0.00245772 0.632854
0.682 -0.0492583 0.00242638 0.635454
0.6825 -0.0489399 0.00239512 0.638027
0.683 -0.0486203 0.00236393 0.640572
0.6835 -0.0482994 0.00233283 0.64309
0.684 -0.0479772 0.00230181 0.645579
0.6845 -0.0476538 0.00227088 0.64804
0.685 -0.0473292 0.00224005 0.650474
0.6855 -0.0470033 0.00220931 0.652879
0.686 -0.0466763 0.00217868 0.655257
0.6865 -0.0463481 0.00214814 0.657606
0.687 -0.0460187 0.00211772 0.659928
0.6875 -0.0456881 0.00208741 0.662221
0.688 -0.0453565 0.00205721 0.664486
0.6885 -0.0450237 0.00202713 0.666723
0.689 -0.0446897 0.00199717 0.668932
0.6895 -0.0443547 0.00196734 0.671113
0.69 -0.0440186 0.00193764 0.673265
0.6905 -0.0436815 0.00190807 0.675389
0.691 -0.0433433 0.00187864 0.677485
0.6915 -0.043004 0.00184934 0.679553
0.692 -0.0426637 0.00182019 0.681592
0.6925 -0.0423224 0.00179119 0.683604
0.693 -0.0419801 0.00176233 0.685586
0.6935 -0.0416368 0.00173363 0.687541
0.694 -0.0412926 0.00170508 0.689467
0.6945 -0.0409474 0.00167669 0.691364
0.695 -0.0406012 0.00164846 0.693234
0.6955 -0.0402541 0.0016204 0.695075
0.696 -0.0399061 0.0015925 0.696887
0.6965 -0.0395573 0.00156478 0.698671
0.697 -0.0392075 0.00153723 0.700427
0.6975 -0.0388568 0.00150985 0.702154
0.698 -0.0385053 0.00148266 0.703852
0.6985 -0.038153 0.00145565 0.705523
0.699 -0.0377998 0.00142883 0.707164
0.6995 -0.0374458 0.00140219 0.708778
0.7 -0.037091 0.00137575 0.710362
0.7005 -0.0367355 0.00134949 0.711919
0.701 -0.0363791 0.00132344 0.713446
0.7015 -0.036022 0.00129759 0.714945
0.702 -0.0356642 0.00127193 0.716416
0.7025 -0.0353056 0.00124649 0.717858
0.703 -0.0349463 0.00122125 0.719272
0.7035 -0.0345863 0.00119622 0.720657
0.704 -0.0342257 0.0011714 0.722014
0.7045 -0.0338643 0.00114679 0.723342
0.705 -0.0335023 0.00112241 0.724642
0.7055 -0.0331397 0.00109824 0.725913
0.706 -0.0327764 0.00107429 0.727155
0.7065 -0.0324125 0.00105057 0.728369
0.707 -0.0320481 0.00102708 0.729555
0.7075 -0.031683 0.00100381 0.730712
0.708 -0.0313174 0.000980777 0.731841
0.7085 -0.0309512 0.000957974 0.732941
0.709 -0.0305844 0.000935407 0.734012
0.7095 -0.0302172 0.000913076 0.735056
0.71 -0.0298494 0.000890985 0.73607
0.7105 -0.0294811 0.000869135 0.737057
0.711 -0.0291123 0.000847527 0.738014
0.7115 -0.0287431 0.000826165 0.738944
0.712 -0.0283734 0.000805049 0.739845
0.7125 -0.0280032 0.000784181 0.740717
0.713 -0.0276327 0.000763564 0.741562
0.7135 -0.0272617 0.000743199 0.742378
0.714 -0.0268903 0.000723088 0.743165
0.7145 -0.0265185 0.000703232 0.743924
0.715 -0.0261464 0.000683633 0.744655
0.7155 -0.0257739 0.000664292 0.745358
0.716 -0.025401 0.000645212 0.746032
0.7165 -0.0250278 0.000626393 0.746678
0.717 -0.0246544 0.000607837 0.747296
0.7175 -0.0242806 0.000589545 0.747885
0.718 -0.0239065 0.000571519 0.748446
0.7185 -0.0235321 0.00055376 0.74898
0.719 -0.0231575 0.00053627 0.749485
0.7195 -0.0227826 0.000519048 0.749961
0.72 -0.0224075 0.000502098 0.75041
0.7205 -0.0220322 0.000485419 0.750831
0.721 -0.0216567 0.000469013 0.751224
0.7215 -0.021281 0.000452881 0.751588
0.722 -0.0209051 0.000437024 0.751925
0.7225 -0.0205291 0.000421443 0.752233
0.723 -0.0201529 0.000406139 0.752514
0.7235 -0.0197766 0.000391113 0.752767
0.724 -0.0194001 0.000376365 0.752992
0.7245 -0.0190236 0.000361897 0.753189
0.725 -0.018647 0.000347709 0.753358
0.7255 -0.0182702 0.000333802 0.7535
0.726 -0.0178935 0.000320176 0.753613
0.7265 -0.0175166 0.000306832 0.753699
0.727 -0.0171398 0.000293772 0.753758
0.7275 -0.0167629 0.000280994 0.753788
0.728 -0.016386 0.0002685 0.753791
0.7285 -0.0160091 0.000256291 0.753767
0.729 -0.0156322 0.000244366 0.753715
0.7295 -0.0152554 0.000232727 0.753635
0.73 -0.0148786 0.000221372 0.753528
0.7305 -0.0145019 0.000210304 0.753394
0.731 -0.0141252 0.000199521 0.753232
0.7315 -0.0137486 0.000189025 0.753043
0.732 -0.0133722 0.000178815 0.752827
0.7325 -0.0129958 0.000168891 0.752583
0.733 -0.0126196 0.000159254 0.752312
0.7335 -0.0122435 0.000149903 0.752014
0.734 -0.0118676 0.000140839 0.751689
0.7345 -0.0114918 0.000132062 0.751337
0.735 -0.0111162 0.000123571 0.750958
0.7355 -0.0107409 0.000115366 0.750552
0.736 -0.0103657 0.000107448 0.750119
0.7365 -0.00999075 9.9815e-05 0.749659
0.737 -0.00961604 9.24682e-05 0.749172
0.7375 -0.00924158 8.54068e-05 0.748659
0.738 -0.00886738 7.86305e-05 0.748119
0.7385 -0.00849346 7.21389e-05 0.747552
0.739 -0.00811984 6.59317e-05 0.746958
0.7395 -0.00774651 6.00084e-05 0.746338
0.74 -0.0073735 5.43685e-05 0.745692
0.7405 -0.00700082 4.90115e-05 0.745019
0.741 -0.00662849 4.39368e-05 0.744319
0.7415 -0.00625651 3.91439e-05 0.743594
0.742 -0.0058849 3.4632e-05 0.742842
0.7425 -0.00551367 3.04006e-05 0.742064
0.743 -0.00514284 2.64488e-05 0.741259
0.7435 -0.00477242 2.27759e-05 0.740429
0.744 -0.00440241 1.93812e-05 0.739572
0.7445 -0.00403285 1.62639e-05 0.73869
0.745 -0.00366373 1.34229e-05 0.737781
0.7455 -0.00329507 1.08575e-05 0.736847
0.746 -0.00292689 8.56666e-06 0.735887
0.7465 -0.00255919 6.54944e-06 0.734901
0.747 -0.00219199 4.80482e-06 0.733889
0.7475 -0.0018253 3.33173e-06 0.732852
0.748 -0.00145914 2.12909e-06 0.73179
0.7485 -0.00109352 1.19578e-06 0.730701
0.749 -0.000728445 5.30632e-07 0.729588
0.7495 -0.000363934 1.32448e-07 0.728449
0.75 0 0 0.755712
0.7505 0.000391773 1.53486e-07 0.782949
0.751 0.000782945 6.13003e-07 0.781735
0.7515 0.0011735 1.37711e-06 0.780495
0.752 0.00156344 2.44433e-06 0.779231
0.7525 0.00195273 3.81315e-06 0.777941
0.753 0.00234137 5.48203e-06 0.776626
0.7535 0.00272935 7.44936e-06 0.775287
0.754 0.00311666 9.71354e-06 0.773923
0.7545 0.00350327 1.22729e-05 0.772535
0.755 0.00388919 1.51258e-05 0.771121
0.7555 0.00427439 1.82704e-05 0.769684
0.756 0.00465887 2.1705e-05 0.768222
0.7565 0.00504261 2.54279e-05 0.766735
0.757 0.0054256 2.94371e-05 0.765224
0.7575 0.00580783 3.37309e-05 0.76369
0.758 0.00618928 3.83072e-05 0.762131
0.7585 0.00656995 4.31643e-05 0.760547
0.759 0.00694983 4.83001e-05 0.75894
0.7595 0.00732889 5.37126e-05 0.75731
0.76 0.00770713 5.93999e-05 0.755655
0.7605 0.00808454 6.53598e-05 0.753976
0.761 0.0084611 7.15903e-05 0.752274
0.7615 0.00883681 7.80892e-05 0.750549
0.762 0.00921165 8.48545e-05 0.7488
0.7625 0.00958561 9.18839e-05 0.747027
0.763 0.00995867 9.91752e-05 0.745231
0.7635 0.0103308 0.000106726 0.743412
0.764 0.0107021 0.000114535 0.74157
0.7645 0.0110724 0.000122598 0.739705
0.765 0.0114418 0.000130914 0.737817
0.7655 0.0118102 0.000139481 0.735906
0.766 0.0121777 0.000148296 0.733972
0.7665 0.0125442 0.000157357 0.732015
0.767 0.0129097 0.00016666 0.730036
0.7675 0.0132742 0.000176205 0.728035
0.768 0.0136377 0.000185988 0.72601
0.7685 0.0140002 0.000196006 0.723964
0.769 0.0143617 0.000206258 0.721895
0.7695 0.0147221 0.000216741 0.719804
0.77 0.0150815 0.000227451 0.717691
0.7705 0.0154398 0.000238387 0.715556
0.771 0.015797 0.000249546 0.7134
0.7715 0.0161532 0.000260926 0.711221
0.772 0.0165083 0.000272523 0.70902
0.7725 0.0168622 0.000284334 0.706799
0.773 0.0172151 0.000296358 0.704555
0.7735 0.0175668 0.000308591 0.70229
0.774 0.0179173 0.000321031 0.700004
0.7745 0.0182668 0.000333675 0.697696
0.775 0.018615 0.000346519 0.695368
0.7755 0.0189621 0.000359562 0.693018
0.776 0.019308 0.000372801 0.690648
0.7765 0.0196528 0.000386232 0.688256
0.777 0.0199963 0.000399852 0.685844
0.7775 0.0203386 0.000413659 0.683411
0.778 0.0206797 0.00042765 0.680958
0.7785 0.0210196 0.000441822 0.678484
0.779 0.0213582 0.000456172 0.67599
0.7795 0.0216956 0.000470697 0.673476
0.78 0.0220317 0.000485394 0.670941
0.7805 0.0223665 0.00050026 0.668386
0.781 0.0227 0.000515292 0.665812
0.7815 0.0230323 0.000530487 0.663218
0.782 0.0233633 0.000545842 0.660604
0.7825 0.0236929 0.000561354 0.65797
0.783 0.0240212 0.000577019 0.655317
0.7835 0.0243482 0.000592836 0.652644
0.784 0.0246739 0.0006088 0.649952
0.7845 0.0249982 0.000624908 0.647241
0.785 0.0253211 0.000641158 0.644511
0.7855 0.0256427 0.000657547 0.641762
0.786 0.0259629 0.00067407 0.638994
0.7865 0.0262817 0.000690726 0.636207
0.787 0.0265991 0.00070751 0.633402
0.7875 0.0269151 0.000724421 0.630578
0.788 0.0272296 0.000741453 0.627735
0.7885 0.0275428 0.000758606 0.624874
0.789 0.0278545 0.000775874 0.621995
0.7895 0.0281648 0.000793255 0.619098
0.79 0.0284736 0.000810746 0.616183
0.7905 0.028781 0.000828344 0.61325
0.791 0.0290869 0.000846045 0.610299
0.7915 0.0293913 0.000863846 0.607331
0.792 0.0296942 0.000881744 0.604345
0.7925 0.0299956 0.000899736 0.601341
0.793 0.0302955 0.000917819 0.59832
0.7935 0.0305939 0.000935988 0.595282
0.794 0.0308908 0.000954241 0.592227
0.7945 0.0311861 0.000972576 0.589155
0.795 0.03148 0.000990987 0.586066
0.7955 0.0317722 0.00100947 0.58296
0.796 0.0320629 0.00102803 0.579838
0.7965 0.032352 0.00104665 0.576699
0.797 0.0326396 0.00106534 0.573543
0.7975 0.0329256 0.00108409 0.570372
0.798 0.03321 0.0011029 0.567184
0.7985 0.0334928 0.00112177 0.56398
0.799 0.033774 0.00114068 0.56076
0.7995 0.0340535 0.00115964 0.557525
0.8 0.0343315 0.00117865 0.554273
0.8005 0.0346078 0.0011977 0.551006
0.801 0.0348825 0.00121679 0.547724
0.8015 0.0351555 0.00123591 0.544426
0.802 0.0354269 0.00125507 0.541113
0.8025 0.0356966 0.00127425 0.537785
0.803 0.0359647 0.00129346 0.534442
0.8035 0.0362311 0.00131269 0.531084
0.804 0.0364958 0.00133194 0.527712
0.8045 0.0367588 0.00135121 0.524325
0.805 0.0370201 0.00137049 0.520923
0.8055 0.0372797 0.00138978 0.517507
0.806 0.0375376 0.00140907 0.514076
0.8065 0.0377938 0.00142837 0.510632
0.807 0.0380482 0.00144767 0.507173
0.8075 0.0383009 0.00146696 0.503701
0.808 0.0385519 0.00148625 0.500215
0.8085 0.0388012 0.00150553 0.496715
0.809 0.0390486 0.0015248 0.493202
0.8095 0.0392944 0.00154405 0.489675
0.81 0.0395383 0.00156328 0.486135
0.8105 0.0397805 0.00158249 0.482582
0.811 0.0400209 0.00160167 0.479016
0.8115 0.0402595 0.00162083 0.475437
0.812 0.0404963 0.00163995 0.471845
0.8125 0.0407313 0.00165904 0.468241
0.813 0.0409646 0.0016781 0.464624
0.8135 0.041196 0.00169711 0.460995
0.814 0.0414256 0.00171608 0.457354
0.8145 0.0416533 0.001735 0.4537
0.815 0.0418793 0.00175387 0.450034
0.8155 0.0421033 0.00177269 0.446357
0.816 0.0423256 0.00179146 0.442668
0.8165 0.042546 0.00181016 0.438967
0.817 0.0427646 0.00182881 0.435255
0.8175 0.0429813 0.00184739 0.431531
0.818 0.0431961 0.0018659 0.427796
0.8185 0.0434091 0.00188435 0.42405
0.819 0.0436201 0.00190272 0.420293
0.8195 0.0438294 0.00192101 0.416526
0.82 0.0440367 0.00193923 0.412747
0.8205 0.0442421 0.00195736 0.408958
0.821 0.0444456 0.00197541 0.405159
0.8215 0.0446473 0.00199338 0.401349
0.822 0.044847 0.00201125 0.397529
0.8225 0.0450448 0.00202903 0.393699
0.823 0.0452407 0.00204672 0.389859
0.8235 0.0454346 0.00206431 0.38601
0.824 0.0456267 0.00208179 0.38215
0.8245 0.0458168 0.00209918 0.378281
0.825 0.046005 0.00211646 0.374403
0.8255 0.0461912 0.00213363 0.370516
0.826 0.0463755 0.00215068 0.366619
0.8265 0.0465578 0.00216763 0.362713
0.827 0.0467382 0.00218446 0.358799
0.8275 0.0469166 0.00220117 0.354876
0.828 0.0470931 0.00221776 0.350944
0.8285 0.0472675 0.00223422 0.347004
0.829 0.0474401 0.00225056 0.343055
0.8295 0.0476106 0.00226677 0.339098
0.83 0.0477792 0.00228285 0.335133
0.8305 0.0479457 0.00229879 0.331161
0.831 0.0481103 0.0023146 0.32718
0.8315 0.0482729 0.00233027 0.323192
0.832 0.0484335 0.00234581 0.319196
0.8325 0.0485921 0.00236119 0.315193
0.833 0.0487487 0.00237644 0.311183
0.8335 0.0489033 0.00239153 0.307165
0.834 0.0490559 0.00240648 0.30314
0.8345 0.0492064 0.00242127 0.299109
0.835 0.049355 0.00243591 0.295071
0.8355 0.0495015 0.0024504 0.291026
0.836 0.049646 0.00246473 0.286975
0.8365 0.0497885 0.00247889 0.282918
0.837 0.0499289 0.0024929 0.278854
0.8375 0.0500673 0.00250674 0.274785
0.838 0.0502037 0.00252041 0.270709
0.8385 0.050338 0.00253392 0.266628
0.839 0.0504703 0.00254725 0.262541
0.8395 0.0506006 0.00256042 0.258448
0.84 0.0507288 0.00257341 0.25435
0.8405 0.0508549 0.00258622 0.250247
0.841 0.050979 0.00259886 0.246139
0.8415 0.0511011 0.00261132 0.242026
0.842 0.051221 0.0026236 0.237908
0.8425 0.051339 0.00263569 0.233786
0.843 0.0514548 0.0026476 0.229659
0.8435 0.0515686 0.00265932 0.225527
0.844 0.0516804 0.00267086 0.221391
0.8445 0.05179 0.00268221 0.217251
0.845 0.0518976 0.00269336 0.213107
0.8455 0.0520031 0.00270433 0.208959
0.846 0.0521066 0.00271509 0.204808
0.8465 0.0522079 0.00272567 0.200653
0.847 0.0523072 0.00273605 0.196494
0.8475 0.0524044 0.00274622 0.192332
0.848 0.0524996 0.0027562 0.188167
0.8485 0.0525926 0.00276598 0.183999
0.849 0.0526835 0.00277556 0.179827
0.8495 0.0527724 0.00278493 0.175653
0.85 0.0528592 0.0027941 0.171477
0.8505 0.0529439 0.00280306 0.167298
0.851 0.0530265 0.00281181 0.163116
0.8515 0.053107 0.00282035 0.158933
0.852 0.0531854 0.00282869 0.154747
0.8525 0.0532618 0.00283681 0.150559
0.853 0.053336 0.00284473 0.14637
0.8535 0.0534081 0.00285243 0.142179
0.854 0.0534782 0.00285991 0.137986
0.8545 0.0535461 0.00286719 0.133792
0.855 0.053612 0.00287424 0.129596
0.8555 0.0536757 0.00288108 0.125399
0.856 0.0537374 0.0028877 0.121202
0.8565 0.0537969 0.00289411 0.117003
0.857 0.0538544 0.00290029 0.112804
0.8575 0.0539097 0.00290626 0.108604
0.858 0.053963 0.002912 0.104404
0.8585 0.0540141 0.00291752 0.100203
0.859 0.0540632 0.00292283 0.0960023
0.8595 0.0541101 0.00292791 0.0918014
0.86 0.054155 0.00293276 0.0876005
0.8605 0.0541977 0.00293739 0.0833999
0.861 0.0542384 0.0029418 0.0791996
0.8615 0.0542769 0.00294598 0.0749998
0.862 0.0543134 0.00294994 0.0708006
0.8625 0.0543477 0.00295367 0.0666022
0.863 0.05438 0.00295718 0.0624046
0.8635 0.0544101 0.00296046 0.0582081
0.864 0.0544382 0.00296352 0.0540127
0.8645 0.0544641 0.00296634 0.0498186
0.865 0.054488 0.00296894 0.0456259
0.8655 0.0545098 0.00297131 0.0414348
0.866 0.0545294 0.00297346 0.0372453
0.8665 0.054547 0.00297538 0.0330577
0.867 0.0545625 0.00297707 0.0288721
0.8675 0.0545759 0.00297853 0.0246885
0.868 0.0545872 0.00297976 0.0205072
0.8685 0.0545964 0.00298077 0.0163282
0.869 0.0546035 0.00298154 0.0121517
0.8695 0.0546085 0.00298209 0.00797787
0.87 0.0546115 0.00298241 0.00380676
0.8705 0.0546124 0.00298251 -0.00036145
0.871 0.0546111 0.00298238 -0.00452664
0.8715 0.0546078 0.00298201 -0.00868868
0.872 0.0546024 0.00298143 -0.0128474
0.8725 0.054595 0.00298061 -0.0170028
0.873 0.0545854 0.00297957 -0.0211545
0.8735 0.0545738 0.0029783 -0.0253026
0.874 0.0545601 0.00297681 -0.0294469
0.8745 0.0545444 0.00297509 -0.0335872
0.875 0.0545265 0.00297314 -0.0377235
0.8755 0.0545067 0.00297098 -0.0418555
0.876 0.0544847 0.00296858 -0.0459833
0.8765 0.0544607 0.00296596 -0.0501065
0.877 0.0544346 0.00296312 -0.0542251
0.8775 0.0544064 0.00296006 -0.0583391
0.878 0.0543763 0.00295678 -0.0624481
0.8785 0.054344 0.00295327 -0.0665522
0.879 0.0543097 0.00294954 -0.0706511
0.8795 0.0542734 0.0029456 -0.0747448
0.88 0.054235 0.00294143 -0.0788331
0.8805 0.0541945 0.00293705 -0.0829159
0.881 0.054152 0.00293244 -0.0869931
0.8815 0.0541075 0.00292762 -0.0910645
0.882 0.054061 0.00292259 -0.0951301
0.8825 0.0540124 0.00291734 -0.0991896
0.883 0.0539618 0.00291187 -0.103243
0.8835 0.0539092 0.0029062 -0.10729
0.884 0.0538545 0.00290031 -0.111331
0.8845 0.0537978 0.00289421 -0.115365
0.885 0.0537391 0.00288789 -0.119392
0.8855 0.0536784 0.00288137 -0.123413
0.886 0.0536157 0.00287465 -0.127427
0.8865 0.053551 0.00286771 -0.131434
0.887 0.0534843 0.00286057 -0.135433
0.8875 0.0534156 0.00285322 -0.139426
0.888 0.0533449 0.00284567 -0.143411
0.8885 0.0532722 0.00283792 -0.147388
0.889 0.0531975 0.00282997 -0.151358
0.8895 0.0531208 0.00282182 -0.15532
0.89 0.0530422 0.00281347 -0.159274
0.8905 0.0529615 0.00280492 -0.16322
0.891 0.0528789 0.00279618 -0.167158
0.8915 0.0527944 0.00278725 -0.171087
0.892 0.0527079 0.00277812 -0.175008
0.8925 0.0526194 0.0027688 -0.178921
0.893 0.0525289 0.00275929 -0.182825
0.8935 0.0524366 0.00274959 -0.18672
0.894 0.0523422 0.00273971 -0.190607
0.8945 0.0522459 0.00272964 -0.194484
0.895 0.0521477 0.00271939 -0.198352
0.8955 0.0520476 0.00270895 -0.202211
0.896 0.0519455 0.00269834 -0.206061
0.8965 0.0518415 0.00268754 -0.209901
0.897 0.0517356 0.00267658 -0.213731
0.8975 0.0516278 0.00266543 -0.217552
0.898 0.0515181 0.00265411 -0.221363
0.8985 0.0514064 0.00264262 -0.225164
0.899 0.0512929 0.00263096 -0.228955
0.8995 0.0511775 0.00261914 -0.232736
0.9 0.0510602 0.00260714 -0.236506
0.9005 0.050941 0.00259498 -0.240266
0.901 0.0508199 0.00258266 -0.244016
0.9015 0.050697 0.00257018 -0.247754
0.902 0.0505722 0.00255754 -0.251482
0.9025 0.0504455 0.00254475 -0.255199
0.903 0.050317 0.0025318 -0.258905
0.9035 0.0501866 0.00251869 -0.2626
0.904 0.0500544 0.00250544 -0.266284
0.9045 0.0499203 0.00249204 -0.269956
0.905 0.0497844 0.00247849 -0.273617
0.9055 0.0496467 0.00246479 -0.277266
0.906 0.0495071 0.00245096 -0.280904
0.9065 0.0493658 0.00243698 -0.28453
0.907 0.0492226 0.00242287 -0.288144
0.9075 0.0490776 0.00240862 -0.291745
0.908 0.0489309 0.00239423 -0.295335
0.9085 0.0487823 0.00237971 -0.298913
0.909 0.048632 0.00236507 -0.302478
0.9095 0.0484798 0.00235029 -0.30603
0.91 0.0483259 0.0023354 -0.30957
0.9105 0.0481703 0.00232038 -0.313097
0.911 0.0480128 0.00230523 -0.316612
0.9115 0.0478537 0.00228997 -0.320114
0.912 0.0476927 0.0022746 -0.323602
0.9125 0.0475301 0.00225911 -0.327078
0.913 0.0473657 0.00224351 -0.33054
0.9135 0.0471995 0.0022278 -0.333989
0.914 0.0470317 0.00221198 -0.337424
0.9145 0.0468621 0.00219606 -0.340846
0.915 0.0466908 0.00218003 -0.344254
0.9155 0.0465179 0.00216391 -0.347649
0.916 0.0463432 0.00214769 -0.351029
0.9165 0.0461668 0.00213138 -0.354396
0.917 0.0459888 0.00211497 -0.357748
0.9175 0.0458091 0.00209847 -0.361087
0.918 0.0456277 0.00208189 -0.364411
0.9185 0.0454447 0.00206522 -0.367721
0.919 0.04526 0.00204847 -0.371016
0.9195 0.0450737 0.00203163 -0.374296
0.92 0.0448857 0.00201473 -0.377562
0.9205 0.0446961 0.00199774 -0.380814
0.921 0.0445049 0.00198068 -0.38405
0.9215 0.044312 0.00196356 -0.387271
0.922 0.0441176 0.00194636 -0.390478
0.9225 0.0439216 0.0019291 -0.393669
0.923 0.0437239 0.00191178 -0.396844
0.9235 0.0435247 0.0018944 -0.400005
0.924 0.0433239 0.00187696 -0.40315
0.9245 0.0431216 0.00185947 -0.406279
0.925 0.0429177 0.00184193 -0.409393
0.9255 0.0427122 0.00182433 -0.412491
0.926 0.0425052 0.00180669 -0.415573
0.9265 0.0422966 0.001789 -0.418639
0.927 0.0420865 0.00177128 -0.421689
0.9275 0.0418749 0.00175351 -0.424723
0.928 0.0416618 0.00173571 -0.427741
0.9285 0.0414472 0.00171787 -0.430742
0.929 0.0412311 0.0017 -0.433727
0.9295 0.0410135 0.00168211 -0.436696
0.93 0.0407944 0.00166418 -0.439648
0.9305 0.0405738 0.00164624 -0.442583
0.931 0.0403518 0.00162827 -0.445502
0.9315 0.0401283 0.00161028 -0.448403
0.932 0.0399034 0.00159228 -0.451288
0.9325 0.039677 0.00157427 -0.454156
0.933 0.0394493 0.00155624 -0.457006
0.9335 0.03922 0.00153821 -0.459839
0.934 0.0389894 0.00152017 -0.462655
0.9345 0.0387574 0.00150214 -0.465454
0.935 0.038524 0.0014841 -0.468235
0.9355 0.0382892 0.00146606 -0.470999
0.936 0.038053 0.00144803 -0.473745
0.9365 0.0378154 0.00143001 -0.476473
0.937 0.0375765 0.00141199 -0.479183
0.9375 0.0373362 0.00139399 -0.481876
0.938 0.0370946 0.00137601 -0.48455
0.9385 0.0368517 0.00135805 -0.487207
0.939 0.0366074 0.0013401 -0.489845
0.9395 0.0363618 0.00132218 -0.492466
0.94 0.036115 0.00130429 -0.495067
0.9405 0.0358668 0.00128643 -0.497651
0.941 0.0356173 0.00126859 -0.500216
0.9415 0.0353666 0.00125079 -0.502763
0.942 0.0351146 0.00123303 -0.505291
0.9425 0.0348613 0.00121531 -0.5078
0.943 0.0346068 0.00119763 -0.51029
0.9435 0.034351 0.00117999 -0.512762
0.944 0.034094 0.0011624 -0.515215
0.9445 0.0338358 0.00114486 -0.517648
0.945 0.0335764 0.00112737 -0.520063
0.9455 0.0333157 0.00110994 -0.522459
0.946 0.0330539 0.00109256 -0.524835
0.9465 0.0327909 0.00107524 -0.527192
0.947 0.0325267 0.00105799 -0.52953
0.9475 0.0322614 0.0010408 -0.531848
0.948 0.0319949 0.00102367 -0.534147
0.9485 0.0317272 0.00100662 -0.536427
0.949 0.0314584 0.000989634 -0.538686
0.9495 0.0311885 0.000972725 -0.540926
0.95 0.0309175 0.000955893 -0.543146
0.9505 0.0306454 0.00093914 -0.545347
0.951 0.0303722 0.000922469 -0.547527
0.9515 0.0300979 0.000905882 -0.549688
0.952 0.0298225 0.000889381 -0.551828
0.9525 0.029546 0.000872969 -0.553949
0.953 0.0292685 0.000856648 -0.556049
0.9535 0.02899 0.00084042 -0.558129
0.954 0.0287104 0.000824288 -0.560189
0.9545 0.0284298 0.000808254 -0.562228
0.955 0.0281482 0.000792321 -0.564247
0.9555 0.0278656 0.00077649 -0.566246
0.956 0.027582 0.000760764 -0.568224
0.9565 0.0272973 0.000745145 -0.570181
0.957 0.0270118 0.000729636 -0.572118
0.9575 0.0267252 0.000714238 -0.574034
0.958 0.0264377 0.000698954 -0.575929
0.9585 0.0261493 0.000683786 -0.577804
0.959 0.0258599 0.000668737 -0.579657
0.9595 0.0255697 0.000653807 -0.58149
0.96 0.0252785 0.000639 -0.583301
0.9605 0.0249864 0.000624318 -0.585092
0.961 0.0246934 0.000609762 -0.586862
0.9615 0.0243995 0.000595336 -0.58861
0.962 0.0241048 0.00058104 -0.590337
0.9625 0.0238092 0.000566876 -0.592043
0.963 0.0235127 0.000552848 -0.593728
0.9635 0.0232154 0.000538957 -0.595391
0.964 0.0229173 0.000525204 -0.597033
0.9645 0.0226184 0.000511593 -0.598653
0.965 0.0223187 0.000498124 -0.600252
0.9655 0.0220182 0.0004848 -0.601829
0.966 0.0217169 0.000471622 -0.603385
0.9665 0.0214148 0.000458593 -0.604919
0.967 0.0211119 0.000445714 -0.606431
0.9675 0.0208084 0.000432988 -0.607922
0.968 0.020504 0.000420415 -0.60939
0.9685 0.020199 0.000407998 -0.610837
0.969 0.0198932 0.000395739 -0.612262
0.9695 0.0195867 0.000383639 -0.613666
0.97 0.0192795 0.0003717 -0.615047
0.9705 0.0189717 0.000359924 -0.616406
0.971 0.0186631 0.000348312 -0.617743
0.9715 0.0183539 0.000336867 -0.619058
0.972 0.0180441 0.000325589 -0.620351
0.9725 0.0177336 0.00031448 -0.621622
0.973 0.0174225 0.000303542 -0.62287
0.9735 0.0171107 0.000292777 -0.624097
0.974 0.0167984 0.000282185 -0.625301
0.9745 0.0164854 0.000271769 -0.626483
0.975 0.0161719 0.00026153 -0.627642
0.9755 0.0158578 0.000251469 -0.628779
0.976 0.0155431 0.000241588 -0.629894
0.9765 0.0152279 0.000231889 -0.630986
0.977 0.0149121 0.000222372 -0.632055
0.9775 0.0145958 0.000213038 -0.633102
0.978 0.014279 0.000203891 -0.634127
0.9785 0.0139617 0.000194929 -0.635129
0.979 0.0136439 0.000186156 -0.636108
0.9795 0.0133256 0.000177572 -0.637065
0.98 0.0130068 0.000169178 -0.637999
0.9805 0.0126876 0.000160976 -0.638911
0.981 0.0123679 0.000152966 -0.639799
0.9815 0.0120478 0.00014515 -0.640665
0.982 0.0117273 0.000137529 -0.641508
0.9825 0.0114063 0.000130104 -0.642329
0.983 0.0110849 0.000122876 -0.643126
0.9835 0.0107632 0.000115846 -0.643901
0.984 0.0104411 0.000109016 -0.644653
0.9845 0.0101185 0.000102385 -0.645381
0.985 0.00979567 9.59552e-05 -0.646087
0.9855 0.00947246 8.97275e-05 -0.64677
0.986 0.00914891 8.37025e-05 -0.647431
0.9865 0.00882503 7.78812e-05 -0.648068
0.987 0.00850084 7.22644e-05 -0.648682
0.9875 0.00817635 6.68528e-05 -0.649273
0.988 0.00785158 6.16472e-05 -0.649841
0.9885 0.00752652 5.66485e-05 -0.650386
0.989 0.00720119 5.18572e-05 -0.650908
0.9895 0.00687561 4.72741e-05 -0.651406
0.99 0.00654979 4.28998e-05 -0.651882
0.9905 0.00622374 3.87349e-05 -0.652335
0.991 0.00589746 3.478e-05 -0.652764
0.9915 0.00557098 3.10358e-05 -0.653171
0.992 0.00524429 2.75026e-05 -0.653554
0.9925 0.00491743 2.41811e-05 -0.653914
0.993 0.00459038 2.10716e-05 -0.654251
0.9935 0.00426318 1.81747e-05 -0.654564
0.994 0.00393582 1.54907e-05 -0.654855
0.9945 0.00360833 1.302e-05 -0.655122
0.995 0.0032807 1.0763e-05 -0.655366
0.9955 0.00295297 8.72001e-06 -0.655587
0.996 0.00262512 6.89126e-06 -0.655784
0.9965 0.00229718 5.27706e-06 -0.655959
0.997 0.00196917 3.87762e-06 -0.65611
0.9975 0.00164108 2.69314e-06 -0.656238
0.998 0.00131293 1.72379e-06 -0.656342
0.9985 0.00098474 9.69714e-07 -0.656424
0.999 0.000656513 4.31009e-07 -0.656482
0.9995 0.000328262 1.07756e-07 -0.656517
1 0 0 -0.656528
