x T
0 1
0.0025 1.00565
0.005 1.01123
0.0075 1.01675
0.01 1.02219
0.0125 1.02757
0.015 1.03286
0.0175 1.03806
0.02 1.04318
0.0225 1.04821
0.025 1.05314
0.0275 1.05796
0.03 1.06268
0.0325 1.0673
0.035 1.07179
0.0375 1.07618
0.04 1.08044
0.0425 1.08458
0.045 1.08859
0.0475 1.09247
0.05 1.09622
0.0525 1.09983
0.055 1.1033
0.0575 1.10663
0.06 1.10981
0.0625 1.11285
0.065 1.11574
0.0675 1.11847
0.07 1.12105
0.0725 1.12347
0.075 1.12574
0.0775 1.12784
0.08 1.12978
0.0825 1.13155
0.085 1.13316
0.0875 1.1346
0.09 1.13587
0.0925 1.13697
0.095 1.1379
0.0975 1.13866
0.1 1.13924
0.1025 1.13965
0.105 1.13988
0.1075 1.13994
0.11 1.13982
0.1125 1.13953
0.115 1.13905
0.1175 1.13841
0.12 1.13758
0.1225 1.13658
0.125 1.1354
0.1275 1.13404
0.13 1.13251
0.1325 1.1308
0.135 1.12892
0.1375 1.12686
0.14 1.12463
0.1425 1.12223
0.145 1.11965
0.1475 1.11691
0.15 1.11399
0.1525 1.11091
0.155 1.10766
0.1575 1.10424
0.16 1.10066
0.1625 1.09692
0.165 1.09301
0.1675 1.08895
0.17 1.08473
0.1725 1.08036
0.175 1.07583
0.1775 1.07115
0.18 1.06632
0.1825 1.06135
0.185 1.05623
0.1875 1.05097
0.19 1.04558
0.1925 1.04004
0.195 1.03437
0.1975 1.02857
0.2 1.02264
0.2025 1.01659
0.205 1.01041
0.2075 1.00411
0.21 0.997696
0.2125 0.991166
0.215 0.984525
0.2175 0.977777
0.22 0.970923
0.2225 0.963967
0.225 0.956913
0.2275 0.949764
0.23 0.942522
0.2325 0.935192
0.235 0.927777
0.2375 0.92028
0.24 0.912704
0.2425 0.905053
0.245 0.89733
0.2475 0.88954
0.25 0.881684
0.2525 0.873767
0.255 0.865793
0.2575 0.857765
0.26 0.849686
0.2625 0.84156
0.265 0.83339
0.2675 0.825181
0.27 0.816935
0.2725 0.808657
0.275 0.800349
0.2775 0.792016
0.28 0.783661
0.2825 0.775287
0.285 0.766898
0.2875 0.758497
0.29 0.750089
0.2925 0.741675
0.295 0.733261
0.2975 0.724849
0.3 0.716443
0.3025 0.708046
0.305 0.699662
0.3075 0.691294
0.31 0.682944
0.3125 0.674618
0.315 0.666317
0.3175 0.658045
0.32 0.649805
0.3225 0.641601
0.325 0.633434
0.3275 0.62531
0.33 0.61723
0.3325 0.609197
0.335 0.601215
0.3375 0.593286
0.34 0.585413
0.3425 0.5776
0.345 0.569848
0.3475 0.56216
0.35 0.55454
0.3525 0.546989
0.355 0.53951
0.3575 0.532106
0.36 0.524779
0.3625 0.517531
0.365 0.510366
0.3675 0.503284
0.37 0.496288
0.3725 0.489381
0.375 0.482564
0.3775 0.47584
0.38 0.46921
0.3825 0.462676
0.385 0.45624
0.3875 0.449904
0.39 0.44367
0.3925 0.437539
0.395 0.431512
0.3975 0.425591
0.4 0.419778
0.4025 0.414074
0.405 0.40848
0.4075 0.402998
0.41 0.397628
0.4125 0.392372
0.415 0.38723
0.4175 0.382204
0.42 0.377295
0.4225 0.372503
0.425 0.367828
0.4275 0.363273
0.43 0.358837
0.4325 0.35452
0.435 0.350324
0.4375 0.346249
0.44 0.342295
0.4425 0.338461
0.445 0.33475
0.4475 0.33116
0.45 0.327692
0.4525 0.324345
0.455 0.32112
0.4575 0.318017
0.46 0.315035
0.4625 0.312173
0.465 0.309433
0.4675 0.306813
0.47 0.304313
0.4725 0.301932
0.475 0.29967
0.4775 0.297526
0.48 0.2955
0.4825 0.293591
0.485 0.291797
0.4875 0.290119
0.49 0.288555
0.4925 0.287104
0.495 0.285765
0.4975 0.284537
0.5 0.28342
0.5025 0.282411
0.505 0.28151
0.5075 0.280716
0.51 0.280026
0.5125 0.279441
0.515 0.278957
0.5175 0.278575
0.52 0.278291
0.5225 0.278106
0.525 0.278017
0.5275 0.278022
0.53 0.278121
0.5325 0.278311
0.535 0.27859
0.5375 0.278957
0.54 0.279411
0.5425 0.279948
0.545 0.280568
0.5475 0.281268
0.55 0.282047
0.5525 0.282902
0.555 0.283832
0.5575 0.284835
0.56 0.285908
0.5625 0.28705
0.565 0.288259
0.5675 0.289532
0.57 0.290867
0.5725 0.292263
0.575 0.293717
0.5775 0.295227
0.58 0.296791
0.5825 0.298406
0.585 0.300071
0.5875 0.301783
0.59 0.303541
0.5925 0.305342
0.595 0.307183
0.5975 0.309063
0.6 0.310979
0.6025 0.31293
0.605 0.314913
0.6075 0.316925
0.61 0.318965
0.6125 0.32103
0.615 0.323119
0.6175 0.325228
0.62 0.327357
0.6225 0.329502
0.625 0.331661
0.6275 0.333833
0.63 0.336015
0.6325 0.338206
0.635 0.340402
0.6375 0.342602
0.64 0.344804
0.6425 0.347006
0.645 0.349206
0.6475 0.351401
0.65 0.35359
0.6525 0.355771
0.655 0.357941
0.6575 0.3601
0.66 0.362244
0.6625 0.364373
0.665 0.366483
0.6675 0.368574
0.67 0.370644
0.6725 0.37269
0.675 0.374712
0.6775 0.376706
0.68 0.378673
0.6825 0.380609
0.685 0.382514
0.6875 0.384386
0.69 0.386222
0.6925 0.388023
0.695 0.389786
0.6975 0.391509
0.7 0.393192
0.7025 0.394833
0.705 0.396431
0.7075 0.397984
0.71 0.399491
0.7125 0.400951
0.715 0.402363
0.7175 0.403725
0.72 0.405036
0.7225 0.406296
0.725 0.407503
0.7275 0.408656
0.73 0.409755
0.7325 0.410799
0.735 0.411785
0.7375 0.412715
0.74 0.413586
0.7425 0.414399
0.745 0.415153
0.7475 0.415846
0.75 0.416478
0.7525 0.417049
0.755 0.417558
0.7575 0.418005
0.76 0.418389
0.7625 0.41871
0.765 0.418967
0.7675 0.41916
0.77 0.419289
0.7725 0.419353
0.775 0.419353
0.7775 0.419288
0.78 0.419158
0.7825 0.418962
0.785 0.418702
0.7875 0.418377
0.79 0.417986
0.7925 0.417531
0.795 0.41701
0.7975 0.416425
0.8 0.415775
0.8025 0.415061
0.805 0.414283
0.8075 0.413441
0.81 0.412536
0.8125 0.411567
0.815 0.410536
0.8175 0.409443
0.82 0.408288
0.8225 0.407071
0.825 0.405794
0.8275 0.404457
0.83 0.40306
0.8325 0.401605
0.835 0.400091
0.8375 0.39852
0.84 0.396892
0.8425 0.395208
0.845 0.393468
0.8475 0.391675
0.85 0.389827
0.8525 0.387927
0.855 0.385975
0.8575 0.383973
0.86 0.38192
0.8625 0.379818
0.865 0.377668
0.8675 0.375472
0.87 0.373229
0.8725 0.370941
0.875 0.36861
0.8775 0.366236
0.88 0.36382
0.8825 0.361363
0.885 0.358868
0.8875 0.356334
0.89 0.353763
0.8925 0.351156
0.895 0.348514
0.8975 0.345839
0.9 0.343132
0.9025 0.340394
0.905 0.337626
0.9075 0.33483
0.91 0.332006
0.9125 0.329157
0.915 0.326283
0.9175 0.323385
0.92 0.320466
0.9225 0.317525
0.925 0.314565
0.9275 0.311587
0.93 0.308592
0.9325 0.305582
0.935 0.302557
0.9375 0.29952
0.94 0.296471
0.9425 0.293411
0.945 0.290343
0.9475 0.287266
0.95 0.284184
0.9525 0.281096
0.955 0.278005
0.9575 0.274911
0.96 0.271815
0.9625 0.26872
0.965 0.265626
0.9675 0.262535
0.97 0.259447
0.9725 0.256364
0.975 0.253288
0.9775 0.250219
0.98 0.247159
0.9825 0.244109
0.985 0.241069
0.9875 0.238042
0.99 0.235029
0.9925 0.232029
0.995 0.229046
0.9975 0.226079
1 0.22313
