x T seg net
0 0 0 0
0.000833333 0 0 0
0.00166667 0 0 0
0.0025 0 0 0
0.00333333 0 0 0
0.00416667 0 0 0
0.005 0 0 0
0.00583333 0 0 0
0.00666667 0 0 0
0.0075 0 0 0
0.00833333 0 0 0
0.00916667 0 0 0
0.01 0 0 0
0.0108333 0 0 0
0.0116667 0 0 0
0.0125 0 0 0
0.0133333 0 0 0
0.0141667 0 0 0
0.015 0 0 0
0.0158333 0 0 0
0.0166667 0 0 0
0.0175 0 0 0
0.0183333 0 0 0
0.0191667 0 0 0
0.02 0 0 0
0.0208333 0 0 0
0.0216667 0 0 0
0.0225 0 0 0
0.0233333 0 0 0
0.0241667 0 0 0
0.025 0 0 0
0.0258333 0 0 0
0.0266667 0 0 0
0.0275 0 0 0
0.0283333 0 0 0
0.0291667 0 0 0
0.03 0 0 0
0.0308333 0 0 0
0.0316667 0 0 0
0.0325 0 0 0
0.0333333 0 0 0
0.0341667 0 0 0
0.035 0 0 0
0.0358333 0 0 0
0.0366667 0 0 0
0.0375 0 0 0
0.0383333 0 0 0
0.0391667 0 0 0
0.04 0 0 0
0.0408333 0 0 0
0.0416667 0 0 0
0.0425 0 0 0
0.0433333 0 0 0
0.0441667 0 0 0
0.045 0 0 0
0.0458333 0 0 0
0.0466667 0 0 0
0.0475 0 0 0
0.0483333 0 0 0
0.0491667 0 0 0
0.05 0 0 0
0.0508333 0 0 0
0.0516667 0 0 0
0.0525 0 0 0
0.0533333 0 0 0
0.0541667 0 0 0
0.055 0 0 0
0.0558333 0 0 0
0.0566667 0 0 0
0.0575 0 0 0
0.0583333 0 0 0
0.0591667 0 0 0
0.06 0 0 0
0.0608333 0 0 0
0.0616667 0 0 0
0.0625 0 0 0
0.0633333 0 0 0
0.0641667 0 0 0
0.065 0 0 0
0.0658333 0 0 0
0.0666667 0 0 0
0.0675 0 0 0
0.0683333 0 0 0
0.0691667 0 0 0
0.07 0 0 0
0.0708333 0 0 0
0.0716667 0 0 0
0.0725 0 0 0
0.0733333 0 0 0
0.0741667 0 0 0
0.075 0 0 0
0.0758333 0 0 0
0.0766667 0 0 0
0.0775 0 0 0
0.0783333 0 0 0
0.0791667 0 0 0
0.08 0 0 0
0.0808333 0 0 0
0.0816667 0 0 0
0.0825 0 0 0
0.0833333 0 0 0
0.0841667 0 0 0
0.085 0 0 0
0.0858333 0 0 0
0.0866667 0 0 0
0.0875 0 0 0
0.0883333 0 0 0
0.0891667 0 0 0
0.09 0 0 0
0.0908333 0 0 0
0.0916667 0 0 0
0.0925 0 0 0
0.0933333 0 0 0
0.0941667 0 0 0
0.095 0 0 0
0.0958333 0 0 0
0.0966667 0 0 0
0.0975 0 3.1225e-17 0
0.0983333 0 6.7076e-17 0
0.0991667 0 1.02927e-16 0
0.1 0 1.38778e-16 0
0.100833 0 1.74629e-16 0
0.101667 0 2.1048e-16 0
0.1025 0 2.46331e-16 0
0.103333 0 2.82182e-16 0
0.104167 0 3.18033e-16 0
0.105 0 3.53884e-16 0
0.105833 0 3.89735e-16 0
0.106667 0 4.25585e-16 0
0.1075 0 4.61436e-16 0
0.108333 0 4.97287e-16 0
0.109167 0 5.33138e-16 0
0.11 0 5.68989e-16 0
0.110833 5.55112e-17 6.0484e-16 0
0.111667 5.55112e-17 6.40691e-16 0
0.1125 5.55112e-17 6.76542e-16 0
0.113333 5.55112e-17 7.12393e-16 0
0.114167 5.55112e-17 7.48244e-16 0
0.115 5.55112e-17 7.84095e-16 0
0.115833 1.11022e-16 8.19946e-16 0
0.116667 1.11022e-16 8.55797e-16 0
0.1175 1.11022e-16 8.91648e-16 0
0.118333 1.66533e-16 9.27499e-16 0
0.119167 1.66533e-16 9.6335e-16 0
0.12 2.22045e-16 9.99201e-16 0
0.120833 2.77556e-16 1.03505e-15 0
0.121667 3.33067e-16 1.0709e-15 0
0.1225 3.88578e-16 1.10675e-15 0
0.123333 4.44089e-16 1.1426e-15 0
0.124167 5.55112e-16 1.17846e-15 0
0.125 6.10623e-16 1.21431e-15 0
0.125833 7.21645e-16 1.25016e-15 0
0.126667 8.88178e-16 1.28601e-15 0
0.1275 1.05471e-15 1.32186e-15 0
0.128333 1.22125e-15 1.35771e-15 0
0.129167 1.44329e-15 5.11119e-15 0
0.13 1.72085e-15 2.81963e-14 0
0.130833 1.9984e-15 5.12815e-14 0
0.131667 2.38698e-15 7.43666e-14 0
0.1325 2.83107e-15 9.74518e-14 0
0.133333 3.33067e-15 1.20537e-13 0
0.134167 3.94129e-15 1.43622e-13 0
0.135 4.66294e-15 1.66707e-13 0
0.135833 5.4956e-15 1.89792e-13 0
0.136667 6.4948e-15 2.12877e-13 0
0.1375 7.66054e-15 2.35963e-13 0
0.138333 9.04832e-15 2.59048e-13 0
0.139167 1.07137e-14 2.82133e-13 0
0.14 1.26565e-14 3.05218e-13 0
0.140833 1.4988e-14 3.28303e-13 0
0.141667 1.77081e-14 3.51388e-13 0
0.1425 2.08722e-14 3.74474e-13 0
0.143333 2.4647e-14 3.97559e-13 0
0.144167 2.91434e-14 4.20644e-13 0
0.145 3.44169e-14 4.43729e-13 0
0.145833 4.06897e-14 4.66814e-13 0
0.146667 4.80727e-14 4.89899e-13 0
0.1475 5.67879e-14 5.12984e-13 0
0.148333 6.70575e-14 5.3607e-13 0
0.149167 7.92144e-14 5.59155e-13 0
0.15 9.35918e-14 5.8224e-13 0
0.150833 1.10578e-13 6.05325e-13 0
0.151667 1.30618e-13 6.2841e-13 0
0.1525 1.54265e-13 6.51495e-13 0
0.153333 1.82243e-13 6.7458e-13 0
0.154167 2.15328e-13 6.97666e-13 0
0.155 2.54352e-13 7.20751e-13 0
0.155833 3.00482e-13 7.43836e-13 0
0.156667 3.54994e-13 7.66921e-13 0
0.1575 4.19387e-13 7.90006e-13 0
0.158333 4.95437e-13 8.13091e-13 0
0.159167 5.8531e-13 8.36176e-13 0
0.16 6.91447e-13 8.59262e-13 0
0.160833 8.16847e-13 8.82347e-13 0
0.161667 9.65006e-13 7.50181e-12 0
0.1625 1.13998e-12 2.21312e-11 0
0.163333 1.34676e-12 3.67605e-11 0
0.164167 1.59101e-12 5.13899e-11 0
0.165 1.87955e-12 6.60192e-11 0
0.165833 2.22039e-12 8.06486e-11 0
0.166667 2.62312e-12 9.52779e-11 0
0.1675 3.0988e-12 1.09907e-10 0
0.168333 3.66085e-12 1.24537e-10 0
0.169167 4.32476e-12 1.39166e-10 0
0.17 5.10908e-12 1.53795e-10 0
0.170833 6.03567e-12 1.68425e-10 0
0.171667 7.1303e-12 1.83054e-10 0
0.1725 8.42348e-12 1.97683e-10 0
0.173333 9.95115e-12 2.12313e-10 0
0.174167 1.17559e-11 2.26942e-10 0
0.175 1.38879e-11 2.41571e-10 0
0.175833 1.64067e-11 2.56201e-10 0
0.176667 1.93822e-11 2.7083e-10 0
0.1775 2.28974e-11 2.85459e-10 0
0.178333 2.705e-11 3.00089e-10 0
0.179167 3.19558e-11 3.14718e-10 0
0.18 3.77514e-11 3.29347e-10 0
0.180833 4.45979e-11 3.43977e-10 0
0.181667 5.26862e-11 3.58606e-10 0
0.1825 6.22415e-11 3.73236e-10 0
0.183333 7.35296e-11 3.87865e-10 0
0.184167 8.6865e-11 4.02494e-10 0
0.185 1.02619e-10 4.17124e-10 0
0.185833 1.2123e-10 4.31753e-10 0
0.186667 1.43216e-10 4.46382e-10 0
0.1875 1.6919e-10 4.61012e-10 0
0.188333 1.99874e-10 4.75641e-10 0
0.189167 2.36123e-10 4.9027e-10 0
0.19 2.78947e-10 5.049e-10 0
0.190833 3.29537e-10 5.19529e-10 0
0.191667 3.89302e-10 5.34158e-10 0
0.1925 4.59906e-10 5.48788e-10 0
0.193333 5.43314e-10 5.63417e-10 0
0.194167 6.4185e-10 7.44565e-09 0
0.195 7.58256e-10 1.67166e-08 0
0.195833 8.95774e-10 2.59876e-08 0
0.196667 1.05823e-09 3.52585e-08 0
0.1975 1.25015e-09 4.45295e-08 0
0.198333 1.47688e-09 5.38004e-08 0
0.199167 1.74473e-09 6.30714e-08 0
0.2 2.06115e-09 7.23424e-08 0
0.200833 2.43497e-09 8.16133e-08 0
0.201667 2.87657e-09 9.08843e-08 0
0.2025 3.39827e-09 1.00155e-07 0
0.203333 4.01458e-09 1.09426e-07 0
0.204167 4.74266e-09 1.18697e-07 0
0.205 5.6028e-09 1.27968e-07 0
0.205833 6.61892e-09 1.37239e-07 0
0.206667 7.81933e-09 1.4651e-07 0
0.2075 9.23745e-09 1.55781e-07 0
0.208333 1.09128e-08 1.65052e-07 0
0.209167 1.28919e-08 1.74323e-07 0
0.21 1.523e-08 1.83594e-07 0
0.210833 1.79921e-08 1.92865e-07 0
0.211667 2.12551e-08 2.02136e-07 0
0.2125 2.511e-08 2.11407e-07 0
0.213333 2.96639e-08 2.20678e-07 0
0.214167 3.50438e-08 2.29949e-07 0
0.215 4.13994e-08 2.3922e-07 0
0.215833 4.89076e-08 2.48491e-07 0
0.216667 5.77775e-08 2.57762e-07 0
0.2175 6.8256e-08 2.67033e-07 0
0.218333 8.0635e-08 2.76303e-07 0
0.219167 9.5259e-08 2.85574e-07 0
0.22 1.12535e-07 2.94845e-07 0
0.220833 1.32945e-07 3.04116e-07 0
0.221667 1.57055e-07 3.13387e-07 0
0.2225 1.85539e-07 3.22658e-07 0
0.223333 2.19189e-07 3.31929e-07 0
0.224167 2.58941e-07 3.412e-07 0
0.225 3.05902e-07 3.50471e-07 0
0.225833 3.61381e-07 5.48923e-07 0
0.226667 4.26921e-07 6.42281e-06 0
0.2275 5.04347e-07 1.22967e-05 0
0.228333 5.95816e-07 1.81706e-05 0
0.229167 7.03873e-07 2.40445e-05 0
0.23 8.31528e-07 2.99184e-05 0
0.230833 9.82334e-07 3.57923e-05 0
0.231667 1.16049e-06 4.16661e-05 0
0.2325 1.37096e-06 4.754e-05 0
0.233333 1.61959e-06 5.34139e-05 0
0.234167 1.91332e-06 5.92878e-05 0
0.235 2.26032e-06 6.51617e-05 0
0.235833 2.67026e-06 7.10356e-05 0
0.236667 3.15453e-06 7.69095e-05 0
0.2375 3.72664e-06 8.27834e-05 0
0.238333 4.4025e-06 8.86572e-05 0
0.239167 5.20094e-06 9.45311e-05 0
0.24 6.14417e-06 0.000100405 0
0.240833 7.25848e-06 0.000106279 0
0.241667 8.57487e-06 0.000112153 0
0.2425 1.013e-05 0.000118027 0
0.243333 1.19671e-05 0.000123901 0
0.244167 1.41375e-05 0.000129774 0
0.245 1.67014e-05 0.000135648 0
0.245833 1.97303e-05 0.000141522 0
0.246667 2.33086e-05 0.000147396 0
0.2475 2.75357e-05 0.00015327 0
0.248333 3.25294e-05 0.000159144 0
0.249167 3.84287e-05 0.000165018 0
0.25 4.53979e-05 0.000170892 0
0.250833 5.36308e-05 0.000176766 0
0.251667 6.33567e-05 0.000182639 0
0.2525 7.48462e-05 0.000188513 0
0.253333 8.84192e-05 0.000194387 0
0.254167 0.000104453 0.000200261 0
0.255 0.000123395 0.000206135 0
0.255833 0.00014577 0.000212009 0
0.256667 0.000172203 0.000217883 0
0.2575 0.000203427 0.000223757 0
0.258333 0.000240312 0.00127704 0
0.259167 0.000283882 0.0045299 0
0.26 0.00033535 0.00778276 0
0.260833 0.000396145 0.0110356 0
0.261667 0.000467957 0.0142885 0
0.2625 0.000552779 0.0175413 0
0.263333 0.000652965 0.0207942 0
0.264167 0.000771296 0.0240471 0
0.265 0.000911051 0.0272999 0
0.265833 0.0010761 0.0305528 0
0.266667 0.00127102 0.0338056 0
0.2675 0.00150118 0.0370585 0
0.268333 0.00177295 0.0403113 0
0.269167 0.00209383 0.0435642 0
0.27 0.00247262 0.0468171 0
0.270833 0.00291975 0.0500699 0
0.271667 0.00344745 0.0533228 0
0.2725 0.00407014 0.0565756 0
0.273333 0.00480475 0.0598285 0
0.274167 0.0056712 0.0630814 0
0.275 0.00669285 0.0663342 0
0.275833 0.00789708 0.0695871 0
0.276667 0.00931596 0.0728399 0
0.2775 0.0109869 0.0760928 0
0.278333 0.0129537 0.0793456 0
0.279167 0.0152672 0.0825985 0
0.28 0.0179862 0.0858514 1.38778e-15
0.280833 0.0211791 0.0891042 0.0208333
0.281667 0.0249244 0.0923571 0.0416667
0.2825 0.0293122 0.0956099 0.0625
0.283333 0.0344452 0.0988628 0.0833333
0.284167 0.0404396 0.102116 0.104167
0.285 0.0474259 0.105369 0.125
0.285833 0.0555493 0.108621 0.145833
0.286667 0.0649692 0.111874 0.166667
0.2875 0.0758582 0.115127 0.1875
0.288333 0.0883997 0.11838 0.208333
0.289167 0.102784 0.121633 0.229167
0.29 0.119203 0.124886 0.25
0.290833 0.137842 0.13981 0.270833
0.291667 0.158869 0.162105 0.291667
0.2925 0.182426 0.1844 0.3125
0.293333 0.208609 0.206695 0.333333
0.294167 0.237458 0.228991 0.354167
0.295 0.268941 0.251286 0.375
0.295833 0.302941 0.273581 0.395833
0.296667 0.339244 0.295876 0.416667
0.2975 0.377541 0.318172 0.4375
0.298333 0.41743 0.340467 0.458333
0.299167 0.45843 0.362762 0.479167
0.3 0.5 0.385057 0.5
0.300833 0.54157 0.407353 0.520833
0.301667 0.58257 0.429648 0.541667
0.3025 0.622459 0.451943 0.5625
0.303333 0.660756 0.474238 0.583333
0.304167 0.697059 0.496534 0.604167
0.305 0.731059 0.518829 0.625
0.305833 0.762542 0.541124 0.645833
0.306667 0.791391 0.56342 0.666667
0.3075 0.817574 0.585715 0.6875
0.308333 0.841131 0.60801 0.708333
0.309167 0.862158 0.630305 0.729167
0.31 0.880797 0.652601 0.75
0.310833 0.897216 0.674896 0.770833
0.311667 0.9116 0.697191 0.791667
0.3125 0.924142 0.719486 0.8125
0.313333 0.935031 0.741782 0.833333
0.314167 0.944451 0.764077 0.854167
0.315 0.952574 0.786372 0.875
0.315833 0.95956 0.808667 0.895833
0.316667 0.965555 0.830963 0.916667
0.3175 0.970688 0.853258 0.9375
0.318333 0.975076 0.875553 0.958333
0.319167 0.978821 0.897848 0.979167
0.32 0.982014 0.920144 1
0.320833 0.984733 0.942439 1
0.321667 0.987046 0.964734 1
0.3225 0.989013 0.987029 1
0.323333 0.990684 0.989439 1
0.324167 0.992103 0.989718 1
0.325 0.993307 0.989997 1
0.325833 0.994329 0.990276 1
0.326667 0.995195 0.990554 1
0.3275 0.99593 0.990833 1
0.328333 0.996553 0.991112 1
0.329167 0.99708 0.991391 1
0.33 0.997527 0.99167 1
0.330833 0.997906 0.991949 1
0.331667 0.998227 0.992228 1
0.3325 0.998499 0.992507 1
0.333333 0.998729 0.992786 1
0.334167 0.998924 0.993064 1
0.335 0.999089 0.993343 1
0.335833 0.999229 0.993622 1
0.336667 0.999347 0.993901 1
0.3375 0.999447 0.99418 1
0.338333 0.999532 0.994459 1
0.339167 0.999604 0.994738 1
0.34 0.999665 0.995017 1
0.340833 0.999716 0.995296 1
0.341667 0.99976 0.995574 1
0.3425 0.999797 0.995853 1
0.343333 0.999828 0.996132 1
0.344167 0.999854 0.996411 1
0.345 0.999877 0.99669 1
0.345833 0.999896 0.996969 1
0.346667 0.999912 0.997248 1
0.3475 0.999925 0.997527 1
0.348333 0.999937 0.997806 1
0.349167 0.999946 0.998084 1
0.35 0.999955 0.998363 1
0.350833 0.999962 0.998642 1
0.351667 0.999967 0.998921 1
0.3525 0.999972 0.9992 1
0.353333 0.999977 0.999479 1
0.354167 0.99998 0.999758 1
0.355 0.999983 0.999983 1
0.355833 0.999986 0.999983 1
0.356667 0.999988 0.999984 1
0.3575 0.99999 0.999984 1
0.358333 0.999991 0.999985 1
0.359167 0.999993 0.999985 1
0.36 0.999994 0.999986 1
0.360833 0.999995 0.999986 1
0.361667 0.999996 0.999986 1
0.3625 0.999996 0.999987 1
0.363333 0.999997 0.999987 1
0.364167 0.999997 0.999988 1
0.365 0.999998 0.999988 1
0.365833 0.999998 0.999989 1
0.366667 0.999998 0.999989 1
0.3675 0.999999 0.99999 1
0.368333 0.999999 0.99999 1
0.369167 0.999999 0.99999 1
0.37 0.999999 0.999991 1
0.370833 0.999999 0.999991 1
0.371667 0.999999 0.999992 1
0.3725 0.999999 0.999992 1
0.373333 1 0.999993 1
0.374167 1 0.999993 1
0.375 1 0.999994 1
0.375833 1 0.999994 1
0.376667 1 0.999994 1
0.3775 1 0.999995 1
0.378333 1 0.999995 1
0.379167 1 0.999996 1
0.38 1 0.999996 1
0.380833 1 0.999997 1
0.381667 1 0.999997 1
0.3825 1 0.999998 1
0.383333 1 0.999998 1
0.384167 1 0.999998 1
0.385 1 0.999999 1
0.385833 1 0.999999 1
0.386667 1 1 1
0.3875 1 1 1
0.388333 1 1 1
0.389167 1 1 1
0.39 1 1 1
0.390833 1 1 1
0.391667 1 1 1
0.3925 1 1 1
0.393333 1 1 1
0.394167 1 1 1
0.395 1 1 1
0.395833 1 1 1
0.396667 1 1 1
0.3975 1 1 1
0.398333 1 1 1
0.399167 1 1 1
0.4 1 1 1
0.400833 1 1 1
0.401667 1 1 1
0.4025 1 1 1
0.403333 1 1 1
0.404167 1 1 1
0.405 1 1 1
0.405833 1 1 1
0.406667 1 1 1
0.4075 1 1 1
0.408333 1 1 1
0.409167 1 1 1
0.41 1 1 1
0.410833 1 1 1
0.411667 1 1 1
0.4125 1 1 1
0.413333 1 1 1
0.414167 1 1 1
0.415 1 1 1
0.415833 1 1 1
0.416667 1 1 1
0.4175 1 1 1
0.418333 1 1 1
0.419167 1 1 1
0.42 1 1 1
0.420833 1 1 1
0.421667 1 1 1
0.4225 1 1 1
0.423333 1 1 1
0.424167 1 1 1
0.425 1 1 1
0.425833 1 1 1
0.426667 1 1 1
0.4275 1 1 1
0.428333 1 1 1
0.429167 1 1 1
0.43 1 1 1
0.430833 1 1 1
0.431667 1 1 1
0.4325 1 1 1
0.433333 1 1 1
0.434167 1 1 1
0.435 1 1 1
0.435833 1 1 1
0.436667 1 1 1
0.4375 1 1 1
0.438333 1 1 1
0.439167 1 1 1
0.44 1 1 1
0.440833 1 1 1
0.441667 1 1 1
0.4425 1 1 1
0.443333 1 1 1
0.444167 1 1 1
0.445 1 1 1
0.445833 1 1 1
0.446667 1 1 1
0.4475 1 1 1
0.448333 1 1 1
0.449167 1 1 1
0.45 1 1 1
0.450833 1 1 1
0.451667 1 1 1
0.4525 1 1 1
0.453333 1 1 1
0.454167 1 1 1
0.455 1 1 1
0.455833 1 1 1
0.456667 1 1 1
0.4575 1 1 1
0.458333 1 1 1
0.459167 1 1 1
0.46 1 1 1
0.460833 1 1 1
0.461667 1 1 1
0.4625 1 1 1
0.463333 1 1 1
0.464167 1 1 1
0.465 1 1 1
0.465833 1 1 1
0.466667 1 1 1
0.4675 1 1 1
0.468333 1 1 1
0.469167 1 1 1
0.47 1 1 1
0.470833 1 1 1
0.471667 1 1 1
0.4725 1 1 1
0.473333 1 1 1
0.474167 1 1 1
0.475 1 1 1
0.475833 1 1 1
0.476667 1 1 1
0.4775 1 1 1
0.478333 1 1 1
0.479167 1 1 1
0.48 1 1 1
0.480833 1 1 1
0.481667 1 1 1
0.4825 1 1 1
0.483333 1 1 1
0.484167 1 1 1
0.485 1 1 1
0.485833 1 1 1
0.486667 1 1 1
0.4875 1 1 1
0.488333 1 1 1
0.489167 1 1 1
0.49 1 1 1
0.490833 1 1 1
0.491667 1 1 1
0.4925 1 1 1
0.493333 1 1 1
0.494167 1 1 1
0.495 1 1 1
0.495833 1 1 1
0.496667 1 1 1
0.4975 1 1 1
0.498333 1 1 1
0.499167 1 1 1
0.5 1 1 1
0.500833 1 1 1
0.501667 1 1 1
0.5025 1 1 1
0.503333 1 1 1
0.504167 1 1 1
0.505 1 1 1
0.505833 1 1 1
0.506667 1 1 1
0.5075 1 1 1
0.508333 1 1 1
0.509167 1 1 1
0.51 1 1 1
0.510833 1 1 1
0.511667 1 1 1
0.5125 1 1 1
0.513333 1 1 1
0.514167 1 1 1
0.515 1 1 1
0.515833 1 1 1
0.516667 1 0.999999 1
0.5175 1 0.999999 1
0.518333 1 0.999998 1
0.519167 1 0.999997 1
0.52 1 0.999996 1
0.520833 1 0.999995 1
0.521667 1 0.999994 1
0.5225 1 0.999993 1
0.523333 1 0.999993 1
0.524167 1 0.999992 1
0.525 1 0.999991 1
0.525833 1 0.99999 1
0.526667 1 0.999989 1
0.5275 0.999999 0.999988 1
0.528333 0.999999 0.999988 1
0.529167 0.999999 0.999987 1
0.53 0.999999 0.999986 1
0.530833 0.999999 0.999985 1
0.531667 0.999999 0.999984 1
0.5325 0.999999 0.999983 1
0.533333 0.999998 0.999982 1
0.534167 0.999998 0.999982 1
0.535 0.999998 0.999981 1
0.535833 0.999997 0.99998 1
0.536667 0.999997 0.999979 1
0.5375 0.999996 0.999978 1
0.538333 0.999996 0.999977 1
0.539167 0.999995 0.999977 1
0.54 0.999994 0.999976 1
0.540833 0.999993 0.999975 1
0.541667 0.999991 0.999974 1
0.5425 0.99999 0.999973 1
0.543333 0.999988 0.999972 1
0.544167 0.999986 0.999971 1
0.545 0.999983 0.999971 1
0.545833 0.99998 0.99997 1
0.546667 0.999977 0.999969 1
0.5475 0.999972 0.999968 1
0.548333 0.999967 0.999967 1
0.549167 0.999962 0.999475 1
0.55 0.999955 0.998948 1
0.550833 0.999946 0.998422 1
0.551667 0.999937 0.997895 1
0.5525 0.999925 0.997369 1
0.553333 0.999912 0.996842 1
0.554167 0.999896 0.996316 1
0.555 0.999877 0.995789 1
0.555833 0.999854 0.995263 1
0.556667 0.999828 0.994736 1
0.5575 0.999797 0.99421 1
0.558333 0.99976 0.993683 1
0.559167 0.999716 0.993157 1
0.56 0.999665 0.99263 1
0.560833 0.999604 0.992104 1
0.561667 0.999532 0.991577 1
0.5625 0.999447 0.991051 1
0.563333 0.999347 0.990524 1
0.564167 0.999229 0.989998 1
0.565 0.999089 0.989471 1
0.565833 0.998924 0.988945 1
0.566667 0.998729 0.988418 1
0.5675 0.998499 0.987892 1
0.568333 0.998227 0.987366 1
0.569167 0.997906 0.986839 1
0.57 0.997527 0.986313 1
0.570833 0.99708 0.985786 1
0.571667 0.996553 0.98526 1
0.5725 0.99593 0.984733 1
0.573333 0.995195 0.984207 1
0.574167 0.994329 0.98368 1
0.575 0.993307 0.983154 1
0.575833 0.992103 0.982627 1
0.576667 0.990684 0.982101 1
0.5775 0.989013 0.981574 1
0.578333 0.987046 0.981048 1
0.579167 0.984733 0.980521 1
0.58 0.982014 0.979995 1
0.580833 0.978821 0.974284 0.979167
0.581667 0.975076 0.950796 0.958333
0.5825 0.970688 0.927309 0.9375
0.583333 0.965555 0.903821 0.916667
0.584167 0.95956 0.880334 0.895833
0.585 0.952574 0.856846 0.875
0.585833 0.944451 0.833359 0.854167
0.586667 0.935031 0.809871 0.833333
0.5875 0.924142 0.786384 0.8125
0.588333 0.9116 0.762896 0.791667
0.589167 0.897216 0.739409 0.770833
0.59 0.880797 0.715921 0.75
0.590833 0.862158 0.692434 0.729167
0.591667 0.841131 0.668946 0.708333
0.5925 0.817574 0.645459 0.6875
0.593333 0.791391 0.621971 0.666667
0.594167 0.762542 0.598484 0.645833
0.595 0.731059 0.574996 0.625
0.595833 0.697059 0.551509 0.604167
0.596667 0.660756 0.528021 0.583333
0.5975 0.622459 0.504534 0.5625
0.598333 0.58257 0.481047 0.541667
0.599167 0.54157 0.457559 0.520833
0.6 0.5 0.434072 0.5
0.600833 0.45843 0.410584 0.479167
0.601667 0.41743 0.387097 0.458333
0.6025 0.377541 0.363609 0.4375
0.603333 0.339244 0.340122 0.416667
0.604167 0.302941 0.316634 0.395833
0.605 0.268941 0.293147 0.375
0.605833 0.237458 0.269659 0.354167
0.606667 0.208609 0.246172 0.333333
0.6075 0.182426 0.222684 0.3125
0.608333 0.158869 0.199197 0.291667
0.609167 0.137842 0.175709 0.270833
0.61 0.119203 0.152222 0.25
0.610833 0.102784 0.128734 0.229167
0.611667 0.0883997 0.105247 0.208333
0.6125 0.0758582 0.0817594 0.1875
0.613333 0.0649692 0.0694575 0.166667
0.614167 0.0555493 0.0676421 0.145833
0.615 0.0474259 0.0658266 0.125
0.615833 0.0404396 0.0640112 0.104167
0.616667 0.0344452 0.0621957 0.0833333
0.6175 0.0293122 0.0603803 0.0625
0.618333 0.0249244 0.0585649 0.0416667
0.619167 0.0211791 0.0567494 0.0208333
0.62 0.0179862 0.054934 0
0.620833 0.0152672 0.0531186 0
0.621667 0.0129537 0.0513031 0
0.6225 0.0109869 0.0494877 0
0.623333 0.00931596 0.0476722 0
0.624167 0.00789708 0.0458568 0
0.625 0.00669285 0.0440414 0
0.625833 0.0056712 0.0422259 0
0.626667 0.00480475 0.0404105 0
0.6275 0.00407014 0.0385951 0
0.628333 0.00344745 0.0367796 0
0.629167 0.00291975 0.0349642 0
0.63 0.00247262 0.0331487 0
0.630833 0.00209383 0.0313333 0
0.631667 0.00177295 0.0295179 0
0.6325 0.00150118 0.0277024 0
0.633333 0.00127102 0.025887 0
0.634167 0.0010761 0.0240715 0
0.635 0.000911051 0.0222561 0
0.635833 0.000771296 0.0204407 0
0.636667 0.000652965 0.0186252 0
0.6375 0.000552779 0.0168098 0
0.638333 0.000467957 0.0149944 0
0.639167 0.000396145 0.0131789 0
0.64 0.00033535 0.0113635 0
0.640833 0.000283882 0.00954804 0
0.641667 0.000240312 0.00773261 0
0.6425 0.000203427 0.00591717 0
0.643333 0.000172203 0.00410173 0
0.644167 0.00014577 0.00228629 0
0.645 0.000123395 0.000470853 0
0.645833 0.000104453 0.000116993 0
0.646667 8.84192e-05 0.000113911 0
0.6475 7.48462e-05 0.00011083 0
0.648333 6.33567e-05 0.000107748 0
0.649167 5.36308e-05 0.000104666 0
0.65 4.53979e-05 0.000101585 0
0.650833 3.84287e-05 9.8503e-05 0
0.651667 3.25294e-05 9.54214e-05 0
0.6525 2.75357e-05 9.23397e-05 0
0.653333 2.33086e-05 8.92581e-05 0
0.654167 1.97303e-05 8.61764e-05 0
0.655 1.67014e-05 8.30948e-05 0
0.655833 1.41375e-05 8.00131e-05 0
0.656667 1.19671e-05 7.69315e-05 0
0.6575 1.013e-05 7.38498e-05 0
0.658333 8.57487e-06 7.07682e-05 0
0.659167 7.25848e-06 6.76866e-05 0
0.66 6.14417e-06 6.46049e-05 0
0.660833 5.20094e-06 6.15233e-05 0
0.661667 4.4025e-06 5.84416e-05 0
0.6625 3.72664e-06 5.536e-05 0
0.663333 3.15453e-06 5.22783e-05 0
0.664167 2.67026e-06 4.91967e-05 0
0.665 2.26032e-06 4.6115e-05 0
0.665833 1.91332e-06 4.30334e-05 0
0.666667 1.61959e-06 3.99517e-05 0
0.6675 1.37096e-06 3.68701e-05 0
0.668333 1.16049e-06 3.37884e-05 0
0.669167 9.82334e-07 3.07068e-05 0
0.67 8.31528e-07 2.76251e-05 0
0.670833 7.03873e-07 2.45435e-05 0
0.671667 5.95816e-07 2.14619e-05 0
0.6725 5.04347e-07 1.83802e-05 0
0.673333 4.26921e-07 1.52986e-05 0
0.674167 3.61381e-07 1.22169e-05 0
0.675 3.05902e-07 9.13527e-06 0
0.675833 2.58941e-07 6.05362e-06 0
0.676667 2.19189e-07 2.97198e-06 0
0.6775 1.85539e-07 1.88085e-07 0
0.678333 1.57055e-07 1.83222e-07 0
0.679167 1.32945e-07 1.78359e-07 0
0.68 1.12535e-07 1.73495e-07 0
0.680833 9.5259e-08 1.68632e-07 0
0.681667 8.0635e-08 1.63769e-07 0
0.6825 6.8256e-08 1.58905e-07 0
0.683333 5.77775e-08 1.54042e-07 0
0.684167 4.89076e-08 1.49179e-07 0
0.685 4.13994e-08 1.44315e-07 0
0.685833 3.50438e-08 1.39452e-07 0
0.686667 2.96639e-08 1.34589e-07 0
0.6875 2.511e-08 1.29725e-07 0
0.688333 2.12551e-08 1.24862e-07 0
0.689167 1.79921e-08 1.19998e-07 0
0.69 1.523e-08 1.15135e-07 0
0.690833 1.28919e-08 1.10272e-07 0
0.691667 1.09128e-08 1.05408e-07 0
0.6925 9.23745e-09 1.00545e-07 0
0.693333 7.81933e-09 9.56818e-08 0
0.694167 6.61892e-09 9.08184e-08 0
0.695 5.6028e-09 8.59551e-08 0
0.695833 4.74266e-09 8.10918e-08 0
0.696667 4.01458e-09 7.62284e-08 0
0.6975 3.39827e-09 7.13651e-08 0
0.698333 2.87657e-09 6.65017e-08 0
0.699167 2.43497e-09 6.16384e-08 0
0.7 2.06115e-09 5.67751e-08 0
0.700833 1.74473e-09 5.19117e-08 0
0.701667 1.47688e-09 4.70484e-08 0
0.7025 1.25015e-09 4.2185e-08 0
0.703333 1.05823e-09 3.73217e-08 0
0.704167 8.95774e-10 3.24583e-08 0
0.705 7.58256e-10 2.7595e-08 0
0.705833 6.4185e-10 2.27317e-08 0
0.706667 5.43314e-10 1.78683e-08 0
0.7075 4.59906e-10 1.3005e-08 0
0.708333 3.89302e-10 8.14164e-09 0
0.709167 3.29537e-10 3.27829e-09 0
0.71 2.78947e-10 2.94566e-10 0
0.710833 2.36123e-10 2.86892e-10 0
0.711667 1.99874e-10 2.79217e-10 0
0.7125 1.6919e-10 2.71543e-10 0
0.713333 1.43216e-10 2.63869e-10 0
0.714167 1.2123e-10 2.56195e-10 0
0.715 1.02619e-10 2.48521e-10 0
0.715833 8.6865e-11 2.40846e-10 0
0.716667 7.35296e-11 2.33172e-10 0
0.7175 6.22415e-11 2.25498e-10 0
0.718333 5.26862e-11 2.17824e-10 0
0.719167 4.45979e-11 2.10149e-10 0
0.72 3.77514e-11 2.02475e-10 0
0.720833 3.19558e-11 1.94801e-10 0
0.721667 2.705e-11 1.87127e-10 0
0.7225 2.28974e-11 1.79452e-10 0
0.723333 1.93822e-11 1.71778e-10 0
0.724167 1.64067e-11 1.64104e-10 0
0.725 1.38879e-11 1.5643e-10 0
0.725833 1.17559e-11 1.48756e-10 0
0.726667 9.95115e-12 1.41081e-10 0
0.7275 8.42348e-12 1.33407e-10 0
0.728333 7.1303e-12 1.25733e-10 0
0.729167 6.03567e-12 1.18059e-10 0
0.73 5.10908e-12 1.10384e-10 0
0.730833 4.32476e-12 1.0271e-10 0
0.731667 3.66085e-12 9.50359e-11 0
0.7325 3.0988e-12 8.73616e-11 0
0.733333 2.62312e-12 7.96874e-11 0
0.734167 2.22039e-12 7.20132e-11 0
0.735 1.87955e-12 6.43389e-11 0
0.735833 1.59101e-12 5.66647e-11 0
0.736667 1.34676e-12 4.89905e-11 0
0.7375 1.13998e-12 4.13162e-11 0
0.738333 9.65006e-13 3.3642e-11 0
0.739167 8.16847e-13 2.59678e-11 0
0.74 6.91447e-13 1.82935e-11 0
0.740833 5.8531e-13 1.06193e-11 0
0.741667 4.95437e-13 2.94507e-12 0
0.7425 4.19387e-13 4.61309e-13 0
0.743333 3.54994e-13 4.49199e-13 0
0.744167 3.00482e-13 4.37089e-13 0
0.745 2.54352e-13 4.24978e-13 0
0.745833 2.15328e-13 4.12868e-13 0
0.746667 1.82243e-13 4.00757e-13 0
0.7475 1.54265e-13 3.88647e-13 0
0.748333 1.30618e-13 3.76536e-13 0
0.749167 1.10578e-13 3.64426e-13 0
0.75 9.35918e-14 3.52315e-13 0
0.750833 7.92144e-14 3.40205e-13 0
0.751667 6.70575e-14 3.28094e-13 0
0.7525 5.67879e-14 3.15984e-13 0
0.753333 4.80727e-14 3.03874e-13 0
0.754167 4.06897e-14 2.91763e-13 0
0.755 3.44169e-14 2.79653e-13 0
0.755833 2.91434e-14 2.67542e-13 0
0.756667 2.4647e-14 2.55432e-13 0
0.7575 2.08722e-14 2.43321e-13 0
0.758333 1.77081e-14 2.31211e-13 0
0.759167 1.4988e-14 2.191e-13 0
0.76 1.26565e-14 2.0699e-13 0
0.760833 1.07137e-14 1.9488e-13 0
0.761667 9.04832e-15 1.82769e-13 0
0.7625 7.66054e-15 1.70659e-13 0
0.763333 6.4948e-15 1.58548e-13 0
0.764167 5.4956e-15 1.46438e-13 0
0.765 4.66294e-15 1.34327e-13 0
0.765833 3.94129e-15 1.22217e-13 0
0.766667 3.33067e-15 1.10106e-13 0
0.7675 2.83107e-15 9.79959e-14 0
0.768333 2.38698e-15 8.58855e-14 0
0.769167 1.9984e-15 7.3775e-14 0
0.77 1.72085e-15 6.16646e-14 0
0.770833 1.44329e-15 4.95541e-14 0
0.771667 1.22125e-15 3.74437e-14 0
0.7725 1.05471e-15 2.53332e-14 0
0.773333 8.88178e-16 1.32228e-14 0
0.774167 7.21645e-16 1.1123e-15 0
0.775 6.10623e-16 7.03604e-16 0
0.775833 5.55112e-16 6.84961e-16 0
0.776667 4.44089e-16 6.66319e-16 0
0.7775 3.88578e-16 6.47676e-16 0
0.778333 3.33067e-16 6.29034e-16 0
0.779167 2.77556e-16 6.10391e-16 0
0.78 2.22045e-16 5.91749e-16 -1.38778e-15
0.780833 1.66533e-16 5.73106e-16 1.38778e-15
0.781667 1.66533e-16 5.54464e-16 -1.38778e-15
0.7825 1.11022e-16 5.35821e-16 1.38778e-15
0.783333 1.11022e-16 5.17179e-16 -1.38778e-15
0.784167 1.11022e-16 4.98536e-16 -1.38778e-15
0.785 5.55112e-17 4.79894e-16 1.38778e-15
0.785833 5.55112e-17 4.61251e-16 -1.38778e-15
0.786667 5.55112e-17 4.42609e-16 1.38778e-15
0.7875 5.55112e-17 4.23966e-16 -1.38778e-15
0.788333 5.55112e-17 4.05324e-16 -1.38778e-15
0.789167 5.55112e-17 3.86681e-16 1.38778e-15
0.79 0 3.68039e-16 -1.38778e-15
0.790833 0 3.49396e-16 1.38778e-15
0.791667 0 3.30754e-16 -1.38778e-15
0.7925 0 3.12111e-16 1.38778e-15
0.793333 0 2.93469e-16 1.38778e-15
0.794167 0 2.74826e-16 -1.38778e-15
0.795 0 2.56184e-16 1.38778e-15
0.795833 0 2.37541e-16 -1.38778e-15
0.796667 0 2.18899e-16 1.38778e-15
0.7975 0 2.00256e-16 -1.38778e-15
0.798333 0 1.81614e-16 -1.38778e-15
0.799167 0 1.62971e-16 1.38778e-15
0.8 0 1.44329e-16 -1.38778e-15
0.800833 0 1.25686e-16 1.38778e-15
0.801667 0 1.07044e-16 -1.38778e-15
0.8025 0 8.84015e-17 1.38778e-15
0.803333 0 6.9759e-17 1.38778e-15
0.804167 0 5.11165e-17 -1.38778e-15
0.805 0 3.2474e-17 1.38778e-15
0.805833 0 1.38315e-17 -1.38778e-15
0.806667 0 0 1.38778e-15
0.8075 0 0 -1.38778e-15
0.808333 0 0 -1.38778e-15
0.809167 0 0 1.38778e-15
0.81 0 0 -1.38778e-15
0.810833 0 0 1.38778e-15
0.811667 0 0 -1.38778e-15
0.8125 0 0 -1.38778e-15
0.813333 0 0 1.38778e-15
0.814167 0 0 -1.38778e-15
0.815 0 0 1.38778e-15
0.815833 0 0 -1.38778e-15
0.816667 0 0 1.38778e-15
0.8175 0 0 1.38778e-15
0.818333 0 0 -1.38778e-15
0.819167 0 0 1.38778e-15
0.82 0 0 0
0.820833 0 0 0
0.821667 0 0 0
0.8225 0 0 0
0.823333 0 0 0
0.824167 0 0 0
0.825 0 0 0
0.825833 0 0 0
0.826667 0 0 0
0.8275 0 0 0
0.828333 0 0 0
0.829167 0 0 0
0.83 0 0 0
0.830833 0 0 0
0.831667 0 0 0
0.8325 0 0 0
0.833333 0 0 0
0.834167 0 0 0
0.835 0 0 0
0.835833 0 0 0
0.836667 0 0 0
0.8375 0 0 0
0.838333 0 0 0
0.839167 0 0 0
0.84 0 0 0
0.840833 0 0 0
0.841667 0 0 0
0.8425 0 0 0
0.843333 0 0 0
0.844167 0 0 0
0.845 0 0 0
0.845833 0 0 0
0.846667 0 0 0
0.8475 0 0 0
0.848333 0 0 0
0.849167 0 0 0
0.85 0 0 0
0.850833 0 0 0
0.851667 0 0 0
0.8525 0 0 0
0.853333 0 0 0
0.854167 0 0 0
0.855 0 0 0
0.855833 0 0 0
0.856667 0 0 0
0.8575 0 0 0
0.858333 0 0 0
0.859167 0 0 0
0.86 0 0 0
0.860833 0 0 0
0.861667 0 0 0
0.8625 0 0 0
0.863333 0 0 0
0.864167 0 0 0
0.865 0 0 0
0.865833 0 0 0
0.866667 0 0 0
0.8675 0 0 0
0.868333 0 0 0
0.869167 0 0 0
0.87 0 0 0
0.870833 0 0 0
0.871667 0 0 0
0.8725 0 0 0
0.873333 0 0 0
0.874167 0 0 0
0.875 0 0 0
0.875833 0 0 0
0.876667 0 0 0
0.8775 0 0 0
0.878333 0 0 0
0.879167 0 0 0
0.88 0 0 0
0.880833 0 0 0
0.881667 0 0 0
0.8825 0 0 0
0.883333 0 0 0
0.884167 0 0 0
0.885 0 0 0
0.885833 0 0 0
0.886667 0 0 0
0.8875 0 0 0
0.888333 0 0 0
0.889167 0 0 0
0.89 0 0 0
0.890833 0 0 0
0.891667 0 0 0
0.8925 0 0 0
0.893333 0 0 0
0.894167 0 0 0
0.895 0 0 0
0.895833 0 0 0
0.896667 0 0 0
0.8975 0 0 0
0.898333 0 0 0
0.899167 0 0 0
0.9 0 0 0
0.900833 0 0 0
0.901667 0 0 0
0.9025 0 0 0
0.903333 0 0 0
0.904167 0 0 0
0.905 0 0 0
0.905833 0 0 0
0.906667 0 0 0
0.9075 0 0 0
0.908333 0 0 0
0.909167 0 0 0
0.91 0 0 0
0.910833 0 0 0
0.911667 0 0 0
0.9125 0 0 0
0.913333 0 0 0
0.914167 0 0 0
0.915 0 0 0
0.915833 0 0 0
0.916667 0 0 0
0.9175 0 0 0
0.918333 0 0 0
0.919167 0 0 0
0.92 0 0 0
0.920833 0 0 0
0.921667 0 0 0
0.9225 0 0 0
0.923333 0 0 0
0.924167 0 0 0
0.925 0 0 0
0.925833 0 0 0
0.926667 0 0 0
0.9275 0 0 0
0.928333 0 0 0
0.929167 0 0 0
0.93 0 0 0
0.930833 0 0 0
0.931667 0 0 0
0.9325 0 0 0
0.933333 0 0 0
0.934167 0 0 0
0.935 0 0 0
0.935833 0 0 0
0.936667 0 0 0
0.9375 0 0 0
0.938333 0 0 0
0.939167 0 0 0
0.94 0 0 0
0.940833 0 0 0
0.941667 0 0 0
0.9425 0 0 0
0.943333 0 0 0
0.944167 0 0 0
0.945 0 0 0
0.945833 0 0 0
0.946667 0 0 0
0.9475 0 0 0
0.948333 0 0 0
0.949167 0 0 0
0.95 0 0 0
0.950833 0 0 0
0.951667 0 0 0
0.9525 0 0 0
0.953333 0 0 0
0.954167 0 0 0
0.955 0 0 0
0.955833 0 0 0
0.956667 0 0 0
0.9575 0 0 0
0.958333 0 0 0
0.959167 0 0 0
0.96 0 0 0
0.960833 0 0 0
0.961667 0 0 0
0.9625 0 0 0
0.963333 0 0 0
0.964167 0 0 0
0.965 0 0 0
0.965833 0 0 0
0.966667 0 0 0
0.9675 0 0 0
0.968333 0 0 0
0.969167 0 0 0
0.97 0 0 0
0.970833 0 0 0
0.971667 0 0 0
0.9725 0 0 0
0.973333 0 0 0
0.974167 0 0 0
0.975 0 0 0
0.975833 0 0 0
0.976667 0 0 0
0.9775 0 0 0
0.978333 0 0 0
0.979167 0 0 0
0.98 0 0 0
0.980833 0 0 0
0.981667 0 0 0
0.9825 0 0 0
0.983333 0 0 0
0.984167 0 0 0
0.985 0 0 0
0.985833 0 0 0
0.986667 0 0 0
0.9875 0 0 0
0.988333 0 0 0
0.989167 0 0 0
0.99 0 0 0
0.990833 0 0 0
0.991667 0 0 0
0.9925 0 0 0
0.993333 0 0 0
0.994167 0 0 0
0.995 0 0 0
0.995833 0 0 0
0.996667 0 0 0
0.9975 0 0 0
0.998333 0 0 0
0.999167 0 0 0
1 0 0 0
