x T seg net
0 0 0 0
0.000833333 0 0 0
0.00166667 0 0 0
0.0025 0 0 0
0.00333333 0 0 0
0.00416667 0 0 0
0.005 0 0 0
0.00583333 0 0 0
0.00666667 0 0 0
0.0075 0 0 0
0.00833333 0 0 0
0.00916667 0 0 0
0.01 0 0 0
0.0108333 0 0 0
0.0116667 0 0 0
0.0125 0 0 0
0.0133333 0 0 0
0.0141667 0 0 0
0.015 0 0 0
0.0158333 0 0 0
0.0166667 0 0 0
0.0175 0 0 0
0.0183333 0 0 0
0.0191667 0 0 0
0.02 0 0 0
0.0208333 0 0 0
0.0216667 0 0 0
0.0225 0 0 0
0.0233333 0 0 0
0.0241667 0 0 0
0.025 0 0 0
0.0258333 0 0 0
0.0266667 0 0 0
0.0275 0 0 0
0.0283333 0 0 0
0.0291667 0 0 0
0.03 0 0 0
0.0308333 0 0 0
0.0316667 0 0 0
0.0325 0 0 0
0.0333333 0 0 0
0.0341667 0 0 0
0.035 0 0 0
0.0358333 0 0 0
0.0366667 0 0 0
0.0375 0 0 0
0.0383333 0 0 0
0.0391667 0 0 0
0.04 0 0 0
0.0408333 0 0 0
0.0416667 0 0 0
0.0425 0 0 0
0.0433333 0 0 0
0.0441667 0 0 0
0.045 0 0 0
0.0458333 0 0 0
0.0466667 0 0 0
0.0475 0 0 0
0.0483333 0 0 0
0.0491667 0 0 0
0.05 0 0 0
0.0508333 0 0 0
0.0516667 0 0 0
0.0525 0 0 0
0.0533333 0 0 0
0.0541667 0 0 0
0.055 0 0 0
0.0558333 0 0 0
0.0566667 0 0 0
0.0575 0 0 0
0.0583333 0 0 0
0.0591667 0 0 0
0.06 0 0 0
0.0608333 0 0 0
0.0616667 0 0 0
0.0625 0 0 0
0.0633333 0 0 0
0.0641667 0 0 0
0.065 0 0 0
0.0658333 0 0 0
0.0666667 0 0 0
0.0675 0 0 0
0.0683333 0 0 0
0.0691667 0 0 0
0.07 0 0 0
0.0708333 0 0 0
0.0716667 0 0 0
0.0725 0 0 0
0.0733333 0 0 0
0.0741667 0 0 0
0.075 0 0 0
0.0758333 0 0 0
0.0766667 0 0 0
0.0775 0 0 0
0.0783333 0 0 0
0.0791667 0 0 0
0.08 0 0 0
0.0808333 0 0 0
0.0816667 0 0 0
0.0825 0 0 0
0.0833333 0 0 0
0.0841667 0 0 0
0.085 0 0 0
0.0858333 0 0 0
0.0866667 0 0 0
0.0875 0 0 0
0.0883333 0 0 0
0.0891667 0 0 0
0.09 0 0 0
0.0908333 0 0 0
0.0916667 0 0 0
0.0925 0 0 0
0.0933333 0 0 0
0.0941667 0 0 0
0.095 0 0 0
0.0958333 0 0 0
0.0966667 0 0 0
0.0975 0 0 0
0.0983333 0 0 0
0.0991667 0 0 0
0.1 0 0 0
0.100833 0 0 0
0.101667 0 0 0
0.1025 0 0 0
0.103333 0 0 0
0.104167 0 0 0
0.105 0 0 0
0.105833 0 0 0
0.106667 0 0 0
0.1075 0 0 0
0.108333 0 0 0
0.109167 0 0 0
0.11 0 0 0
0.110833 0 0 0
0.111667 0 0 0
0.1125 0 0 0
0.113333 0 0 0
0.114167 0 0 0
0.115 0 0 0
0.115833 0 0 0
0.116667 0 0 0
0.1175 0 0 0
0.118333 0 0 0
0.119167 0 0 0
0.12 0 0 0
0.120833 0 0 0
0.121667 0 0 0
0.1225 0 0 0
0.123333 0 0 0
0.124167 0 0 0
0.125 0 0 0
0.125833 0 0 0
0.126667 0 0 0
0.1275 0 0 0
0.128333 0 0 0
0.129167 0 0 0
0.13 0 0 0
0.130833 0 0 0
0.131667 0 0 0
0.1325 0 0 0
0.133333 0 0 0
0.134167 0 0 0
0.135 0 0 0
0.135833 0 0 0
0.136667 0 0 0
0.1375 0 0 0
0.138333 0 0 0
0.139167 0 0 0
0.14 0 0 0
0.140833 0 0 0
0.141667 0 0 0
0.1425 0 0 0
0.143333 0 0 0
0.144167 0 0 0
0.145 0 0 0
0.145833 0 0 0
0.146667 0 0 0
0.1475 0 0 0
0.148333 0 0 0
0.149167 0 0 0
0.15 0 0 0
0.150833 0 0 0
0.151667 0 0 0
0.1525 0 0 0
0.153333 0 0 0
0.154167 0 0 0
0.155 0 0 0
0.155833 0 0 0
0.156667 0 0 0
0.1575 0 0 0
0.158333 0 0 0
0.159167 0 0 0
0.16 0 0 0
0.160833 0 0 0
0.161667 0 0 0
0.1625 0 0 0
0.163333 0 0 0
0.164167 0 0 0
0.165 0 0 0
0.165833 0 0 0
0.166667 0 0 0
0.1675 0 0 0
0.168333 0 0 0
0.169167 0 0 0
0.17 0 0 0
0.170833 0 0 0
0.171667 0 0 0
0.1725 0 0 0
0.173333 0 0 0
0.174167 0 0 0
0.175 0 0 0
0.175833 0 0 0
0.176667 0 0 0
0.1775 0 0 0
0.178333 0 0 0
0.179167 0 0 0
0.18 0 0 0
0.180833 0 0 0
0.181667 0 0 0
0.1825 0 0 0
0.183333 0 0 0
0.184167 0 0 0
0.185 0 0 0
0.185833 0 0 0
0.186667 0 0 0
0.1875 0 0 0
0.188333 0 0 0
0.189167 0 0 0
0.19 0 0 0
0.190833 0 0 0
0.191667 0 0 0
0.1925 0 0 0
0.193333 0 0 0
0.194167 0 0 0
0.195 0 0 0
0.195833 0 0 0
0.196667 0 0 0
0.1975 0 0 0
0.198333 0 0 0
0.199167 0 0 0
0.2 0 0 0
0.200833 0 0 0
0.201667 0 0 0
0.2025 0 0 0
0.203333 0 0 0
0.204167 0 0 0
0.205 0 0 0
0.205833 0 0 0
0.206667 0 0 0
0.2075 0 0 0
0.208333 0 0 0
0.209167 0 0 0
0.21 0 0 0
0.210833 0 0 0
0.211667 0 0 0
0.2125 0 0 0
0.213333 0 0 0
0.214167 0 0 0
0.215 0 0 0
0.215833 0 0 0
0.216667 0 0 0
0.2175 0 0 0
0.218333 0 0 0
0.219167 0 0 0
0.22 0 0 0
0.220833 0 0 0
0.221667 0 0 0
0.2225 0 0 0
0.223333 0 0 0
0.224167 0 0 0
0.225 0 0 0
0.225833 0 0 0
0.226667 0 0 0
0.2275 0 0 0
0.228333 0 0 0
0.229167 0 0 0
0.23 0 0 0
0.230833 0 0 0
0.231667 0 0 0
0.2325 0 0 0
0.233333 0 0 0
0.234167 0 0 0
0.235 0 0 0
0.235833 0 0 0
0.236667 0 0 0
0.2375 0 0 0
0.238333 0 0 0
0.239167 0 0 0
0.24 0 0 0
0.240833 0 0 0
0.241667 0 0 0
0.2425 0 0 0
0.243333 0 0 0
0.244167 0 0 0
0.245 0 0 0
0.245833 0 0 0
0.246667 0 0 0
0.2475 0 0 0
0.248333 0 0 0
0.249167 0 0 0
0.25 0 0 0
0.250833 0 0 0
0.251667 0 0 0
0.2525 0 0 0
0.253333 0 0 0
0.254167 0 0 0
0.255 0 0 0
0.255833 0 0 0
0.256667 0 0 0
0.2575 0 0 0
0.258333 0 1.1241e-16 0
0.259167 0 4.60881e-16 0
0.26 0 8.09353e-16 0
0.260833 5.55112e-17 1.15782e-15 0
0.261667 5.55112e-17 1.5063e-15 0
0.2625 5.55112e-17 1.85477e-15 0
0.263333 5.55112e-17 2.20324e-15 0
0.264167 5.55112e-17 2.55171e-15 0
0.265 5.55112e-17 2.90018e-15 0
0.265833 1.11022e-16 3.24865e-15 0
0.266667 1.11022e-16 3.59712e-15 0
0.2675 1.11022e-16 3.94559e-15 0
0.268333 1.66533e-16 4.29407e-15 0
0.269167 1.66533e-16 4.64254e-15 0
0.27 2.22045e-16 4.99101e-15 0
0.270833 2.77556e-16 5.33948e-15 0
0.271667 3.33067e-16 5.68795e-15 0
0.2725 3.88578e-16 6.03642e-15 0
0.273333 4.44089e-16 6.38489e-15 0
0.274167 5.55112e-16 6.73336e-15 0
0.275 6.10623e-16 7.08184e-15 0
0.275833 7.21645e-16 7.43031e-15 0
0.276667 8.88178e-16 7.77878e-15 0
0.2775 1.05471e-15 8.12725e-15 0
0.278333 1.22125e-15 8.47572e-15 0
0.279167 1.44329e-15 8.82419e-15 0
0.28 1.72085e-15 9.17266e-15 0
0.280833 1.9984e-15 9.52113e-15 0
0.281667 2.38698e-15 9.86961e-15 0
0.2825 2.83107e-15 1.02181e-14 0
0.283333 3.33067e-15 1.05665e-14 0
0.284167 3.94129e-15 1.0915e-14 0
0.285 4.66294e-15 1.12635e-14 0
0.285833 5.4956e-15 1.1612e-14 0
0.286667 6.4948e-15 1.19604e-14 0
0.2875 7.66054e-15 1.23089e-14 0
0.288333 9.04832e-15 1.26574e-14 0
0.289167 1.07137e-14 1.30058e-14 0
0.29 1.26565e-14 1.33543e-14 0
0.290833 1.4988e-14 1.48816e-13 0
0.291667 1.77081e-14 3.69612e-13 0
0.2925 2.08722e-14 5.90408e-13 0
0.293333 2.4647e-14 8.11204e-13 0
0.294167 2.91434e-14 1.032e-12 0
0.295 3.44169e-14 1.2528e-12 0
0.295833 4.06897e-14 1.47359e-12 0
0.296667 4.80727e-14 1.69439e-12 0
0.2975 5.67879e-14 1.91518e-12 0
0.298333 6.70575e-14 2.13598e-12 0
0.299167 7.92144e-14 2.35678e-12 0
0.3 9.35918e-14 2.57757e-12 0
0.300833 1.10578e-13 2.79837e-12 0
0.301667 1.30618e-13 3.01916e-12 0
0.3025 1.54265e-13 3.23996e-12 0
0.303333 1.82243e-13 3.46076e-12 0
0.304167 2.15328e-13 3.68155e-12 0
0.305 2.54352e-13 3.90235e-12 0
0.305833 3.00482e-13 4.12314e-12 0
0.306667 3.54994e-13 4.34394e-12 0
0.3075 4.19387e-13 4.56474e-12 0
0.308333 4.95437e-13 4.78553e-12 0
0.309167 5.8531e-13 5.00633e-12 0
0.31 6.91447e-13 5.22712e-12 0
0.310833 8.16847e-13 5.44792e-12 0
0.311667 9.65006e-13 5.66872e-12 0
0.3125 1.13998e-12 5.88951e-12 0
0.313333 1.34676e-12 6.11031e-12 0
0.314167 1.59101e-12 6.3311e-12 0
0.315 1.87955e-12 6.5519e-12 0
0.315833 2.22039e-12 6.77269e-12 0
0.316667 2.62312e-12 6.99349e-12 0
0.3175 3.0988e-12 7.21429e-12 0
0.318333 3.66085e-12 7.43508e-12 0
0.319167 4.32476e-12 7.65588e-12 0
0.32 5.10908e-12 7.87667e-12 0
0.320833 6.03567e-12 8.09747e-12 0
0.321667 7.1303e-12 8.31827e-12 0
0.3225 8.42348e-12 8.53906e-12 0
0.323333 9.95115e-12 1.34943e-10 0
0.324167 1.17559e-11 2.74866e-10 0
0.325 1.38879e-11 4.14789e-10 0
0.325833 1.64067e-11 5.54713e-10 0
0.326667 1.93822e-11 6.94636e-10 0
0.3275 2.28974e-11 8.34559e-10 0
0.328333 2.705e-11 9.74482e-10 0
0.329167 3.19558e-11 1.11441e-09 0
0.33 3.77514e-11 1.25433e-09 0
0.330833 4.45979e-11 1.39425e-09 0
0.331667 5.26862e-11 1.53418e-09 0
0.3325 6.22415e-11 1.6741e-09 0
0.333333 7.35296e-11 1.81402e-09 0
0.334167 8.6865e-11 1.95395e-09 0
0.335 1.02619e-10 2.09387e-09 0
0.335833 1.2123e-10 2.23379e-09 0
0.336667 1.43216e-10 2.37372e-09 0
0.3375 1.6919e-10 2.51364e-09 0
0.338333 1.99874e-10 2.65356e-09 0
0.339167 2.36123e-10 2.79348e-09 0
0.34 2.78947e-10 2.93341e-09 0
0.340833 3.29537e-10 3.07333e-09 0
0.341667 3.89302e-10 3.21325e-09 0
0.3425 4.59906e-10 3.35318e-09 0
0.343333 5.43314e-10 3.4931e-09 0
0.344167 6.4185e-10 3.63302e-09 0
0.345 7.58256e-10 3.77295e-09 0
0.345833 8.95774e-10 3.91287e-09 0
0.346667 1.05823e-09 4.05279e-09 0
0.3475 1.25015e-09 4.19272e-09 0
0.348333 1.47688e-09 4.33264e-09 0
0.349167 1.74473e-09 4.47256e-09 0
0.35 2.06115e-09 4.61249e-09 0
0.350833 2.43497e-09 4.75241e-09 0
0.351667 2.87657e-09 4.89233e-09 0
0.3525 3.39827e-09 5.03226e-09 0
0.353333 4.01458e-09 5.17218e-09 0
0.354167 4.74266e-09 5.3121e-09 0
0.355 5.6028e-09 2.25873e-08 0
0.355833 6.61892e-09 1.1126e-07 0
0.356667 7.81933e-09 1.99932e-07 0
0.3575 9.23745e-09 2.88604e-07 0
0.358333 1.09128e-08 3.77277e-07 0
0.359167 1.28919e-08 4.65949e-07 0
0.36 1.523e-08 5.54622e-07 0
0.360833 1.79921e-08 6.43294e-07 0
0.361667 2.12551e-08 7.31966e-07 0
0.3625 2.511e-08 8.20639e-07 0
0.363333 2.96639e-08 9.09311e-07 0
0.364167 3.50438e-08 9.97983e-07 0
0.365 4.13994e-08 1.08666e-06 0
0.365833 4.89076e-08 1.17533e-06 0
0.366667 5.77775e-08 1.264e-06 0
0.3675 6.8256e-08 1.35267e-06 0
0.368333 8.0635e-08 1.44135e-06 0
0.369167 9.5259e-08 1.53002e-06 0
0.37 1.12535e-07 1.61869e-06 0
0.370833 1.32945e-07 1.70736e-06 0
0.371667 1.57055e-07 1.79603e-06 0
0.3725 1.85539e-07 1.88471e-06 0
0.373333 2.19189e-07 1.97338e-06 0
0.374167 2.58941e-07 2.06205e-06 0
0.375 3.05902e-07 2.15072e-06 0
0.375833 3.61381e-07 2.2394e-06 0
0.376667 4.26921e-07 2.32807e-06 0
0.3775 5.04347e-07 2.41674e-06 0
0.378333 5.95816e-07 2.50541e-06 0
0.379167 7.03873e-07 2.59409e-06 0
0.38 8.31528e-07 2.68276e-06 0
0.380833 9.82334e-07 2.77143e-06 0
0.381667 1.16049e-06 2.8601e-06 0
0.3825 1.37096e-06 2.94878e-06 0
0.383333 1.61959e-06 3.03745e-06 0
0.384167 1.91332e-06 3.12612e-06 0
0.385 2.26032e-06 3.21479e-06 0
0.385833 2.67026e-06 3.30347e-06 0
0.386667 3.15453e-06 3.39214e-06 0
0.3875 3.72664e-06 3.05693e-05 0
0.388333 4.4025e-06 8.66409e-05 0
0.389167 5.20094e-06 0.000142713 0
0.39 6.14417e-06 0.000198784 0
0.390833 7.25848e-06 0.000254856 0
0.391667 8.57487e-06 0.000310927 0
0.3925 1.013e-05 0.000366999 0
0.393333 1.19671e-05 0.000423071 0
0.394167 1.41375e-05 0.000479142 0
0.395 1.67014e-05 0.000535214 0
0.395833 1.97303e-05 0.000591285 0
0.396667 2.33086e-05 0.000647357 0
0.3975 2.75357e-05 0.000703429 0
0.398333 3.25294e-05 0.0007595 0
0.399167 3.84287e-05 0.000815572 0
0.4 4.53979e-05 0.000871644 0
0.400833 5.36308e-05 0.000927715 0
0.401667 6.33567e-05 0.000983787 0
0.4025 7.48462e-05 0.00103986 0
0.403333 8.84192e-05 0.00109593 0
0.404167 0.000104453 0.001152 0
0.405 0.000123395 0.00120807 0
0.405833 0.00014577 0.00126414 0
0.406667 0.000172203 0.00132022 0
0.4075 0.000203427 0.00137629 0
0.408333 0.000240312 0.00143236 0
0.409167 0.000283882 0.00148843 0
0.41 0.00033535 0.0015445 0
0.410833 0.000396145 0.00160057 0
0.411667 0.000467957 0.00165665 0
0.4125 0.000552779 0.00171272 0
0.413333 0.000652965 0.00176879 0
0.414167 0.000771296 0.00182486 0
0.415 0.000911051 0.00188093 0
0.415833 0.0010761 0.001937 0
0.416667 0.00127102 0.00199308 0
0.4175 0.00150118 0.00204915 0
0.418333 0.00177295 0.00210522 0
0.419167 0.00209383 0.00216129 0
0.42 0.00247262 0.0137295 0
0.420833 0.00291975 0.0286555 0
0.421667 0.00344745 0.0435815 0
0.4225 0.00407014 0.0585074 0
0.423333 0.00480475 0.0734334 0
0.424167 0.0056712 0.0883593 0
0.425 0.00669285 0.103285 0
0.425833 0.00789708 0.118211 0
0.426667 0.00931596 0.133137 0
0.4275 0.0109869 0.148063 0
0.428333 0.0129537 0.162989 0
0.429167 0.0152672 0.177915 0
0.43 0.0179862 0.192841 2.77556e-15
0.430833 0.0211791 0.207767 0.0208333
0.431667 0.0249244 0.222693 0.0416667
0.4325 0.0293122 0.237619 0.0625
0.433333 0.0344452 0.252545 0.0833333
0.434167 0.0404396 0.267471 0.104167
0.435 0.0474259 0.282397 0.125
0.435833 0.0555493 0.297323 0.145833
0.436667 0.0649692 0.312249 0.166667
0.4375 0.0758582 0.327175 0.1875
0.438333 0.0883997 0.342101 0.208333
0.439167 0.102784 0.357027 0.229167
0.44 0.119203 0.371953 0.25
0.440833 0.137842 0.386879 0.270833
0.441667 0.158869 0.401804 0.291667
0.4425 0.182426 0.41673 0.3125
0.443333 0.208609 0.431656 0.333333
0.444167 0.237458 0.446582 0.354167
0.445 0.268941 0.461508 0.375
0.445833 0.302941 0.476434 0.395833
0.446667 0.339244 0.49136 0.416667
0.4475 0.377541 0.506286 0.4375
0.448333 0.41743 0.521212 0.458333
0.449167 0.45843 0.536138 0.479167
0.45 0.5 0.551064 0.5
0.450833 0.54157 0.56599 0.520833
0.451667 0.58257 0.580651 0.541667
0.4525 0.622459 0.591473 0.5625
0.453333 0.660756 0.602295 0.583333
0.454167 0.697059 0.613116 0.604167
0.455 0.731059 0.623938 0.625
0.455833 0.762542 0.63476 0.645833
0.456667 0.791391 0.645582 0.666667
0.4575 0.817574 0.656403 0.6875
0.458333 0.841131 0.667225 0.708333
0.459167 0.862158 0.678047 0.729167
0.46 0.880797 0.688868 0.75
0.460833 0.897216 0.69969 0.770833
0.461667 0.9116 0.710512 0.791667
0.4625 0.924142 0.721334 0.8125
0.463333 0.935031 0.732155 0.833333
0.464167 0.944451 0.742977 0.854167
0.465 0.952574 0.753799 0.875
0.465833 0.95956 0.76462 0.895833
0.466667 0.965555 0.775442 0.916667
0.4675 0.970688 0.786264 0.9375
0.468333 0.975076 0.797086 0.958333
0.469167 0.978821 0.807907 0.979167
0.47 0.982014 0.818729 1
0.470833 0.984733 0.829551 1
0.471667 0.987046 0.840373 1
0.4725 0.989013 0.851194 1
0.473333 0.990684 0.862016 1
0.474167 0.992103 0.872838 1
0.475 0.993307 0.883659 1
0.475833 0.994329 0.894481 1
0.476667 0.995195 0.905303 1
0.4775 0.99593 0.916125 1
0.478333 0.996553 0.926946 1
0.479167 0.99708 0.937768 1
0.48 0.997527 0.94859 1
0.480833 0.997906 0.959411 1
0.481667 0.998227 0.970233 1
0.4825 0.998499 0.981055 1
0.483333 0.998729 0.991877 1
0.484167 0.998924 0.998869 1
0.485 0.999089 0.998898 1
0.485833 0.999229 0.998928 1
0.486667 0.999347 0.998957 1
0.4875 0.999447 0.998987 1
0.488333 0.999532 0.999016 1
0.489167 0.999604 0.999046 1
0.49 0.999665 0.999075 1
0.490833 0.999716 0.999104 1
0.491667 0.99976 0.999134 1
0.4925 0.999797 0.999163 1
0.493333 0.999828 0.999193 1
0.494167 0.999854 0.999222 1
0.495 0.999877 0.999252 1
0.495833 0.999896 0.999281 1
0.496667 0.999912 0.999311 1
0.4975 0.999925 0.99934 1
0.498333 0.999937 0.999369 1
0.499167 0.999946 0.999399 1
0.5 0.999955 0.999428 1
0.500833 0.999962 0.999458 1
0.501667 0.999967 0.999487 1
0.5025 0.999972 0.999517 1
0.503333 0.999977 0.999546 1
0.504167 0.99998 0.999576 1
0.505 0.999983 0.999605 1
0.505833 0.999986 0.999634 1
0.506667 0.999988 0.999664 1
0.5075 0.99999 0.999693 1
0.508333 0.999991 0.999723 1
0.509167 0.999993 0.999752 1
0.51 0.999994 0.999782 1
0.510833 0.999995 0.999811 1
0.511667 0.999996 0.999841 1
0.5125 0.999996 0.99987 1
0.513333 0.999997 0.999899 1
0.514167 0.999997 0.999929 1
0.515 0.999998 0.999958 1
0.515833 0.999998 0.999988 1
0.516667 0.999998 0.999998 1
0.5175 0.999999 0.999998 1
0.518333 0.999999 0.999998 1
0.519167 0.999999 0.999998 1
0.52 0.999999 0.999998 1
0.520833 0.999999 0.999998 1
0.521667 0.999999 0.999999 1
0.5225 0.999999 0.999999 1
0.523333 1 0.999999 1
0.524167 1 0.999999 1
0.525 1 0.999999 1
0.525833 1 0.999999 1
0.526667 1 0.999999 1
0.5275 1 0.999999 1
0.528333 1 0.999999 1
0.529167 1 0.999999 1
0.53 1 0.999999 1
0.530833 1 0.999999 1
0.531667 1 0.999999 1
0.5325 1 0.999999 1
0.533333 1 0.999999 1
0.534167 1 0.999999 1
0.535 1 0.999999 1
0.535833 1 0.999999 1
0.536667 1 0.999999 1
0.5375 1 0.999999 1
0.538333 1 0.999999 1
0.539167 1 0.999999 1
0.54 1 1 1
0.540833 1 1 1
0.541667 1 1 1
0.5425 1 1 1
0.543333 1 1 1
0.544167 1 1 1
0.545 1 1 1
0.545833 1 1 1
0.546667 1 1 1
0.5475 1 1 1
0.548333 1 1 1
0.549167 1 1 1
0.55 1 1 1
0.550833 1 1 1
0.551667 1 1 1
0.5525 1 1 1
0.553333 1 1 1
0.554167 1 1 1
0.555 1 1 1
0.555833 1 1 1
0.556667 1 1 1
0.5575 1 1 1
0.558333 1 1 1
0.559167 1 1 1
0.56 1 1 1
0.560833 1 1 1
0.561667 1 1 1
0.5625 1 1 1
0.563333 1 1 1
0.564167 1 1 1
0.565 1 1 1
0.565833 1 1 1
0.566667 1 1 1
0.5675 1 1 1
0.568333 1 1 1
0.569167 1 1 1
0.57 1 1 1
0.570833 1 1 1
0.571667 1 1 1
0.5725 1 1 1
0.573333 1 1 1
0.574167 1 1 1
0.575 1 1 1
0.575833 1 1 1
0.576667 1 1 1
0.5775 1 1 1
0.578333 1 1 1
0.579167 1 1 1
0.58 1 1 1
0.580833 1 1 1
0.581667 1 1 1
0.5825 1 1 1
0.583333 1 1 1
0.584167 1 1 1
0.585 1 1 1
0.585833 1 1 1
0.586667 1 1 1
0.5875 1 1 1
0.588333 1 1 1
0.589167 1 1 1
0.59 1 1 1
0.590833 1 1 1
0.591667 1 1 1
0.5925 1 1 1
0.593333 1 1 1
0.594167 1 1 1
0.595 1 1 1
0.595833 1 1 1
0.596667 1 1 1
0.5975 1 1 1
0.598333 1 1 1
0.599167 1 1 1
0.6 1 1 1
0.600833 1 1 1
0.601667 1 1 1
0.6025 1 1 1
0.603333 1 1 1
0.604167 1 1 1
0.605 1 1 1
0.605833 1 1 1
0.606667 1 1 1
0.6075 1 1 1
0.608333 1 1 1
0.609167 1 1 1
0.61 1 1 1
0.610833 1 1 1
0.611667 1 1 1
0.6125 1 1 1
0.613333 1 1 1
0.614167 1 1 1
0.615 1 1 1
0.615833 1 1 1
0.616667 1 1 1
0.6175 1 1 1
0.618333 1 1 1
0.619167 1 1 1
0.62 1 1 1
0.620833 1 1 1
0.621667 1 1 1
0.6225 1 1 1
0.623333 1 1 1
0.624167 1 1 1
0.625 1 1 1
0.625833 1 1 1
0.626667 1 1 1
0.6275 1 1 1
0.628333 1 1 1
0.629167 1 1 1
0.63 1 1 1
0.630833 1 1 1
0.631667 1 1 1
0.6325 1 1 1
0.633333 1 1 1
0.634167 1 1 1
0.635 1 1 1
0.635833 1 1 1
0.636667 1 1 1
0.6375 1 1 1
0.638333 1 1 1
0.639167 1 1 1
0.64 1 1 1
0.640833 1 1 1
0.641667 1 1 1
0.6425 1 1 1
0.643333 1 1 1
0.644167 1 1 1
0.645 1 1 1
0.645833 1 1 1
0.646667 1 1 1
0.6475 1 1 1
0.648333 1 1 1
0.649167 1 1 1
0.65 1 1 1
0.650833 1 1 1
0.651667 1 1 1
0.6525 1 1 1
0.653333 1 1 1
0.654167 1 1 1
0.655 1 1 1
0.655833 1 1 1
0.656667 1 1 1
0.6575 1 1 1
0.658333 1 1 1
0.659167 1 1 1
0.66 1 1 1
0.660833 1 1 1
0.661667 1 1 1
0.6625 1 1 1
0.663333 1 1 1
0.664167 1 1 1
0.665 1 1 1
0.665833 1 1 1
0.666667 1 1 1
0.6675 1 1 1
0.668333 1 1 1
0.669167 1 1 1
0.67 1 1 1
0.670833 1 1 1
0.671667 1 1 1
0.6725 1 1 1
0.673333 1 1 1
0.674167 1 1 1
0.675 1 1 1
0.675833 1 1 1
0.676667 1 1 1
0.6775 0.999999 0.999999 1
0.678333 0.999999 0.999991 1
0.679167 0.999999 0.999983 1
0.68 0.999999 0.999974 1
0.680833 0.999999 0.999966 1
0.681667 0.999999 0.999958 1
0.6825 0.999999 0.99995 1
0.683333 0.999998 0.999942 1
0.684167 0.999998 0.999934 1
0.685 0.999998 0.999926 1
0.685833 0.999997 0.999918 1
0.686667 0.999997 0.99991 1
0.6875 0.999996 0.999901 1
0.688333 0.999996 0.999893 1
0.689167 0.999995 0.999885 1
0.69 0.999994 0.999877 1
0.690833 0.999993 0.999869 1
0.691667 0.999991 0.999861 1
0.6925 0.99999 0.999853 1
0.693333 0.999988 0.999845 1
0.694167 0.999986 0.999837 1
0.695 0.999983 0.999828 1
0.695833 0.99998 0.99982 1
0.696667 0.999977 0.999812 1
0.6975 0.999972 0.999804 1
0.698333 0.999967 0.999796 1
0.699167 0.999962 0.999788 1
0.7 0.999955 0.99978 1
0.700833 0.999946 0.999772 1
0.701667 0.999937 0.999764 1
0.7025 0.999925 0.999755 1
0.703333 0.999912 0.999747 1
0.704167 0.999896 0.999739 1
0.705 0.999877 0.999731 1
0.705833 0.999854 0.999723 1
0.706667 0.999828 0.999715 1
0.7075 0.999797 0.999707 1
0.708333 0.99976 0.999699 1
0.709167 0.999716 0.999691 1
0.71 0.999665 0.998027 1
0.710833 0.999604 0.993742 1
0.711667 0.999532 0.989457 1
0.7125 0.999447 0.985172 1
0.713333 0.999347 0.980887 1
0.714167 0.999229 0.976602 1
0.715 0.999089 0.972317 1
0.715833 0.998924 0.968032 1
0.716667 0.998729 0.963747 1
0.7175 0.998499 0.959462 1
0.718333 0.998227 0.955177 1
0.719167 0.997906 0.950892 1
0.72 0.997527 0.946607 1
0.720833 0.99708 0.942322 1
0.721667 0.996553 0.938037 1
0.7225 0.99593 0.933752 1
0.723333 0.995195 0.929467 1
0.724167 0.994329 0.925182 1
0.725 0.993307 0.920897 1
0.725833 0.992103 0.916612 1
0.726667 0.990684 0.912327 1
0.7275 0.989013 0.908042 1
0.728333 0.987046 0.903757 1
0.729167 0.984733 0.899472 1
0.73 0.982014 0.895187 1
0.730833 0.978821 0.890902 0.979167
0.731667 0.975076 0.886617 0.958333
0.7325 0.970688 0.882331 0.9375
0.733333 0.965555 0.878046 0.916667
0.734167 0.95956 0.873761 0.895833
0.735 0.952574 0.869476 0.875
0.735833 0.944451 0.865191 0.854167
0.736667 0.935031 0.860906 0.833333
0.7375 0.924142 0.856621 0.8125
0.738333 0.9116 0.852336 0.791667
0.739167 0.897216 0.848051 0.770833
0.74 0.880797 0.843766 0.75
0.740833 0.862158 0.839481 0.729167
0.741667 0.841131 0.835196 0.708333
0.7425 0.817574 0.81936 0.6875
0.743333 0.791391 0.798023 0.666667
0.744167 0.762542 0.776685 0.645833
0.745 0.731059 0.755348 0.625
0.745833 0.697059 0.734011 0.604167
0.746667 0.660756 0.712673 0.583333
0.7475 0.622459 0.691336 0.5625
0.748333 0.58257 0.669999 0.541667
0.749167 0.54157 0.648662 0.520833
0.75 0.5 0.627324 0.5
0.750833 0.45843 0.605987 0.479167
0.751667 0.41743 0.58465 0.458333
0.7525 0.377541 0.563312 0.4375
0.753333 0.339244 0.541975 0.416667
0.754167 0.302941 0.520638 0.395833
0.755 0.268941 0.499301 0.375
0.755833 0.237458 0.477963 0.354167
0.756667 0.208609 0.456626 0.333333
0.7575 0.182426 0.435289 0.3125
0.758333 0.158869 0.413952 0.291667
0.759167 0.137842 0.392614 0.270833
0.76 0.119203 0.371277 0.25
0.760833 0.102784 0.34994 0.229167
0.761667 0.0883997 0.328602 0.208333
0.7625 0.0758582 0.307265 0.1875
0.763333 0.0649692 0.285928 0.166667
0.764167 0.0555493 0.264591 0.145833
0.765 0.0474259 0.243253 0.125
0.765833 0.0404396 0.221916 0.104167
0.766667 0.0344452 0.200579 0.0833333
0.7675 0.0293122 0.179242 0.0625
0.768333 0.0249244 0.157904 0.0416667
0.769167 0.0211791 0.136567 0.0208333
0.77 0.0179862 0.11523 0
0.770833 0.0152672 0.0938925 0
0.771667 0.0129537 0.0725552 0
0.7725 0.0109869 0.0512179 0
0.773333 0.00931596 0.0298806 0
0.774167 0.00789708 0.00854337 0
0.775 0.00669285 0.00765901 0
0.775833 0.0056712 0.00745641 0
0.776667 0.00480475 0.00725381 0
0.7775 0.00407014 0.00705121 0
0.778333 0.00344745 0.00684861 0
0.779167 0.00291975 0.00664601 0
0.78 0.00247262 0.00644341 0
0.780833 0.00209383 0.00624081 0
0.781667 0.00177295 0.00603821 0
0.7825 0.00150118 0.00583561 0
0.783333 0.00127102 0.00563301 0
0.784167 0.0010761 0.00543041 0
0.785 0.000911051 0.00522781 0
0.785833 0.000771296 0.00502521 0
0.786667 0.000652965 0.00482261 0
0.7875 0.000552779 0.00462001 0
0.788333 0.000467957 0.00441741 0
0.789167 0.000396145 0.00421481 0
0.79 0.00033535 0.00401221 0
0.790833 0.000283882 0.00380961 0
0.791667 0.000240312 0.00360701 0
0.7925 0.000203427 0.00340441 0
0.793333 0.000172203 0.00320181 0
0.794167 0.00014577 0.00299921 0
0.795 0.000123395 0.00279661 0
0.795833 0.000104453 0.00259401 0
0.796667 8.84192e-05 0.00239141 0
0.7975 7.48462e-05 0.00218881 0
0.798333 6.33567e-05 0.00198621 0
0.799167 5.36308e-05 0.00178361 0
0.8 4.53979e-05 0.00158101 0
0.800833 3.84287e-05 0.00137841 0
0.801667 3.25294e-05 0.00117581 0
0.8025 2.75357e-05 0.000973209 0
0.803333 2.33086e-05 0.000770609 0
0.804167 1.97303e-05 0.000568009 0
0.805 1.67014e-05 0.000365409 0
0.805833 1.41375e-05 0.000162809 0
0.806667 1.19671e-05 1.24099e-05 0
0.8075 1.013e-05 1.20877e-05 0
0.808333 8.57487e-06 1.17655e-05 0
0.809167 7.25848e-06 1.14432e-05 0
0.81 6.14417e-06 1.1121e-05 0
0.810833 5.20094e-06 1.07988e-05 0
0.811667 4.4025e-06 1.04766e-05 0
0.8125 3.72664e-06 1.01543e-05 0
0.813333 3.15453e-06 9.8321e-06 0
0.814167 2.67026e-06 9.50987e-06 0
0.815 2.26032e-06 9.18764e-06 0
0.815833 1.91332e-06 8.86541e-06 0
0.816667 1.61959e-06 8.54319e-06 0
0.8175 1.37096e-06 8.22096e-06 0
0.818333 1.16049e-06 7.89873e-06 0
0.819167 9.82334e-07 7.5765e-06 0
0.82 8.31528e-07 7.25427e-06 0
0.820833 7.03873e-07 6.93204e-06 0
0.821667 5.95816e-07 6.60981e-06 0
0.8225 5.04347e-07 6.28758e-06 0
0.823333 4.26921e-07 5.96536e-06 0
0.824167 3.61381e-07 5.64313e-06 0
0.825 3.05902e-07 5.3209e-06 0
0.825833 2.58941e-07 4.99867e-06 0
0.826667 2.19189e-07 4.67644e-06 0
0.8275 1.85539e-07 4.35421e-06 0
0.828333 1.57055e-07 4.03198e-06 0
0.829167 1.32945e-07 3.70975e-06 0
0.83 1.12535e-07 3.38752e-06 0
0.830833 9.5259e-08 3.0653e-06 0
0.831667 8.0635e-08 2.74307e-06 0
0.8325 6.8256e-08 2.42084e-06 0
0.833333 5.77775e-08 2.09861e-06 0
0.834167 4.89076e-08 1.77638e-06 0
0.835 4.13994e-08 1.45415e-06 0
0.835833 3.50438e-08 1.13192e-06 0
0.836667 2.96639e-08 8.09694e-07 0
0.8375 2.511e-08 4.87466e-07 0
0.838333 2.12551e-08 1.65237e-07 0
0.839167 1.79921e-08 1.94352e-08 0
0.84 1.523e-08 1.89267e-08 0
0.840833 1.28919e-08 1.84182e-08 0
0.841667 1.09128e-08 1.79098e-08 0
0.8425 9.23745e-09 1.74013e-08 0
0.843333 7.81933e-09 1.68928e-08 0
0.844167 6.61892e-09 1.63843e-08 0
0.845 5.6028e-09 1.58759e-08 0
0.845833 4.74266e-09 1.53674e-08 0
0.846667 4.01458e-09 1.48589e-08 0
0.8475 3.39827e-09 1.43504e-08 0
0.848333 2.87657e-09 1.3842e-08 0
0.849167 2.43497e-09 1.33335e-08 0
0.85 2.06115e-09 1.2825e-08 0
0.850833 1.74473e-09 1.23165e-08 0
0.851667 1.47688e-09 1.18081e-08 0
0.8525 1.25015e-09 1.12996e-08 0
0.853333 1.05823e-09 1.07911e-08 0
0.854167 8.95774e-10 1.02826e-08 0
0.855 7.58256e-10 9.77415e-09 0
0.855833 6.4185e-10 9.26568e-09 0
0.856667 5.43314e-10 8.7572e-09 0
0.8575 4.59906e-10 8.24873e-09 0
0.858333 3.89302e-10 7.74025e-09 0
0.859167 3.29537e-10 7.23178e-09 0
0.86 2.78947e-10 6.7233e-09 0
0.860833 2.36123e-10 6.21482e-09 0
0.861667 1.99874e-10 5.70635e-09 0
0.8625 1.6919e-10 5.19787e-09 0
0.863333 1.43216e-10 4.6894e-09 0
0.864167 1.2123e-10 4.18092e-09 0
0.865 1.02619e-10 3.67245e-09 0
0.865833 8.6865e-11 3.16397e-09 0
0.866667 7.35296e-11 2.6555e-09 0
0.8675 6.22415e-11 2.14702e-09 0
0.868333 5.26862e-11 1.63855e-09 0
0.869167 4.45979e-11 1.13007e-09 0
0.87 3.77514e-11 6.21596e-10 0
0.870833 3.19558e-11 1.1312e-10 0
0.871667 2.705e-11 3.04353e-11 0
0.8725 2.28974e-11 2.96329e-11 0
0.873333 1.93822e-11 2.88306e-11 0
0.874167 1.64067e-11 2.80282e-11 0
0.875 1.38879e-11 2.72258e-11 0
0.875833 1.17559e-11 2.64235e-11 0
0.876667 9.95115e-12 2.56211e-11 0
0.8775 8.42348e-12 2.48187e-11 0
0.878333 7.1303e-12 2.40164e-11 0
0.879167 6.03567e-12 2.3214e-11 0
0.88 5.10908e-12 2.24117e-11 0
0.880833 4.32476e-12 2.16093e-11 0
0.881667 3.66085e-12 2.08069e-11 0
0.8825 3.0988e-12 2.00046e-11 0
0.883333 2.62312e-12 1.92022e-11 0
0.884167 2.22039e-12 1.83999e-11 0
0.885 1.87955e-12 1.75975e-11 0
0.885833 1.59101e-12 1.67951e-11 0
0.886667 1.34676e-12 1.59928e-11 0
0.8875 1.13998e-12 1.51904e-11 0
0.888333 9.65006e-13 1.4388e-11 0
0.889167 8.16847e-13 1.35857e-11 0
0.89 6.91447e-13 1.27833e-11 0
0.890833 5.8531e-13 1.1981e-11 0
0.891667 4.95437e-13 1.11786e-11 0
0.8925 4.19387e-13 1.03762e-11 0
0.893333 3.54994e-13 9.57388e-12 0
0.894167 3.00482e-13 8.77152e-12 0
0.895 2.54352e-13 7.96916e-12 0
0.895833 2.15328e-13 7.16679e-12 0
0.896667 1.82243e-13 6.36443e-12 0
0.8975 1.54265e-13 5.56207e-12 0
0.898333 1.30618e-13 4.75971e-12 0
0.899167 1.10578e-13 3.95735e-12 0
0.9 9.35918e-14 3.15499e-12 0
0.900833 7.92144e-14 2.35263e-12 0
0.901667 6.70575e-14 1.55026e-12 0
0.9025 5.67879e-14 7.47903e-13 0
0.903333 4.80727e-14 4.89085e-14 0
0.904167 4.06897e-14 4.76422e-14 0
0.905 3.44169e-14 4.6376e-14 0
0.905833 2.91434e-14 4.51097e-14 0
0.906667 2.4647e-14 4.38434e-14 0
0.9075 2.08722e-14 4.25772e-14 0
0.908333 1.77081e-14 4.13109e-14 0
0.909167 1.4988e-14 4.00447e-14 0
0.91 1.26565e-14 3.87784e-14 0
0.910833 1.07137e-14 3.75122e-14 0
0.911667 9.04832e-15 3.62459e-14 0
0.9125 7.66054e-15 3.49797e-14 0
0.913333 6.4948e-15 3.37134e-14 0
0.914167 5.4956e-15 3.24471e-14 0
0.915 4.66294e-15 3.11809e-14 0
0.915833 3.94129e-15 2.99146e-14 0
0.916667 3.33067e-15 2.86484e-14 0
0.9175 2.83107e-15 2.73821e-14 0
0.918333 2.38698e-15 2.61159e-14 0
0.919167 1.9984e-15 2.48496e-14 0
0.92 1.72085e-15 2.35834e-14 0
0.920833 1.44329e-15 2.23171e-14 0
0.921667 1.22125e-15 2.10508e-14 0
0.9225 1.05471e-15 1.97846e-14 0
0.923333 8.88178e-16 1.85183e-14 0
0.924167 7.21645e-16 1.72521e-14 0
0.925 6.10623e-16 1.59858e-14 0
0.925833 5.55112e-16 1.47196e-14 0
0.926667 4.44089e-16 1.34533e-14 0
0.9275 3.88578e-16 1.21871e-14 0
0.928333 3.33067e-16 1.09208e-14 0
0.929167 2.77556e-16 9.65455e-15 0
0.93 2.22045e-16 8.38829e-15 0
0.930833 1.66533e-16 7.12203e-15 0
0.931667 1.66533e-16 5.85578e-15 0
0.9325 1.11022e-16 4.58952e-15 0
0.933333 1.11022e-16 3.32327e-15 0
0.934167 1.11022e-16 2.05701e-15 0
0.935 5.55112e-17 7.90756e-16 0
0.935833 5.55112e-17 5.49098e-17 0
0.936667 5.55112e-17 5.34757e-17 0
0.9375 5.55112e-17 5.20417e-17 0
0.938333 5.55112e-17 5.06077e-17 0
0.939167 5.55112e-17 4.91736e-17 0
0.94 0 4.77396e-17 0
0.940833 0 4.63056e-17 0
0.941667 0 4.48715e-17 0
0.9425 0 4.34375e-17 0
0.943333 0 4.20034e-17 0
0.944167 0 4.05694e-17 0
0.945 0 3.91354e-17 0
0.945833 0 3.77013e-17 0
0.946667 0 3.62673e-17 0
0.9475 0 3.48332e-17 0
0.948333 0 3.33992e-17 0
0.949167 0 3.19652e-17 0
0.95 0 3.05311e-17 0
0.950833 0 2.90971e-17 0
0.951667 0 2.76631e-17 0
0.9525 0 2.6229e-17 0
0.953333 0 2.4795e-17 0
0.954167 0 2.33609e-17 0
0.955 0 2.19269e-17 0
0.955833 0 2.04929e-17 0
0.956667 0 1.90588e-17 0
0.9575 0 1.76248e-17 0
0.958333 0 1.61908e-17 0
0.959167 0 1.47567e-17 0
0.96 0 1.33227e-17 0
0.960833 0 1.18886e-17 0
0.961667 0 1.04546e-17 0
0.9625 0 9.02056e-18 0
0.963333 0 7.58652e-18 0
0.964167 0 6.15249e-18 0
0.965 0 4.71845e-18 0
0.965833 0 3.28441e-18 0
0.966667 0 1.85037e-18 0
0.9675 0 4.16334e-19 0
0.968333 0 0 0
0.969167 0 0 0
0.97 0 0 0
0.970833 0 0 0
0.971667 0 0 0
0.9725 0 0 0
0.973333 0 0 0
0.974167 0 0 0
0.975 0 0 0
0.975833 0 0 0
0.976667 0 0 0
0.9775 0 0 0
0.978333 0 0 0
0.979167 0 0 0
0.98 0 0 0
0.980833 0 0 0
0.981667 0 0 0
0.9825 0 0 0
0.983333 0 0 0
0.984167 0 0 0
0.985 0 0 0
0.985833 0 0 0
0.986667 0 0 0
0.9875 0 0 0
0.988333 0 0 0
0.989167 0 0 0
0.99 0 0 0
0.990833 0 0 0
0.991667 0 0 0
0.9925 0 0 0
0.993333 0 0 0
0.994167 0 0 0
0.995 0 0 0
0.995833 0 0 0
0.996667 0 0 0
0.9975 0 0 0
0.998333 0 0 0
0.999167 0 0 0
1 0 0 0
