x h1 h2 h3 h4
0 0 0 0 0
0.000833333 0.00193798 0 0 0
0.00166667 0.00387597 0 0 0
0.0025 0.00581395 0 0 0
0.00333333 0.00775194 0 0 0
0.00416667 0.00968992 0 0 0
0.005 0.0116279 0 0 0
0.00583333 0.0135659 0 0 0
0.00666667 0.0155039 0 0 0
0.0075 0.0174419 0 0 0
0.00833333 0.0193798 0 0 0
0.00916667 0.0213178 0 0 0
0.01 0.0232558 0 0 0
0.0108333 0.0251938 0 0 0
0.0116667 0.0271318 0 0 0
0.0125 0.0290698 0 0 0
0.0133333 0.0310078 0 0 0
0.0141667 0.0329457 0 0 0
0.015 0.0348837 0 0 0
0.0158333 0.0368217 0 0 0
0.0166667 0.0387597 0 0 0
0.0175 0.0406977 0 0 0
0.0183333 0.0426357 0 0 0
0.0191667 0.0445736 0 0 0
0.02 0.0465116 0 0 0
0.0208333 0.0484496 0 0 0
0.0216667 0.0503876 0 0 0
0.0225 0.0523256 0 0 0
0.0233333 0.0542636 0 0 0
0.0241667 0.0562016 0 0 0
0.025 0.0581395 0 0 0
0.0258333 0.0600775 0 0 0
0.0266667 0.0620155 0 0 0
0.0275 0.0639535 0 0 0
0.0283333 0.0658915 0 0 0
0.0291667 0.0678295 0 0 0
0.03 0.0697674 0 0 0
0.0308333 0.0717054 0 0 0
0.0316667 0.0736434 0 0 0
0.0325 0.0755814 0 0 0
0.0333333 0.0775194 0 0 0
0.0341667 0.0794574 0 0 0
0.035 0.0813953 0 0 0
0.0358333 0.0833333 0 0 0
0.0366667 0.0852713 0 0 0
0.0375 0.0872093 0 0 0
0.0383333 0.0891473 0 0 0
0.0391667 0.0910853 0 0 0
0.04 0.0930233 0 0 0
0.0408333 0.0949612 0 0 0
0.0416667 0.0968992 0 0 0
0.0425 0.0988372 0 0 0
0.0433333 0.100775 0 0 0
0.0441667 0.102713 0 0 0
0.045 0.104651 0 0 0
0.0458333 0.106589 0 0 0
0.0466667 0.108527 0 0 0
0.0475 0.110465 0 0 0
0.0483333 0.112403 0 0 0
0.0491667 0.114341 0 0 0
0.05 0.116279 0 0 0
0.0508333 0.118217 0 0 0
0.0516667 0.120155 0 0 0
0.0525 0.122093 0 0 0
0.0533333 0.124031 0 0 0
0.0541667 0.125969 0 0 0
0.055 0.127907 0 0 0
0.0558333 0.129845 0 0 0
0.0566667 0.131783 0 0 0
0.0575 0.133721 0 0 0
0.0583333 0.135659 0 0 0
0.0591667 0.137597 0 0 0
0.06 0.139535 0 0 0
0.0608333 0.141473 0 0 0
0.0616667 0.143411 0 0 0
0.0625 0.145349 0 0 0
0.0633333 0.147287 0 0 0
0.0641667 0.149225 0 0 0
0.065 0.151163 0 0 0
0.0658333 0.153101 0 0 0
0.0666667 0.155039 0 0 0
0.0675 0.156977 0 0 0
0.0683333 0.158915 0 0 0
0.0691667 0.160853 0 0 0
0.07 0.162791 0 0 0
0.0708333 0.164729 0 0 0
0.0716667 0.166667 0 0 0
0.0725 0.168605 0 0 0
0.0733333 0.170543 0 0 0
0.0741667 0.172481 0 0 0
0.075 0.174419 0 0 0
0.0758333 0.176357 0 0 0
0.0766667 0.178295 0 0 0
0.0775 0.180233 0 0 0
0.0783333 0.182171 0 0 0
0.0791667 0.184109 0 0 0
0.08 0.186047 0 0 0
0.0808333 0.187984 0 0 0
0.0816667 0.189922 0 0 0
0.0825 0.19186 0 0 0
0.0833333 0.193798 0 0 0
0.0841667 0.195736 0 0 0
0.085 0.197674 0 0 0
0.0858333 0.199612 0 0 0
0.0866667 0.20155 0 0 0
0.0875 0.203488 0 0 0
0.0883333 0.205426 0 0 0
0.0891667 0.207364 0 0 0
0.09 0.209302 0 0 0
0.0908333 0.21124 0 0 0
0.0916667 0.213178 0 0 0
0.0925 0.215116 0 0 0
0.0933333 0.217054 0 0 0
0.0941667 0.218992 0 0 0
0.095 0.22093 0 0 0
0.0958333 0.222868 0 0 0
0.0966667 0.224806 0 0 0
0.0975 0.226744 0 0 0
0.0983333 0.228682 0 0 0
0.0991667 0.23062 0 0 0
0.1 0.232558 0 0 0
0.100833 0.234496 0 0 0
0.101667 0.236434 0 0 0
0.1025 0.238372 0 0 0
0.103333 0.24031 0 0 0
0.104167 0.242248 0 0 0
0.105 0.244186 0 0 0
0.105833 0.246124 0 0 0
0.106667 0.248062 0 0 0
0.1075 0.25 0 0 0
0.108333 0.251938 0 0 0
0.109167 0.253876 0 0 0
0.11 0.255814 0 0 0
0.110833 0.257752 0 0 0
0.111667 0.25969 0 0 0
0.1125 0.261628 0 0 0
0.113333 0.263566 0 0 0
0.114167 0.265504 0 0 0
0.115 0.267442 0 0 0
0.115833 0.26938 0 0 0
0.116667 0.271318 0 0 0
0.1175 0.273256 0 0 0
0.118333 0.275194 0 0 0
0.119167 0.277132 0 0 0
0.12 0.27907 0 0 0
0.120833 0.281008 0 0 0
0.121667 0.282946 0 0 0
0.1225 0.284884 0 0 0
0.123333 0.286822 0 0 0
0.124167 0.28876 0 0 0
0.125 0.290698 0 0 0
0.125833 0.292636 0 0 0
0.126667 0.294574 0 0 0
0.1275 0.296512 0 0 0
0.128333 0.29845 0 0 0
0.129167 0.300388 0 0 0
0.13 0.302326 0 0 0
0.130833 0.304264 0 0 0
0.131667 0.306202 0 0 0
0.1325 0.30814 0 0 0
0.133333 0.310078 0 0 0
0.134167 0.312016 0 0 0
0.135 0.313953 0 0 0
0.135833 0.315891 0 0 0
0.136667 0.317829 0 0 0
0.1375 0.319767 0 0 0
0.138333 0.321705 0 0 0
0.139167 0.323643 0 0 0
0.14 0.325581 0 0 0
0.140833 0.327519 0 0 0
0.141667 0.329457 0 0 0
0.1425 0.331395 0 0 0
0.143333 0.333333 0 0 0
0.144167 0.335271 0 0 0
0.145 0.337209 0 0 0
0.145833 0.339147 0 0 0
0.146667 0.341085 0 0 0
0.1475 0.343023 0 0 0
0.148333 0.344961 0 0 0
0.149167 0.346899 0 0 0
0.15 0.348837 0 0 0
0.150833 0.350775 0 0 0
0.151667 0.352713 0 0 0
0.1525 0.354651 0 0 0
0.153333 0.356589 0 0 0
0.154167 0.358527 0 0 0
0.155 0.360465 0 0 0
0.155833 0.362403 0 0 0
0.156667 0.364341 0 0 0
0.1575 0.366279 0 0 0
0.158333 0.368217 0 0 0
0.159167 0.370155 0 0 0
0.16 0.372093 0 0 0
0.160833 0.374031 0 0 0
0.161667 0.375969 0 0 0
0.1625 0.377907 0 0 0
0.163333 0.379845 0 0 0
0.164167 0.381783 0 0 0
0.165 0.383721 0 0 0
0.165833 0.385659 0 0 0
0.166667 0.387597 0 0 0
0.1675 0.389535 0 0 0
0.168333 0.391473 0 0 0
0.169167 0.393411 0 0 0
0.17 0.395349 0 0 0
0.170833 0.397287 0 0 0
0.171667 0.399225 0 0 0
0.1725 0.401163 0 0 0
0.173333 0.403101 0 0 0
0.174167 0.405039 0 0 0
0.175 0.406977 0 0 0
0.175833 0.408915 0 0 0
0.176667 0.410853 0 0 0
0.1775 0.412791 0 0 0
0.178333 0.414729 0 0 0
0.179167 0.416667 0 0 0
0.18 0.418605 0 0 0
0.180833 0.420543 0 0 0
0.181667 0.422481 0 0 0
0.1825 0.424419 0 0 0
0.183333 0.426357 0 0 0
0.184167 0.428295 0 0 0
0.185 0.430233 0 0 0
0.185833 0.432171 0 0 0
0.186667 0.434109 0 0 0
0.1875 0.436047 0 0 0
0.188333 0.437984 0 0 0
0.189167 0.439922 0 0 0
0.19 0.44186 0 0 0
0.190833 0.443798 0 0 0
0.191667 0.445736 0 0 0
0.1925 0.447674 0 0 0
0.193333 0.449612 0 0 0
0.194167 0.45155 0 0 0
0.195 0.453488 0 0 0
0.195833 0.455426 0 0 0
0.196667 0.457364 0 0 0
0.1975 0.459302 0 0 0
0.198333 0.46124 0 0 0
0.199167 0.463178 0 0 0
0.2 0.465116 0 0 0
0.200833 0.467054 0 0 0
0.201667 0.468992 0 0 0
0.2025 0.47093 0 0 0
0.203333 0.472868 0 0 0
0.204167 0.474806 0 0 0
0.205 0.476744 0 0 0
0.205833 0.478682 0 0 0
0.206667 0.48062 0 0 0
0.2075 0.482558 0 0 0
0.208333 0.484496 0 0 0
0.209167 0.486434 0 0 0
0.21 0.488372 0 0 0
0.210833 0.49031 0 0 0
0.211667 0.492248 0 0 0
0.2125 0.494186 0 0 0
0.213333 0.496124 0 0 0
0.214167 0.498062 0 0 0
0.215 0.5 0 0 0
0.215833 0.501938 0 0 0
0.216667 0.503876 0 0 0
0.2175 0.505814 0 0 0
0.218333 0.507752 0 0 0
0.219167 0.50969 0 0 0
0.22 0.511628 0 0 0
0.220833 0.513566 0 0 0
0.221667 0.515504 0 0 0
0.2225 0.517442 0 0 0
0.223333 0.51938 0 0 0
0.224167 0.521318 0 0 0
0.225 0.523256 0 0 0
0.225833 0.525194 0 0 0
0.226667 0.527132 0 0 0
0.2275 0.52907 0 0 0
0.228333 0.531008 0 0 0
0.229167 0.532946 0 0 0
0.23 0.534884 0 0 0
0.230833 0.536822 0 0 0
0.231667 0.53876 0 0 0
0.2325 0.540698 0 0 0
0.233333 0.542636 0 0 0
0.234167 0.544574 0 0 0
0.235 0.546512 0 0 0
0.235833 0.54845 0 0 0
0.236667 0.550388 0 0 0
0.2375 0.552326 0 0 0
0.238333 0.554264 0 0 0
0.239167 0.556202 0 0 0
0.24 0.55814 0 0 0
0.240833 0.560078 0 0 0
0.241667 0.562016 0 0 0
0.2425 0.563953 0 0 0
0.243333 0.565891 0 0 0
0.244167 0.567829 0 0 0
0.245 0.569767 0 0 0
0.245833 0.571705 0 0 0
0.246667 0.573643 0 0 0
0.2475 0.575581 0 0 0
0.248333 0.577519 0 0 0
0.249167 0.579457 0 0 0
0.25 0.581395 0 0 0
0.250833 0.583333 0 0 0
0.251667 0.585271 0 0 0
0.2525 0.587209 0 0 0
0.253333 0.589147 0 0 0
0.254167 0.591085 0 0 0
0.255 0.593023 0 0 0
0.255833 0.594961 0 0 0
0.256667 0.596899 0 0 0
0.2575 0.598837 0 0 0
0.258333 0.600775 0 0 0
0.259167 0.602713 0 0 0
0.26 0.604651 0 0 0
0.260833 0.606589 0 0 0
0.261667 0.608527 0 0 0
0.2625 0.610465 0 0 0
0.263333 0.612403 0 0 0
0.264167 0.614341 0 0 0
0.265 0.616279 0 0 0
0.265833 0.618217 0 0 0
0.266667 0.620155 0 0 0
0.2675 0.622093 0 0 0
0.268333 0.624031 0 0 0
0.269167 0.625969 0 0 0
0.27 0.627907 0 0 0
0.270833 0.629845 0 0 0
0.271667 0.631783 0 0 0
0.2725 0.633721 0 0 0
0.273333 0.635659 0 0 0
0.274167 0.637597 0 0 0
0.275 0.639535 0 0 0
0.275833 0.641473 0 0 0
0.276667 0.643411 0 0 0
0.2775 0.645349 0 0 0
0.278333 0.647287 0 0 0
0.279167 0.649225 0 0 0
0.28 0.651163 0 0 0
0.280833 0.653101 0 0 0
0.281667 0.655039 0 0 0
0.2825 0.656977 0 0 0
0.283333 0.658915 0 0 0
0.284167 0.660853 0 0 0
0.285 0.662791 0 0 0
0.285833 0.664729 0 0 0
0.286667 0.666667 0 0 0
0.2875 0.668605 0 0 0
0.288333 0.670543 0 0 0
0.289167 0.672481 0 0 0
0.29 0.674419 0 0 0
0.290833 0.676357 0 0 0
0.291667 0.678295 0 0 0
0.2925 0.680233 0 0 0
0.293333 0.682171 0 0 0
0.294167 0.684109 0 0 0
0.295 0.686047 0 0 0
0.295833 0.687984 0 0 0
0.296667 0.689922 0 0 0
0.2975 0.69186 0 0 0
0.298333 0.693798 0 0 0
0.299167 0.695736 0 0 0
0.3 0.697674 0 0 0
0.300833 0.699612 0 0 0
0.301667 0.70155 0 0 0
0.3025 0.703488 0 0 0
0.303333 0.705426 0 0 0
0.304167 0.707364 0 0 0
0.305 0.709302 0 0 0
0.305833 0.71124 0 0 0
0.306667 0.713178 0 0 0
0.3075 0.715116 0 0 0
0.308333 0.717054 0 0 0
0.309167 0.718992 0 0 0
0.31 0.72093 0 0 0
0.310833 0.722868 0 0 0
0.311667 0.724806 0 0 0
0.3125 0.726744 0 0 0
0.313333 0.728682 0 0 0
0.314167 0.73062 0 0 0
0.315 0.732558 0 0 0
0.315833 0.734496 0 0 0
0.316667 0.736434 0 0 0
0.3175 0.738372 0 0 0
0.318333 0.74031 0 0 0
0.319167 0.742248 0 0 0
0.32 0.744186 0 0 0
0.320833 0.746124 0 0 0
0.321667 0.748062 0 0 0
0.3225 0.75 0 0 0
0.323333 0.751938 0 0 0
0.324167 0.753876 0 0 0
0.325 0.755814 0 0 0
0.325833 0.757752 0 0 0
0.326667 0.75969 0 0 0
0.3275 0.761628 0 0 0
0.328333 0.763566 0 0 0
0.329167 0.765504 0 0 0
0.33 0.767442 0 0 0
0.330833 0.76938 0 0 0
0.331667 0.771318 0 0 0
0.3325 0.773256 0 0 0
0.333333 0.775194 0 0 0
0.334167 0.777132 0 0 0
0.335 0.77907 0 0 0
0.335833 0.781008 0 0 0
0.336667 0.782946 0 0 0
0.3375 0.784884 0 0 0
0.338333 0.786822 0 0 0
0.339167 0.78876 0 0 0
0.34 0.790698 0 0 0
0.340833 0.792636 0 0 0
0.341667 0.794574 0 0 0
0.3425 0.796512 0 0 0
0.343333 0.79845 0 0 0
0.344167 0.800388 0 0 0
0.345 0.802326 0 0 0
0.345833 0.804264 0 0 0
0.346667 0.806202 0 0 0
0.3475 0.80814 0 0 0
0.348333 0.810078 0 0 0
0.349167 0.812016 0 0 0
0.35 0.813953 0 0 0
0.350833 0.815891 0 0 0
0.351667 0.817829 0 0 0
0.3525 0.819767 0 0 0
0.353333 0.821705 0 0 0
0.354167 0.823643 0 0 0
0.355 0.825581 0 0 0
0.355833 0.827519 0 0 0
0.356667 0.829457 0 0 0
0.3575 0.831395 0 0 0
0.358333 0.833333 0 0 0
0.359167 0.835271 0 0 0
0.36 0.837209 0 0 0
0.360833 0.839147 0 0 0
0.361667 0.841085 0 0 0
0.3625 0.843023 0 0 0
0.363333 0.844961 0 0 0
0.364167 0.846899 0 0 0
0.365 0.848837 0 0 0
0.365833 0.850775 0 0 0
0.366667 0.852713 0 0 0
0.3675 0.854651 0 0 0
0.368333 0.856589 0 0 0
0.369167 0.858527 0 0 0
0.37 0.860465 0 0 0
0.370833 0.862403 0 0 0
0.371667 0.864341 0 0 0
0.3725 0.866279 0 0 0
0.373333 0.868217 0 0 0
0.374167 0.870155 0 0 0
0.375 0.872093 0 0 0
0.375833 0.874031 0 0 0
0.376667 0.875969 0 0 0
0.3775 0.877907 0 0 0
0.378333 0.879845 0 0 0
0.379167 0.881783 0 0 0
0.38 0.883721 0 0 0
0.380833 0.885659 0 0 0
0.381667 0.887597 0 0 0
0.3825 0.889535 0 0 0
0.383333 0.891473 0 0 0
0.384167 0.893411 0 0 0
0.385 0.895349 0 0 0
0.385833 0.897287 0 0 0
0.386667 0.899225 0 0 0
0.3875 0.901163 0 0 0
0.388333 0.903101 0 0 0
0.389167 0.905039 0 0 0
0.39 0.906977 0 0 0
0.390833 0.908915 0 0 0
0.391667 0.910853 0 0 0
0.3925 0.912791 0 0 0
0.393333 0.914729 0 0 0
0.394167 0.916667 0 0 0
0.395 0.918605 0 0 0
0.395833 0.920543 0 0 0
0.396667 0.922481 0 0 0
0.3975 0.924419 0 0 0
0.398333 0.926357 0 0 0
0.399167 0.928295 0 0 0
0.4 0.930233 0 0 0
0.400833 0.932171 0 0 0
0.401667 0.934109 0 0 0
0.4025 0.936047 0 0 0
0.403333 0.937984 0 0 0
0.404167 0.939922 0 0 0
0.405 0.94186 0 0 0
0.405833 0.943798 0 0 0
0.406667 0.945736 0 0 0
0.4075 0.947674 0 0 0
0.408333 0.949612 0 0 0
0.409167 0.95155 0 0 0
0.41 0.953488 0 0 0
0.410833 0.955426 0 0 0
0.411667 0.957364 0 0 0
0.4125 0.959302 0 0 0
0.413333 0.96124 0 0 0
0.414167 0.963178 0 0 0
0.415 0.965116 0 0 0
0.415833 0.967054 0 0 0
0.416667 0.968992 0 0 0
0.4175 0.97093 0 0 0
0.418333 0.972868 0 0 0
0.419167 0.974806 0 0 0
0.42 0.976744 0 0 0
0.420833 0.978682 0 0 0
0.421667 0.98062 0 0 0
0.4225 0.982558 0 0 0
0.423333 0.984496 0 0 0
0.424167 0.986434 0 0 0
0.425 0.988372 0 0 0
0.425833 0.99031 0 0 0
0.426667 0.992248 0 0 0
0.4275 0.994186 0 0 0
0.428333 0.996124 0 0 0
0.429167 0.998062 0 0 0
0.43 1 2.77556e-15 0 0
0.430833 0.979167 0.0208333 0 0
0.431667 0.958333 0.0416667 0 0
0.4325 0.9375 0.0625 0 0
0.433333 0.916667 0.0833333 0 0
0.434167 0.895833 0.104167 0 0
0.435 0.875 0.125 0 0
0.435833 0.854167 0.145833 0 0
0.436667 0.833333 0.166667 0 0
0.4375 0.8125 0.1875 0 0
0.438333 0.791667 0.208333 0 0
0.439167 0.770833 0.229167 0 0
0.44 0.75 0.25 0 0
0.440833 0.729167 0.270833 0 0
0.441667 0.708333 0.291667 0 0
0.4425 0.6875 0.3125 0 0
0.443333 0.666667 0.333333 0 0
0.444167 0.645833 0.354167 0 0
0.445 0.625 0.375 0 0
0.445833 0.604167 0.395833 0 0
0.446667 0.583333 0.416667 0 0
0.4475 0.5625 0.4375 0 0
0.448333 0.541667 0.458333 0 0
0.449167 0.520833 0.479167 0 0
0.45 0.5 0.5 0 0
0.450833 0.479167 0.520833 0 0
0.451667 0.458333 0.541667 0 0
0.4525 0.4375 0.5625 0 0
0.453333 0.416667 0.583333 0 0
0.454167 0.395833 0.604167 0 0
0.455 0.375 0.625 0 0
0.455833 0.354167 0.645833 0 0
0.456667 0.333333 0.666667 0 0
0.4575 0.3125 0.6875 0 0
0.458333 0.291667 0.708333 0 0
0.459167 0.270833 0.729167 0 0
0.46 0.25 0.75 0 0
0.460833 0.229167 0.770833 0 0
0.461667 0.208333 0.791667 0 0
0.4625 0.1875 0.8125 0 0
0.463333 0.166667 0.833333 0 0
0.464167 0.145833 0.854167 0 0
0.465 0.125 0.875 0 0
0.465833 0.104167 0.895833 0 0
0.466667 0.0833333 0.916667 0 0
0.4675 0.0625 0.9375 0 0
0.468333 0.0416667 0.958333 0 0
0.469167 0.0208333 0.979167 0 0
0.47 0 1 2.13504e-16 0
0.470833 0 0.996795 0.00320513 0
0.471667 0 0.99359 0.00641026 0
0.4725 0 0.990385 0.00961538 0
0.473333 0 0.987179 0.0128205 0
0.474167 0 0.983974 0.0160256 0
0.475 0 0.980769 0.0192308 0
0.475833 0 0.977564 0.0224359 0
0.476667 0 0.974359 0.025641 0
0.4775 0 0.971154 0.0288462 0
0.478333 0 0.967949 0.0320513 0
0.479167 0 0.964744 0.0352564 0
0.48 0 0.961538 0.0384615 0
0.480833 0 0.958333 0.0416667 0
0.481667 0 0.955128 0.0448718 0
0.4825 0 0.951923 0.0480769 0
0.483333 0 0.948718 0.0512821 0
0.484167 0 0.945513 0.0544872 0
0.485 0 0.942308 0.0576923 0
0.485833 0 0.939103 0.0608974 0
0.486667 0 0.935897 0.0641026 0
0.4875 0 0.932692 0.0673077 0
0.488333 0 0.929487 0.0705128 0
0.489167 0 0.926282 0.0737179 0
0.49 0 0.923077 0.0769231 0
0.490833 0 0.919872 0.0801282 0
0.491667 0 0.916667 0.0833333 0
0.4925 0 0.913462 0.0865385 0
0.493333 0 0.910256 0.0897436 0
0.494167 0 0.907051 0.0929487 0
0.495 0 0.903846 0.0961538 0
0.495833 0 0.900641 0.099359 0
0.496667 0 0.897436 0.102564 0
0.4975 0 0.894231 0.105769 0
0.498333 0 0.891026 0.108974 0
0.499167 0 0.887821 0.112179 0
0.5 0 0.884615 0.115385 0
0.500833 0 0.88141 0.11859 0
0.501667 0 0.878205 0.121795 0
0.5025 0 0.875 0.125 0
0.503333 0 0.871795 0.128205 0
0.504167 0 0.86859 0.13141 0
0.505 0 0.865385 0.134615 0
0.505833 0 0.862179 0.137821 0
0.506667 0 0.858974 0.141026 0
0.5075 0 0.855769 0.144231 0
0.508333 0 0.852564 0.147436 0
0.509167 0 0.849359 0.150641 0
0.51 0 0.846154 0.153846 0
0.510833 0 0.842949 0.157051 0
0.511667 0 0.839744 0.160256 0
0.5125 0 0.836538 0.163462 0
0.513333 0 0.833333 0.166667 0
0.514167 0 0.830128 0.169872 0
0.515 0 0.826923 0.173077 0
0.515833 0 0.823718 0.176282 0
0.516667 0 0.820513 0.179487 0
0.5175 0 0.817308 0.182692 0
0.518333 0 0.814103 0.185897 0
0.519167 0 0.810897 0.189103 0
0.52 0 0.807692 0.192308 0
0.520833 0 0.804487 0.195513 0
0.521667 0 0.801282 0.198718 0
0.5225 0 0.798077 0.201923 0
0.523333 0 0.794872 0.205128 0
0.524167 0 0.791667 0.208333 0
0.525 0 0.788462 0.211538 0
0.525833 0 0.785256 0.214744 0
0.526667 0 0.782051 0.217949 0
0.5275 0 0.778846 0.221154 0
0.528333 0 0.775641 0.224359 0
0.529167 0 0.772436 0.227564 0
0.53 0 0.769231 0.230769 0
0.530833 0 0.766026 0.233974 0
0.531667 0 0.762821 0.237179 0
0.5325 0 0.759615 0.240385 0
0.533333 0 0.75641 0.24359 0
0.534167 0 0.753205 0.246795 0
0.535 0 0.75 0.25 0
0.535833 0 0.746795 0.253205 0
0.536667 0 0.74359 0.25641 0
0.5375 0 0.740385 0.259615 0
0.538333 0 0.737179 0.262821 0
0.539167 0 0.733974 0.266026 0
0.54 0 0.730769 0.269231 0
0.540833 0 0.727564 0.272436 0
0.541667 0 0.724359 0.275641 0
0.5425 0 0.721154 0.278846 0
0.543333 0 0.717949 0.282051 0
0.544167 0 0.714744 0.285256 0
0.545 0 0.711538 0.288462 0
0.545833 0 0.708333 0.291667 0
0.546667 0 0.705128 0.294872 0
0.5475 0 0.701923 0.298077 0
0.548333 0 0.698718 0.301282 0
0.549167 0 0.695513 0.304487 0
0.55 0 0.692308 0.307692 0
0.550833 0 0.689103 0.310897 0
0.551667 0 0.685897 0.314103 0
0.5525 0 0.682692 0.317308 0
0.553333 0 0.679487 0.320513 0
0.554167 0 0.676282 0.323718 0
0.555 0 0.673077 0.326923 0
0.555833 0 0.669872 0.330128 0
0.556667 0 0.666667 0.333333 0
0.5575 0 0.663462 0.336538 0
0.558333 0 0.660256 0.339744 0
0.559167 0 0.657051 0.342949 0
0.56 0 0.653846 0.346154 0
0.560833 0 0.650641 0.349359 0
0.561667 0 0.647436 0.352564 0
0.5625 0 0.644231 0.355769 0
0.563333 0 0.641026 0.358974 0
0.564167 0 0.637821 0.362179 0
0.565 0 0.634615 0.365385 0
0.565833 0 0.63141 0.36859 0
0.566667 0 0.628205 0.371795 0
0.5675 0 0.625 0.375 0
0.568333 0 0.621795 0.378205 0
0.569167 0 0.61859 0.38141 0
0.57 0 0.615385 0.384615 0
0.570833 0 0.612179 0.387821 0
0.571667 0 0.608974 0.391026 0
0.5725 0 0.605769 0.394231 0
0.573333 0 0.602564 0.397436 0
0.574167 0 0.599359 0.400641 0
0.575 0 0.596154 0.403846 0
0.575833 0 0.592949 0.407051 0
0.576667 0 0.589744 0.410256 0
0.5775 0 0.586538 0.413462 0
0.578333 0 0.583333 0.416667 0
0.579167 0 0.580128 0.419872 0
0.58 0 0.576923 0.423077 0
0.580833 0 0.573718 0.426282 0
0.581667 0 0.570513 0.429487 0
0.5825 0 0.567308 0.432692 0
0.583333 0 0.564103 0.435897 0
0.584167 0 0.560897 0.439103 0
0.585 0 0.557692 0.442308 0
0.585833 0 0.554487 0.445513 0
0.586667 0 0.551282 0.448718 0
0.5875 0 0.548077 0.451923 0
0.588333 0 0.544872 0.455128 0
0.589167 0 0.541667 0.458333 0
0.59 0 0.538462 0.461538 0
0.590833 0 0.535256 0.464744 0
0.591667 0 0.532051 0.467949 0
0.5925 0 0.528846 0.471154 0
0.593333 0 0.525641 0.474359 0
0.594167 0 0.522436 0.477564 0
0.595 0 0.519231 0.480769 0
0.595833 0 0.516026 0.483974 0
0.596667 0 0.512821 0.487179 0
0.5975 0 0.509615 0.490385 0
0.598333 0 0.50641 0.49359 0
0.599167 0 0.503205 0.496795 0
0.6 0 0.5 0.5 0
0.600833 0 0.496795 0.503205 0
0.601667 0 0.49359 0.50641 0
0.6025 0 0.490385 0.509615 0
0.603333 0 0.487179 0.512821 0
0.604167 0 0.483974 0.516026 0
0.605 0 0.480769 0.519231 0
0.605833 0 0.477564 0.522436 0
0.606667 0 0.474359 0.525641 0
0.6075 0 0.471154 0.528846 0
0.608333 0 0.467949 0.532051 0
0.609167 0 0.464744 0.535256 0
0.61 0 0.461538 0.538462 0
0.610833 0 0.458333 0.541667 0
0.611667 0 0.455128 0.544872 0
0.6125 0 0.451923 0.548077 0
0.613333 0 0.448718 0.551282 0
0.614167 0 0.445513 0.554487 0
0.615 0 0.442308 0.557692 0
0.615833 0 0.439103 0.560897 0
0.616667 0 0.435897 0.564103 0
0.6175 0 0.432692 0.567308 0
0.618333 0 0.429487 0.570513 0
0.619167 0 0.426282 0.573718 0
0.62 0 0.423077 0.576923 0
0.620833 0 0.419872 0.580128 0
0.621667 0 0.416667 0.583333 0
0.6225 0 0.413462 0.586538 0
0.623333 0 0.410256 0.589744 0
0.624167 0 0.407051 0.592949 0
0.625 0 0.403846 0.596154 0
0.625833 0 0.400641 0.599359 0
0.626667 0 0.397436 0.602564 0
0.6275 0 0.394231 0.605769 0
0.628333 0 0.391026 0.608974 0
0.629167 0 0.387821 0.612179 0
0.63 0 0.384615 0.615385 0
0.630833 0 0.38141 0.61859 0
0.631667 0 0.378205 0.621795 0
0.6325 0 0.375 0.625 0
0.633333 0 0.371795 0.628205 0
0.634167 0 0.36859 0.63141 0
0.635 0 0.365385 0.634615 0
0.635833 0 0.362179 0.637821 0
0.636667 0 0.358974 0.641026 0
0.6375 0 0.355769 0.644231 0
0.638333 0 0.352564 0.647436 0
0.639167 0 0.349359 0.650641 0
0.64 0 0.346154 0.653846 0
0.640833 0 0.342949 0.657051 0
0.641667 0 0.339744 0.660256 0
0.6425 0 0.336538 0.663462 0
0.643333 0 0.333333 0.666667 0
0.644167 0 0.330128 0.669872 0
0.645 0 0.326923 0.673077 0
0.645833 0 0.323718 0.676282 0
0.646667 0 0.320513 0.679487 0
0.6475 0 0.317308 0.682692 0
0.648333 0 0.314103 0.685897 0
0.649167 0 0.310897 0.689103 0
0.65 0 0.307692 0.692308 0
0.650833 0 0.304487 0.695513 0
0.651667 0 0.301282 0.698718 0
0.6525 0 0.298077 0.701923 0
0.653333 0 0.294872 0.705128 0
0.654167 0 0.291667 0.708333 0
0.655 0 0.288462 0.711538 0
0.655833 0 0.285256 0.714744 0
0.656667 0 0.282051 0.717949 0
0.6575 0 0.278846 0.721154 0
0.658333 0 0.275641 0.724359 0
0.659167 0 0.272436 0.727564 0
0.66 0 0.269231 0.730769 0
0.660833 0 0.266026 0.733974 0
0.661667 0 0.262821 0.737179 0
0.6625 0 0.259615 0.740385 0
0.663333 0 0.25641 0.74359 0
0.664167 0 0.253205 0.746795 0
0.665 0 0.25 0.75 0
0.665833 0 0.246795 0.753205 0
0.666667 0 0.24359 0.75641 0
0.6675 0 0.240385 0.759615 0
0.668333 0 0.237179 0.762821 0
0.669167 0 0.233974 0.766026 0
0.67 0 0.230769 0.769231 0
0.670833 0 0.227564 0.772436 0
0.671667 0 0.224359 0.775641 0
0.6725 0 0.221154 0.778846 0
0.673333 0 0.217949 0.782051 0
0.674167 0 0.214744 0.785256 0
0.675 0 0.211538 0.788462 0
0.675833 0 0.208333 0.791667 0
0.676667 0 0.205128 0.794872 0
0.6775 0 0.201923 0.798077 0
0.678333 0 0.198718 0.801282 0
0.679167 0 0.195513 0.804487 0
0.68 0 0.192308 0.807692 0
0.680833 0 0.189103 0.810897 0
0.681667 0 0.185897 0.814103 0
0.6825 0 0.182692 0.817308 0
0.683333 0 0.179487 0.820513 0
0.684167 0 0.176282 0.823718 0
0.685 0 0.173077 0.826923 0
0.685833 0 0.169872 0.830128 0
0.686667 0 0.166667 0.833333 0
0.6875 0 0.163462 0.836538 0
0.688333 0 0.160256 0.839744 0
0.689167 0 0.157051 0.842949 0
0.69 0 0.153846 0.846154 0
0.690833 0 0.150641 0.849359 0
0.691667 0 0.147436 0.852564 0
0.6925 0 0.144231 0.855769 0
0.693333 0 0.141026 0.858974 0
0.694167 0 0.137821 0.862179 0
0.695 0 0.134615 0.865385 0
0.695833 0 0.13141 0.86859 0
0.696667 0 0.128205 0.871795 0
0.6975 0 0.125 0.875 0
0.698333 0 0.121795 0.878205 0
0.699167 0 0.11859 0.88141 0
0.7 0 0.115385 0.884615 0
0.700833 0 0.112179 0.887821 0
0.701667 0 0.108974 0.891026 0
0.7025 0 0.105769 0.894231 0
0.703333 0 0.102564 0.897436 0
0.704167 0 0.099359 0.900641 0
0.705 0 0.0961538 0.903846 0
0.705833 0 0.0929487 0.907051 0
0.706667 0 0.0897436 0.910256 0
0.7075 0 0.0865385 0.913462 0
0.708333 0 0.0833333 0.916667 0
0.709167 0 0.0801282 0.919872 0
0.71 0 0.0769231 0.923077 0
0.710833 0 0.0737179 0.926282 0
0.711667 0 0.0705128 0.929487 0
0.7125 0 0.0673077 0.932692 0
0.713333 0 0.0641026 0.935897 0
0.714167 0 0.0608974 0.939103 0
0.715 0 0.0576923 0.942308 0
0.715833 0 0.0544872 0.945513 0
0.716667 0 0.0512821 0.948718 0
0.7175 0 0.0480769 0.951923 0
0.718333 0 0.0448718 0.955128 0
0.719167 0 0.0416667 0.958333 0
0.72 0 0.0384615 0.961538 0
0.720833 0 0.0352564 0.964744 0
0.721667 0 0.0320513 0.967949 0
0.7225 0 0.0288462 0.971154 0
0.723333 0 0.025641 0.974359 0
0.724167 0 0.0224359 0.977564 0
0.725 0 0.0192308 0.980769 0
0.725833 0 0.0160256 0.983974 0
0.726667 0 0.0128205 0.987179 0
0.7275 0 0.00961538 0.990385 0
0.728333 0 0.00641026 0.99359 0
0.729167 0 0.00320513 0.996795 0
0.73 0 0 1 2.77556e-15
0.730833 0 0 0.979167 0.0208333
0.731667 0 0 0.958333 0.0416667
0.7325 0 0 0.9375 0.0625
0.733333 0 0 0.916667 0.0833333
0.734167 0 0 0.895833 0.104167
0.735 0 0 0.875 0.125
0.735833 0 0 0.854167 0.145833
0.736667 0 0 0.833333 0.166667
0.7375 0 0 0.8125 0.1875
0.738333 0 0 0.791667 0.208333
0.739167 0 0 0.770833 0.229167
0.74 0 0 0.75 0.25
0.740833 0 0 0.729167 0.270833
0.741667 0 0 0.708333 0.291667
0.7425 0 0 0.6875 0.3125
0.743333 0 0 0.666667 0.333333
0.744167 0 0 0.645833 0.354167
0.745 0 0 0.625 0.375
0.745833 0 0 0.604167 0.395833
0.746667 0 0 0.583333 0.416667
0.7475 0 0 0.5625 0.4375
0.748333 0 0 0.541667 0.458333
0.749167 0 0 0.520833 0.479167
0.75 0 0 0.5 0.5
0.750833 0 0 0.479167 0.520833
0.751667 0 0 0.458333 0.541667
0.7525 0 0 0.4375 0.5625
0.753333 0 0 0.416667 0.583333
0.754167 0 0 0.395833 0.604167
0.755 0 0 0.375 0.625
0.755833 0 0 0.354167 0.645833
0.756667 0 0 0.333333 0.666667
0.7575 0 0 0.3125 0.6875
0.758333 0 0 0.291667 0.708333
0.759167 0 0 0.270833 0.729167
0.76 0 0 0.25 0.75
0.760833 0 0 0.229167 0.770833
0.761667 0 0 0.208333 0.791667
0.7625 0 0 0.1875 0.8125
0.763333 0 0 0.166667 0.833333
0.764167 0 0 0.145833 0.854167
0.765 0 0 0.125 0.875
0.765833 0 0 0.104167 0.895833
0.766667 0 0 0.0833333 0.916667
0.7675 0 0 0.0625 0.9375
0.768333 0 0 0.0416667 0.958333
0.769167 0 0 0.0208333 0.979167
0.77 0 0 0 1
0.770833 0 0 0 0.996377
0.771667 0 0 0 0.992754
0.7725 0 0 0 0.98913
0.773333 0 0 0 0.985507
0.774167 0 0 0 0.981884
0.775 0 0 0 0.978261
0.775833 0 0 0 0.974638
0.776667 0 0 0 0.971014
0.7775 0 0 0 0.967391
0.778333 0 0 0 0.963768
0.779167 0 0 0 0.960145
0.78 0 0 0 0.956522
0.780833 0 0 0 0.952899
0.781667 0 0 0 0.949275
0.7825 0 0 0 0.945652
0.783333 0 0 0 0.942029
0.784167 0 0 0 0.938406
0.785 0 0 0 0.934783
0.785833 0 0 0 0.931159
0.786667 0 0 0 0.927536
0.7875 0 0 0 0.923913
0.788333 0 0 0 0.92029
0.789167 0 0 0 0.916667
0.79 0 0 0 0.913043
0.790833 0 0 0 0.90942
0.791667 0 0 0 0.905797
0.7925 0 0 0 0.902174
0.793333 0 0 0 0.898551
0.794167 0 0 0 0.894928
0.795 0 0 0 0.891304
0.795833 0 0 0 0.887681
0.796667 0 0 0 0.884058
0.7975 0 0 0 0.880435
0.798333 0 0 0 0.876812
0.799167 0 0 0 0.873188
0.8 0 0 0 0.869565
0.800833 0 0 0 0.865942
0.801667 0 0 0 0.862319
0.8025 0 0 0 0.858696
0.803333 0 0 0 0.855072
0.804167 0 0 0 0.851449
0.805 0 0 0 0.847826
0.805833 0 0 0 0.844203
0.806667 0 0 0 0.84058
0.8075 0 0 0 0.836957
0.808333 0 0 0 0.833333
0.809167 0 0 0 0.82971
0.81 0 0 0 0.826087
0.810833 0 0 0 0.822464
0.811667 0 0 0 0.818841
0.8125 0 0 0 0.815217
0.813333 0 0 0 0.811594
0.814167 0 0 0 0.807971
0.815 0 0 0 0.804348
0.815833 0 0 0 0.800725
0.816667 0 0 0 0.797101
0.8175 0 0 0 0.793478
0.818333 0 0 0 0.789855
0.819167 0 0 0 0.786232
0.82 0 0 0 0.782609
0.820833 0 0 0 0.778986
0.821667 0 0 0 0.775362
0.8225 0 0 0 0.771739
0.823333 0 0 0 0.768116
0.824167 0 0 0 0.764493
0.825 0 0 0 0.76087
0.825833 0 0 0 0.757246
0.826667 0 0 0 0.753623
0.8275 0 0 0 0.75
0.828333 0 0 0 0.746377
0.829167 0 0 0 0.742754
0.83 0 0 0 0.73913
0.830833 0 0 0 0.735507
0.831667 0 0 0 0.731884
0.8325 0 0 0 0.728261
0.833333 0 0 0 0.724638
0.834167 0 0 0 0.721014
0.835 0 0 0 0.717391
0.835833 0 0 0 0.713768
0.836667 0 0 0 0.710145
0.8375 0 0 0 0.706522
0.838333 0 0 0 0.702899
0.839167 0 0 0 0.699275
0.84 0 0 0 0.695652
0.840833 0 0 0 0.692029
0.841667 0 0 0 0.688406
0.8425 0 0 0 0.684783
0.843333 0 0 0 0.681159
0.844167 0 0 0 0.677536
0.845 0 0 0 0.673913
0.845833 0 0 0 0.67029
0.846667 0 0 0 0.666667
0.8475 0 0 0 0.663043
0.848333 0 0 0 0.65942
0.849167 0 0 0 0.655797
0.85 0 0 0 0.652174
0.850833 0 0 0 0.648551
0.851667 0 0 0 0.644928
0.8525 0 0 0 0.641304
0.853333 0 0 0 0.637681
0.854167 0 0 0 0.634058
0.855 0 0 0 0.630435
0.855833 0 0 0 0.626812
0.856667 0 0 0 0.623188
0.8575 0 0 0 0.619565
0.858333 0 0 0 0.615942
0.859167 0 0 0 0.612319
0.86 0 0 0 0.608696
0.860833 0 0 0 0.605072
0.861667 0 0 0 0.601449
0.8625 0 0 0 0.597826
0.863333 0 0 0 0.594203
0.864167 0 0 0 0.59058
0.865 0 0 0 0.586957
0.865833 0 0 0 0.583333
0.866667 0 0 0 0.57971
0.8675 0 0 0 0.576087
0.868333 0 0 0 0.572464
0.869167 0 0 0 0.568841
0.87 0 0 0 0.565217
0.870833 0 0 0 0.561594
0.871667 0 0 0 0.557971
0.8725 0 0 0 0.554348
0.873333 0 0 0 0.550725
0.874167 0 0 0 0.547101
0.875 0 0 0 0.543478
0.875833 0 0 0 0.539855
0.876667 0 0 0 0.536232
0.8775 0 0 0 0.532609
0.878333 0 0 0 0.528986
0.879167 0 0 0 0.525362
0.88 0 0 0 0.521739
0.880833 0 0 0 0.518116
0.881667 0 0 0 0.514493
0.8825 0 0 0 0.51087
0.883333 0 0 0 0.507246
0.884167 0 0 0 0.503623
0.885 0 0 0 0.5
0.885833 0 0 0 0.496377
0.886667 0 0 0 0.492754
0.8875 0 0 0 0.48913
0.888333 0 0 0 0.485507
0.889167 0 0 0 0.481884
0.89 0 0 0 0.478261
0.890833 0 0 0 0.474638
0.891667 0 0 0 0.471014
0.8925 0 0 0 0.467391
0.893333 0 0 0 0.463768
0.894167 0 0 0 0.460145
0.895 0 0 0 0.456522
0.895833 0 0 0 0.452899
0.896667 0 0 0 0.449275
0.8975 0 0 0 0.445652
0.898333 0 0 0 0.442029
0.899167 0 0 0 0.438406
0.9 0 0 0 0.434783
0.900833 0 0 0 0.431159
0.901667 0 0 0 0.427536
0.9025 0 0 0 0.423913
0.903333 0 0 0 0.42029
0.904167 0 0 0 0.416667
0.905 0 0 0 0.413043
0.905833 0 0 0 0.40942
0.906667 0 0 0 0.405797
0.9075 0 0 0 0.402174
0.908333 0 0 0 0.398551
0.909167 0 0 0 0.394928
0.91 0 0 0 0.391304
0.910833 0 0 0 0.387681
0.911667 0 0 0 0.384058
0.9125 0 0 0 0.380435
0.913333 0 0 0 0.376812
0.914167 0 0 0 0.373188
0.915 0 0 0 0.369565
0.915833 0 0 0 0.365942
0.916667 0 0 0 0.362319
0.9175 0 0 0 0.358696
0.918333 0 0 0 0.355072
0.919167 0 0 0 0.351449
0.92 0 0 0 0.347826
0.920833 0 0 0 0.344203
0.921667 0 0 0 0.34058
0.9225 0 0 0 0.336957
0.923333 0 0 0 0.333333
0.924167 0 0 0 0.32971
0.925 0 0 0 0.326087
0.925833 0 0 0 0.322464
0.926667 0 0 0 0.318841
0.9275 0 0 0 0.315217
0.928333 0 0 0 0.311594
0.929167 0 0 0 0.307971
0.93 0 0 0 0.304348
0.930833 0 0 0 0.300725
0.931667 0 0 0 0.297101
0.9325 0 0 0 0.293478
0.933333 0 0 0 0.289855
0.934167 0 0 0 0.286232
0.935 0 0 0 0.282609
0.935833 0 0 0 0.278986
0.936667 0 0 0 0.275362
0.9375 0 0 0 0.271739
0.938333 0 0 0 0.268116
0.939167 0 0 0 0.264493
0.94 0 0 0 0.26087
0.940833 0 0 0 0.257246
0.941667 0 0 0 0.253623
0.9425 0 0 0 0.25
0.943333 0 0 0 0.246377
0.944167 0 0 0 0.242754
0.945 0 0 0 0.23913
0.945833 0 0 0 0.235507
0.946667 0 0 0 0.231884
0.9475 0 0 0 0.228261
0.948333 0 0 0 0.224638
0.949167 0 0 0 0.221014
0.95 0 0 0 0.217391
0.950833 0 0 0 0.213768
0.951667 0 0 0 0.210145
0.9525 0 0 0 0.206522
0.953333 0 0 0 0.202899
0.954167 0 0 0 0.199275
0.955 0 0 0 0.195652
0.955833 0 0 0 0.192029
0.956667 0 0 0 0.188406
0.9575 0 0 0 0.184783
0.958333 0 0 0 0.181159
0.959167 0 0 0 0.177536
0.96 0 0 0 0.173913
0.960833 0 0 0 0.17029
0.961667 0 0 0 0.166667
0.9625 0 0 0 0.163043
0.963333 0 0 0 0.15942
0.964167 0 0 0 0.155797
0.965 0 0 0 0.152174
0.965833 0 0 0 0.148551
0.966667 0 0 0 0.144928
0.9675 0 0 0 0.141304
0.968333 0 0 0 0.137681
0.969167 0 0 0 0.134058
0.97 0 0 0 0.130435
0.970833 0 0 0 0.126812
0.971667 0 0 0 0.123188
0.9725 0 0 0 0.119565
0.973333 0 0 0 0.115942
0.974167 0 0 0 0.112319
0.975 0 0 0 0.108696
0.975833 0 0 0 0.105072
0.976667 0 0 0 0.101449
0.9775 0 0 0 0.0978261
0.978333 0 0 0 0.0942029
0.979167 0 0 0 0.0905797
0.98 0 0 0 0.0869565
0.980833 0 0 0 0.0833333
0.981667 0 0 0 0.0797101
0.9825 0 0 0 0.076087
0.983333 0 0 0 0.0724638
0.984167 0 0 0 0.0688406
0.985 0 0 0 0.0652174
0.985833 0 0 0 0.0615942
0.986667 0 0 0 0.057971
0.9875 0 0 0 0.0543478
0.988333 0 0 0 0.0507246
0.989167 0 0 0 0.0471014
0.99 0 0 0 0.0434783
0.990833 0 0 0 0.0398551
0.991667 0 0 0 0.0362319
0.9925 0 0 0 0.0326087
0.993333 0 0 0 0.0289855
0.994167 0 0 0 0.0253623
0.995 0 0 0 0.0217391
0.995833 0 0 0 0.0181159
0.996667 0 0 0 0.0144928
0.9975 0 0 0 0.0108696
0.998333 0 0 0 0.00724638
0.999167 0 0 0 0.00362319
1 0 0 0 0
