x T seg net
0 9.35918e-14 9.35918e-14 0
0.000833333 1.10578e-13 1.62313e-12 0
0.00166667 1.30618e-13 3.15267e-12 0
0.0025 1.54265e-13 4.68221e-12 0
0.00333333 1.82243e-13 6.21174e-12 0
0.00416667 2.15328e-13 7.74128e-12 0
0.005 2.54352e-13 9.27082e-12 0
0.00583333 3.00482e-13 1.08004e-11 0
0.00666667 3.54994e-13 1.23299e-11 0
0.0075 4.19387e-13 1.38594e-11 0
0.00833333 4.95437e-13 1.5389e-11 0
0.00916667 5.8531e-13 1.69185e-11 0
0.01 6.91447e-13 1.8448e-11 0
0.0108333 8.16847e-13 1.99776e-11 0
0.0116667 9.65006e-13 2.15071e-11 0
0.0125 1.13998e-12 2.30367e-11 0
0.0133333 1.34676e-12 2.45662e-11 0
0.0141667 1.59101e-12 2.60957e-11 0
0.015 1.87955e-12 2.76253e-11 0
0.0158333 2.22039e-12 2.91548e-11 0
0.0166667 2.62312e-12 3.06843e-11 0
0.0175 3.0988e-12 3.22139e-11 0
0.0183333 3.66085e-12 3.37434e-11 0
0.0191667 4.32476e-12 3.5273e-11 0
0.02 5.10908e-12 3.68025e-11 0
0.0208333 6.03567e-12 3.8332e-11 0
0.0216667 7.1303e-12 3.98616e-11 0
0.0225 8.42348e-12 4.13911e-11 0
0.0233333 9.95115e-12 4.29207e-11 0
0.0241667 1.17559e-11 4.44502e-11 0
0.025 1.38879e-11 4.59797e-11 0
0.0258333 1.64067e-11 4.75093e-11 0
0.0266667 1.93822e-11 4.90388e-11 0
0.0275 2.28974e-11 5.05683e-11 0
0.0283333 2.705e-11 5.20979e-11 0
0.0291667 3.19558e-11 5.36274e-11 0
0.03 3.77514e-11 5.5157e-11 0
0.0308333 4.45979e-11 5.66865e-11 0
0.0316667 5.26862e-11 5.8216e-11 0
0.0325 6.22415e-11 3.40712e-10 0
0.0333333 7.35296e-11 1.31002e-09 0
0.0341667 8.6865e-11 2.27932e-09 0
0.035 1.02619e-10 3.24862e-09 0
0.0358333 1.2123e-10 4.21793e-09 0
0.0366667 1.43216e-10 5.18723e-09 0
0.0375 1.6919e-10 6.15653e-09 0
0.0383333 1.99874e-10 7.12584e-09 0
0.0391667 2.36123e-10 8.09514e-09 0
0.04 2.78947e-10 9.06445e-09 0
0.0408333 3.29537e-10 1.00337e-08 0
0.0416667 3.89302e-10 1.10031e-08 0
0.0425 4.59906e-10 1.19724e-08 0
0.0433333 5.43314e-10 1.29417e-08 0
0.0441667 6.4185e-10 1.3911e-08 0
0.045 7.58256e-10 1.48803e-08 0
0.0458333 8.95774e-10 1.58496e-08 0
0.0466667 1.05823e-09 1.68189e-08 0
0.0475 1.25015e-09 1.77882e-08 0
0.0483333 1.47688e-09 1.87575e-08 0
0.0491667 1.74473e-09 1.97268e-08 0
0.05 2.06115e-09 2.06961e-08 0
0.0508333 2.43497e-09 2.16654e-08 0
0.0516667 2.87657e-09 2.26347e-08 0
0.0525 3.39827e-09 2.3604e-08 0
0.0533333 4.01458e-09 2.45733e-08 0
0.0541667 4.74266e-09 2.55426e-08 0
0.055 5.6028e-09 2.65119e-08 0
0.0558333 6.61892e-09 2.74812e-08 0
0.0566667 7.81933e-09 2.84505e-08 0
0.0575 9.23745e-09 2.94198e-08 0
0.0583333 1.09128e-08 3.03891e-08 0
0.0591667 1.28919e-08 3.13584e-08 0
0.06 1.523e-08 3.23277e-08 0
0.0608333 1.79921e-08 3.3297e-08 0
0.0616667 2.12551e-08 3.42663e-08 0
0.0625 2.511e-08 3.52356e-08 0
0.0633333 2.96639e-08 3.6205e-08 0
0.0641667 3.50438e-08 3.71743e-08 0
0.065 4.13994e-08 3.94246e-07 0
0.0658333 4.89076e-08 1.0085e-06 0
0.0666667 5.77775e-08 1.62276e-06 0
0.0675 6.8256e-08 2.23701e-06 0
0.0683333 8.0635e-08 2.85127e-06 0
0.0691667 9.5259e-08 3.46553e-06 0
0.07 1.12535e-07 4.07978e-06 0
0.0708333 1.32945e-07 4.69404e-06 0
0.0716667 1.57055e-07 5.30829e-06 0
0.0725 1.85539e-07 5.92255e-06 0
0.0733333 2.19189e-07 6.53681e-06 0
0.0741667 2.58941e-07 7.15106e-06 0
0.075 3.05902e-07 7.76532e-06 0
0.0758333 3.61381e-07 8.37957e-06 0
0.0766667 4.26921e-07 8.99383e-06 0
0.0775 5.04347e-07 9.60809e-06 0
0.0783333 5.95816e-07 1.02223e-05 0
0.0791667 7.03873e-07 1.08366e-05 0
0.08 8.31528e-07 1.14509e-05 0
0.0808333 9.82334e-07 1.20651e-05 0
0.0816667 1.16049e-06 1.26794e-05 0
0.0825 1.37096e-06 1.32936e-05 0
0.0833333 1.61959e-06 1.39079e-05 0
0.0841667 1.91332e-06 1.45221e-05 0
0.085 2.26032e-06 1.51364e-05 0
0.0858333 2.67026e-06 1.57506e-05 0
0.0866667 3.15453e-06 1.63649e-05 0
0.0875 3.72664e-06 1.69792e-05 0
0.0883333 4.4025e-06 1.75934e-05 0
0.0891667 5.20094e-06 1.82077e-05 0
0.09 6.14417e-06 1.88219e-05 0
0.0908333 7.25848e-06 1.94362e-05 0
0.0916667 8.57487e-06 2.00504e-05 0
0.0925 1.013e-05 2.06647e-05 0
0.0933333 1.19671e-05 2.1279e-05 0
0.0941667 1.41375e-05 2.18932e-05 0
0.095 1.67014e-05 2.25075e-05 0
0.0958333 1.97303e-05 2.31217e-05 0
0.0966667 2.33086e-05 2.3736e-05 0
0.0975 2.75357e-05 0.000357815 0
0.0983333 3.25294e-05 0.000741295 0
0.0991667 3.84287e-05 0.00112478 0
0.1 4.53979e-05 0.00150826 0
0.100833 5.36308e-05 0.00189174 0
0.101667 6.33567e-05 0.00227522 0
0.1025 7.48462e-05 0.0026587 0
0.103333 8.84192e-05 0.00304218 0
0.104167 0.000104453 0.00342566 0
0.105 0.000123395 0.00380914 0
0.105833 0.00014577 0.00419262 0
0.106667 0.000172203 0.0045761 0
0.1075 0.000203427 0.00495958 0
0.108333 0.000240312 0.00534307 0
0.109167 0.000283882 0.00572655 0
0.11 0.00033535 0.00611003 0
0.110833 0.000396145 0.00649351 0
0.111667 0.000467957 0.00687699 0
0.1125 0.000552779 0.00726047 0
0.113333 0.000652965 0.00764395 0
0.114167 0.000771296 0.00802743 0
0.115 0.000911051 0.00841091 0
0.115833 0.0010761 0.00879439 0
0.116667 0.00127102 0.00917787 0
0.1175 0.00150118 0.00956135 0
0.118333 0.00177295 0.00994484 0
0.119167 0.00209383 0.0103283 0
0.12 0.00247262 0.0107118 0
0.120833 0.00291975 0.0110953 0
0.121667 0.00344745 0.0114788 0
0.1225 0.00407014 0.0118622 0
0.123333 0.00480475 0.0122457 0
0.124167 0.0056712 0.0126292 0
0.125 0.00669285 0.0130127 0
0.125833 0.00789708 0.0133962 0
0.126667 0.00931596 0.0137796 0
0.1275 0.0109869 0.0141631 0
0.128333 0.0129537 0.0145466 0
0.129167 0.0152672 0.0185785 0
0.13 0.0179862 0.0415825 0
0.130833 0.0211791 0.0645865 0.0208333
0.131667 0.0249244 0.0875904 0.0416667
0.1325 0.0293122 0.110594 0.0625
0.133333 0.0344452 0.133598 0.0833333
0.134167 0.0404396 0.156602 0.104167
0.135 0.0474259 0.179606 0.125
0.135833 0.0555493 0.20261 0.145833
0.136667 0.0649692 0.225614 0.166667
0.1375 0.0758582 0.248618 0.1875
0.138333 0.0883997 0.271622 0.208333
0.139167 0.102784 0.294626 0.229167
0.14 0.119203 0.31763 0.25
0.140833 0.137842 0.340634 0.270833
0.141667 0.158869 0.363638 0.291667
0.1425 0.182426 0.386642 0.3125
0.143333 0.208609 0.409646 0.333333
0.144167 0.237458 0.43265 0.354167
0.145 0.268941 0.455654 0.375
0.145833 0.302941 0.478658 0.395833
0.146667 0.339244 0.501662 0.416667
0.1475 0.377541 0.524666 0.4375
0.148333 0.41743 0.54767 0.458333
0.149167 0.45843 0.570673 0.479167
0.15 0.5 0.593677 0.5
0.150833 0.54157 0.616681 0.520833
0.151667 0.58257 0.639685 0.541667
0.1525 0.622459 0.662689 0.5625
0.153333 0.660756 0.685693 0.583333
0.154167 0.697059 0.708697 0.604167
0.155 0.731059 0.731701 0.625
0.155833 0.762542 0.754705 0.645833
0.156667 0.791391 0.777709 0.666667
0.1575 0.817574 0.800713 0.6875
0.158333 0.841131 0.823717 0.708333
0.159167 0.862158 0.846721 0.729167
0.16 0.880797 0.869725 0.75
0.160833 0.897216 0.892729 0.770833
0.161667 0.9116 0.906446 0.791667
0.1625 0.924142 0.908887 0.8125
0.163333 0.935031 0.911328 0.833333
0.164167 0.944451 0.913769 0.854167
0.165 0.952574 0.91621 0.875
0.165833 0.95956 0.918651 0.895833
0.166667 0.965555 0.921092 0.916667
0.1675 0.970688 0.923533 0.9375
0.168333 0.975076 0.925974 0.958333
0.169167 0.978821 0.928415 0.979167
0.17 0.982014 0.930857 1
0.170833 0.984733 0.933298 1
0.171667 0.987046 0.935739 1
0.1725 0.989013 0.93818 1
0.173333 0.990684 0.940621 1
0.174167 0.992103 0.943062 1
0.175 0.993307 0.945503 1
0.175833 0.994329 0.947944 1
0.176667 0.995195 0.950385 1
0.1775 0.99593 0.952826 1
0.178333 0.996553 0.955267 1
0.179167 0.99708 0.957708 1
0.18 0.997527 0.960149 1
0.180833 0.997906 0.96259 1
0.181667 0.998227 0.965031 1
0.1825 0.998499 0.967472 1
0.183333 0.998729 0.969913 1
0.184167 0.998924 0.972354 1
0.185 0.999089 0.974795 1
0.185833 0.999229 0.977236 1
0.186667 0.999347 0.979677 1
0.1875 0.999447 0.982118 1
0.188333 0.999532 0.984559 1
0.189167 0.999604 0.987 1
0.19 0.999665 0.989441 1
0.190833 0.999716 0.991882 1
0.191667 0.99976 0.994323 1
0.1925 0.999797 0.996764 1
0.193333 0.999828 0.999205 1
0.194167 0.999854 0.999838 1
0.195 0.999877 0.999842 1
0.195833 0.999896 0.999847 1
0.196667 0.999912 0.999851 1
0.1975 0.999925 0.999855 1
0.198333 0.999937 0.999859 1
0.199167 0.999946 0.999864 1
0.2 0.999955 0.999868 1
0.200833 0.999962 0.999872 1
0.201667 0.999967 0.999876 1
0.2025 0.999972 0.999881 1
0.203333 0.999977 0.999885 1
0.204167 0.99998 0.999889 1
0.205 0.999983 0.999894 1
0.205833 0.999986 0.999898 1
0.206667 0.999988 0.999902 1
0.2075 0.99999 0.999906 1
0.208333 0.999991 0.999911 1
0.209167 0.999993 0.999915 1
0.21 0.999994 0.999919 1
0.210833 0.999995 0.999923 1
0.211667 0.999996 0.999928 1
0.2125 0.999996 0.999932 1
0.213333 0.999997 0.999936 1
0.214167 0.999997 0.99994 1
0.215 0.999998 0.999945 1
0.215833 0.999998 0.999949 1
0.216667 0.999998 0.999953 1
0.2175 0.999999 0.999957 1
0.218333 0.999999 0.999962 1
0.219167 0.999999 0.999966 1
0.22 0.999999 0.99997 1
0.220833 0.999999 0.999974 1
0.221667 0.999999 0.999979 1
0.2225 0.999999 0.999983 1
0.223333 1 0.999987 1
0.224167 1 0.999991 1
0.225 1 0.999996 1
0.225833 1 1 1
0.226667 1 1 1
0.2275 1 1 1
0.228333 1 1 1
0.229167 1 1 1
0.23 1 1 1
0.230833 1 1 1
0.231667 1 1 1
0.2325 1 1 1
0.233333 1 1 1
0.234167 1 1 1
0.235 1 1 1
0.235833 1 1 1
0.236667 1 1 1
0.2375 1 1 1
0.238333 1 1 1
0.239167 1 1 1
0.24 1 1 1
0.240833 1 1 1
0.241667 1 1 1
0.2425 1 1 1
0.243333 1 1 1
0.244167 1 1 1
0.245 1 1 1
0.245833 1 1 1
0.246667 1 1 1
0.2475 1 1 1
0.248333 1 1 1
0.249167 1 1 1
0.25 1 1 1
0.250833 1 1 1
0.251667 1 1 1
0.2525 1 1 1
0.253333 1 1 1
0.254167 1 1 1
0.255 1 1 1
0.255833 1 1 1
0.256667 1 1 1
0.2575 1 1 1
0.258333 1 1 1
0.259167 1 1 1
0.26 1 1 1
0.260833 1 1 1
0.261667 1 1 1
0.2625 1 1 1
0.263333 1 1 1
0.264167 1 1 1
0.265 1 1 1
0.265833 1 1 1
0.266667 1 1 1
0.2675 1 1 1
0.268333 1 1 1
0.269167 1 1 1
0.27 1 1 1
0.270833 1 1 1
0.271667 1 1 1
0.2725 1 1 1
0.273333 1 1 1
0.274167 1 1 1
0.275 1 1 1
0.275833 1 1 1
0.276667 1 1 1
0.2775 1 1 1
0.278333 1 1 1
0.279167 1 1 1
0.28 1 1 1
0.280833 1 1 1
0.281667 1 1 1
0.2825 1 1 1
0.283333 1 1 1
0.284167 1 1 1
0.285 1 1 1
0.285833 1 1 1
0.286667 1 1 1
0.2875 1 1 1
0.288333 1 1 1
0.289167 1 1 1
0.29 1 1 1
0.290833 1 1 1
0.291667 1 1 1
0.2925 1 1 1
0.293333 1 1 1
0.294167 1 1 1
0.295 1 1 1
0.295833 1 1 1
0.296667 1 1 1
0.2975 1 1 1
0.298333 1 1 1
0.299167 1 1 1
0.3 1 1 1
0.300833 1 1 1
0.301667 1 1 1
0.3025 1 1 1
0.303333 1 1 1
0.304167 1 1 1
0.305 1 1 1
0.305833 1 1 1
0.306667 1 1 1
0.3075 1 1 1
0.308333 1 1 1
0.309167 1 1 1
0.31 1 1 1
0.310833 1 1 1
0.311667 1 1 1
0.3125 1 1 1
0.313333 1 1 1
0.314167 1 1 1
0.315 1 1 1
0.315833 1 1 1
0.316667 1 1 1
0.3175 1 1 1
0.318333 1 1 1
0.319167 1 1 1
0.32 1 1 1
0.320833 1 1 1
0.321667 1 1 1
0.3225 1 1 1
0.323333 1 1 1
0.324167 1 1 1
0.325 1 1 1
0.325833 1 1 1
0.326667 1 1 1
0.3275 1 1 1
0.328333 1 1 1
0.329167 1 1 1
0.33 1 1 1
0.330833 1 1 1
0.331667 1 1 1
0.3325 1 1 1
0.333333 1 1 1
0.334167 1 1 1
0.335 1 1 1
0.335833 1 1 1
0.336667 1 1 1
0.3375 1 1 1
0.338333 1 1 1
0.339167 1 1 1
0.34 1 1 1
0.340833 1 1 1
0.341667 1 1 1
0.3425 1 1 1
0.343333 1 1 1
0.344167 1 1 1
0.345 1 1 1
0.345833 1 1 1
0.346667 1 1 1
0.3475 1 1 1
0.348333 1 1 1
0.349167 1 1 1
0.35 1 1 1
0.350833 1 1 1
0.351667 1 1 1
0.3525 1 1 1
0.353333 1 1 1
0.354167 1 1 1
0.355 1 1 1
0.355833 1 1 1
0.356667 1 1 1
0.3575 1 1 1
0.358333 1 1 1
0.359167 1 1 1
0.36 1 0.999999 1
0.360833 1 0.999999 1
0.361667 1 0.999999 1
0.3625 1 0.999999 1
0.363333 1 0.999999 1
0.364167 1 0.999999 1
0.365 1 0.999999 1
0.365833 1 0.999999 1
0.366667 1 0.999999 1
0.3675 1 0.999999 1
0.368333 1 0.999999 1
0.369167 1 0.999998 1
0.37 1 0.999998 1
0.370833 1 0.999998 1
0.371667 1 0.999998 1
0.3725 1 0.999998 1
0.373333 1 0.999998 1
0.374167 1 0.999998 1
0.375 1 0.999998 1
0.375833 1 0.999998 1
0.376667 1 0.999998 1
0.3775 0.999999 0.999998 1
0.378333 0.999999 0.999997 1
0.379167 0.999999 0.999997 1
0.38 0.999999 0.999997 1
0.380833 0.999999 0.999997 1
0.381667 0.999999 0.999997 1
0.3825 0.999999 0.999997 1
0.383333 0.999998 0.999997 1
0.384167 0.999998 0.999997 1
0.385 0.999998 0.999997 1
0.385833 0.999997 0.999997 1
0.386667 0.999997 0.999997 1
0.3875 0.999996 0.999969 1
0.388333 0.999996 0.999913 1
0.389167 0.999995 0.999857 1
0.39 0.999994 0.999801 1
0.390833 0.999993 0.999745 1
0.391667 0.999991 0.999689 1
0.3925 0.99999 0.999633 1
0.393333 0.999988 0.999577 1
0.394167 0.999986 0.999521 1
0.395 0.999983 0.999465 1
0.395833 0.99998 0.999409 1
0.396667 0.999977 0.999353 1
0.3975 0.999972 0.999297 1
0.398333 0.999967 0.99924 1
0.399167 0.999962 0.999184 1
0.4 0.999955 0.999128 1
0.400833 0.999946 0.999072 1
0.401667 0.999937 0.999016 1
0.4025 0.999925 0.99896 1
0.403333 0.999912 0.998904 1
0.404167 0.999896 0.998848 1
0.405 0.999877 0.998792 1
0.405833 0.999854 0.998736 1
0.406667 0.999828 0.99868 1
0.4075 0.999797 0.998624 1
0.408333 0.99976 0.998568 1
0.409167 0.999716 0.998512 1
0.41 0.999665 0.998455 1
0.410833 0.999604 0.998399 1
0.411667 0.999532 0.998343 1
0.4125 0.999447 0.998287 1
0.413333 0.999347 0.998231 1
0.414167 0.999229 0.998175 1
0.415 0.999089 0.998119 1
0.415833 0.998924 0.998063 1
0.416667 0.998729 0.998007 1
0.4175 0.998499 0.997951 1
0.418333 0.998227 0.997895 1
0.419167 0.997906 0.997839 1
0.42 0.997527 0.98627 1
0.420833 0.99708 0.971345 1
0.421667 0.996553 0.956419 1
0.4225 0.99593 0.941493 1
0.423333 0.995195 0.926567 1
0.424167 0.994329 0.911641 1
0.425 0.993307 0.896715 1
0.425833 0.992103 0.881789 1
0.426667 0.990684 0.866863 1
0.4275 0.989013 0.851937 1
0.428333 0.987046 0.837011 1
0.429167 0.984733 0.822085 1
0.43 0.982014 0.807159 1
0.430833 0.978821 0.792233 0.979167
0.431667 0.975076 0.777307 0.958333
0.4325 0.970688 0.762381 0.9375
0.433333 0.965555 0.747455 0.916667
0.434167 0.95956 0.732529 0.895833
0.435 0.952574 0.717603 0.875
0.435833 0.944451 0.702677 0.854167
0.436667 0.935031 0.687751 0.833333
0.4375 0.924142 0.672825 0.8125
0.438333 0.9116 0.657899 0.791667
0.439167 0.897216 0.642973 0.770833
0.44 0.880797 0.628047 0.75
0.440833 0.862158 0.613121 0.729167
0.441667 0.841131 0.598196 0.708333
0.4425 0.817574 0.58327 0.6875
0.443333 0.791391 0.568344 0.666667
0.444167 0.762542 0.553418 0.645833
0.445 0.731059 0.538492 0.625
0.445833 0.697059 0.523566 0.604167
0.446667 0.660756 0.50864 0.583333
0.4475 0.622459 0.493714 0.5625
0.448333 0.58257 0.478788 0.541667
0.449167 0.54157 0.463862 0.520833
0.45 0.5 0.448936 0.5
0.450833 0.45843 0.43401 0.479167
0.451667 0.41743 0.419349 0.458333
0.4525 0.377541 0.408527 0.4375
0.453333 0.339244 0.397705 0.416667
0.454167 0.302941 0.386884 0.395833
0.455 0.268941 0.376062 0.375
0.455833 0.237458 0.36524 0.354167
0.456667 0.208609 0.354418 0.333333
0.4575 0.182426 0.343597 0.3125
0.458333 0.158869 0.332775 0.291667
0.459167 0.137842 0.321953 0.270833
0.46 0.119203 0.311132 0.25
0.460833 0.102784 0.30031 0.229167
0.461667 0.0883997 0.289488 0.208333
0.4625 0.0758582 0.278666 0.1875
0.463333 0.0649692 0.267845 0.166667
0.464167 0.0555493 0.257023 0.145833
0.465 0.0474259 0.246201 0.125
0.465833 0.0404396 0.23538 0.104167
0.466667 0.0344452 0.224558 0.0833333
0.4675 0.0293122 0.213736 0.0625
0.468333 0.0249244 0.202914 0.0416667
0.469167 0.0211791 0.192093 0.0208333
0.47 0.0179862 0.181271 -1.38778e-15
0.470833 0.0152672 0.170449 -1.38778e-15
0.471667 0.0129537 0.159627 -1.38778e-15
0.4725 0.0109869 0.148806 -1.38778e-15
0.473333 0.00931596 0.137984 -1.38778e-15
0.474167 0.00789708 0.127162 -1.38778e-15
0.475 0.00669285 0.116341 -1.38778e-15
0.475833 0.0056712 0.105519 -1.38778e-15
0.476667 0.00480475 0.0946971 -1.38778e-15
0.4775 0.00407014 0.0838754 -1.38778e-15
0.478333 0.00344745 0.0730537 -1.38778e-15
0.479167 0.00291975 0.062232 -1.38778e-15
0.48 0.00247262 0.0514102 -1.38778e-15
0.480833 0.00209383 0.0405885 -1.38778e-15
0.481667 0.00177295 0.0297668 -1.38778e-15
0.4825 0.00150118 0.0189451 -1.38778e-15
0.483333 0.00127102 0.00812334 -1.38778e-15
0.484167 0.0010761 0.00113114 -1.38778e-15
0.485 0.000911051 0.00110169 -1.38778e-15
0.485833 0.000771296 0.00107225 -1.38778e-15
0.486667 0.000652965 0.00104281 -1.38778e-15
0.4875 0.000552779 0.00101336 -1.38778e-15
0.488333 0.000467957 0.000983917 -1.38778e-15
0.489167 0.000396145 0.000954473 -1.38778e-15
0.49 0.00033535 0.000925028 -1.38778e-15
0.490833 0.000283882 0.000895584 -1.38778e-15
0.491667 0.000240312 0.000866139 -1.38778e-15
0.4925 0.000203427 0.000836695 -1.38778e-15
0.493333 0.000172203 0.000807251 -1.38778e-15
0.494167 0.00014577 0.000777806 -1.38778e-15
0.495 0.000123395 0.000748362 -1.38778e-15
0.495833 0.000104453 0.000718917 -1.38778e-15
0.496667 8.84192e-05 0.000689473 -1.38778e-15
0.4975 7.48462e-05 0.000660029 -1.38778e-15
0.498333 6.33567e-05 0.000630584 -1.38778e-15
0.499167 5.36308e-05 0.00060114 -1.38778e-15
0.5 4.53979e-05 0.000571695 -1.38778e-15
0.500833 3.84287e-05 0.000542251 -1.38778e-15
0.501667 3.25294e-05 0.000512806 -1.38778e-15
0.5025 2.75357e-05 0.000483362 -1.38778e-15
0.503333 2.33086e-05 0.000453918 -1.38778e-15
0.504167 1.97303e-05 0.000424473 -1.38778e-15
0.505 1.67014e-05 0.000395029 -1.38778e-15
0.505833 1.41375e-05 0.000365584 -1.38778e-15
0.506667 1.19671e-05 0.00033614 -1.38778e-15
0.5075 1.013e-05 0.000306696 -1.38778e-15
0.508333 8.57487e-06 0.000277251 -1.38778e-15
0.509167 7.25848e-06 0.000247807 -1.38778e-15
0.51 6.14417e-06 0.000218362 -1.38778e-15
0.510833 5.20094e-06 0.000188918 -1.38778e-15
0.511667 4.4025e-06 0.000159474 -1.38778e-15
0.5125 3.72664e-06 0.000130029 -1.38778e-15
0.513333 3.15453e-06 0.000100585 -1.38778e-15
0.514167 2.67026e-06 7.11403e-05 -1.38778e-15
0.515 2.26032e-06 4.16959e-05 -1.38778e-15
0.515833 1.91332e-06 1.22515e-05 -1.38778e-15
0.516667 1.61959e-06 1.77344e-06 -1.38778e-15
0.5175 1.37096e-06 1.72693e-06 -1.38778e-15
0.518333 1.16049e-06 1.68041e-06 -1.38778e-15
0.519167 9.82334e-07 1.63389e-06 -1.38778e-15
0.52 8.31528e-07 1.58738e-06 -1.38778e-15
0.520833 7.03873e-07 1.54086e-06 -1.38778e-15
0.521667 5.95816e-07 1.49435e-06 -1.38778e-15
0.5225 5.04347e-07 1.44783e-06 -1.38778e-15
0.523333 4.26921e-07 1.40132e-06 -1.38778e-15
0.524167 3.61381e-07 1.3548e-06 -1.38778e-15
0.525 3.05902e-07 1.30828e-06 -1.38778e-15
0.525833 2.58941e-07 1.26177e-06 -1.38778e-15
0.526667 2.19189e-07 1.21525e-06 -1.38778e-15
0.5275 1.85539e-07 1.16874e-06 -1.38778e-15
0.528333 1.57055e-07 1.12222e-06 -1.38778e-15
0.529167 1.32945e-07 1.07571e-06 -1.38778e-15
0.53 1.12535e-07 1.02919e-06 -1.38778e-15
0.530833 9.5259e-08 9.82675e-07 -1.38778e-15
0.531667 8.0635e-08 9.3616e-07 -1.38778e-15
0.5325 6.8256e-08 8.89644e-07 -1.38778e-15
0.533333 5.77775e-08 8.43128e-07 -1.38778e-15
0.534167 4.89076e-08 7.96613e-07 -1.38778e-15
0.535 4.13994e-08 7.50097e-07 -1.38778e-15
0.535833 3.50438e-08 7.03582e-07 -1.38778e-15
0.536667 2.96639e-08 6.57066e-07 -1.38778e-15
0.5375 2.511e-08 6.1055e-07 -1.38778e-15
0.538333 2.12551e-08 5.64035e-07 -1.38778e-15
0.539167 1.79921e-08 5.17519e-07 -1.38778e-15
0.54 1.523e-08 4.71003e-07 -1.38778e-15
0.540833 1.28919e-08 4.24488e-07 -1.38778e-15
0.541667 1.09128e-08 3.77972e-07 -1.38778e-15
0.5425 9.23745e-09 3.31456e-07 -1.38778e-15
0.543333 7.81933e-09 2.84941e-07 -1.38778e-15
0.544167 6.61892e-09 2.38425e-07 -1.38778e-15
0.545 5.6028e-09 1.91909e-07 -1.38778e-15
0.545833 4.74266e-09 1.45394e-07 -1.38778e-15
0.546667 4.01458e-09 9.88781e-08 -1.38778e-15
0.5475 3.39827e-09 5.23625e-08 -1.38778e-15
0.548333 2.87657e-09 5.84682e-09 -1.38778e-15
0.549167 2.43497e-09 2.77714e-09 -1.38778e-15
0.55 2.06115e-09 2.70374e-09 -1.38778e-15
0.550833 1.74473e-09 2.63034e-09 -1.38778e-15
0.551667 1.47688e-09 2.55694e-09 -1.38778e-15
0.5525 1.25015e-09 2.48354e-09 -1.38778e-15
0.553333 1.05823e-09 2.41014e-09 -1.38778e-15
0.554167 8.95774e-10 2.33674e-09 -1.38778e-15
0.555 7.58256e-10 2.26334e-09 -1.38778e-15
0.555833 6.4185e-10 2.18994e-09 -1.38778e-15
0.556667 5.43314e-10 2.11654e-09 -1.38778e-15
0.5575 4.59906e-10 2.04313e-09 -1.38778e-15
0.558333 3.89302e-10 1.96973e-09 -1.38778e-15
0.559167 3.29537e-10 1.89633e-09 -1.38778e-15
0.56 2.78947e-10 1.82293e-09 -1.38778e-15
0.560833 2.36123e-10 1.74953e-09 -1.38778e-15
0.561667 1.99874e-10 1.67613e-09 -1.38778e-15
0.5625 1.6919e-10 1.60273e-09 -1.38778e-15
0.563333 1.43216e-10 1.52933e-09 -1.38778e-15
0.564167 1.2123e-10 1.45593e-09 -1.38778e-15
0.565 1.02619e-10 1.38253e-09 -1.38778e-15
0.565833 8.6865e-11 1.30913e-09 -1.38778e-15
0.566667 7.35296e-11 1.23573e-09 -1.38778e-15
0.5675 6.22415e-11 1.16233e-09 -1.38778e-15
0.568333 5.26862e-11 1.08893e-09 -1.38778e-15
0.569167 4.45979e-11 1.01553e-09 -1.38778e-15
0.57 3.77514e-11 9.42125e-10 -1.38778e-15
0.570833 3.19558e-11 8.68724e-10 -1.38778e-15
0.571667 2.705e-11 7.95324e-10 -1.38778e-15
0.5725 2.28974e-11 7.21923e-10 -1.38778e-15
0.573333 1.93822e-11 6.48522e-10 -1.38778e-15
0.574167 1.64067e-11 5.75122e-10 -1.38778e-15
0.575 1.38879e-11 5.01721e-10 -1.38778e-15
0.575833 1.17559e-11 4.2832e-10 -1.38778e-15
0.576667 9.95115e-12 3.5492e-10 -1.38778e-15
0.5775 8.42348e-12 2.81519e-10 -1.38778e-15
0.578333 7.1303e-12 2.08118e-10 -1.38778e-15
0.579167 6.03567e-12 1.34718e-10 -1.38778e-15
0.58 5.10908e-12 6.13169e-11 -1.38778e-15
0.580833 4.32476e-12 4.46448e-12 -1.38778e-15
0.581667 3.66085e-12 4.34865e-12 -1.38778e-15
0.5825 3.0988e-12 4.23283e-12 -1.38778e-15
0.583333 2.62312e-12 4.117e-12 -1.38778e-15
0.584167 2.22039e-12 4.00118e-12 -1.38778e-15
0.585 1.87955e-12 3.88535e-12 -1.38778e-15
0.585833 1.59101e-12 3.76953e-12 -1.38778e-15
0.586667 1.34676e-12 3.65371e-12 -1.38778e-15
0.5875 1.13998e-12 3.53788e-12 -1.38778e-15
0.588333 9.65006e-13 3.42206e-12 -1.38778e-15
0.589167 8.16847e-13 3.30623e-12 -1.38778e-15
0.59 6.91447e-13 3.19041e-12 -1.38778e-15
0.590833 5.8531e-13 3.07458e-12 -1.38778e-15
0.591667 4.95437e-13 2.95876e-12 -1.38778e-15
0.5925 4.19387e-13 2.84293e-12 -1.38778e-15
0.593333 3.54994e-13 2.72711e-12 -1.38778e-15
0.594167 3.00482e-13 2.61129e-12 -1.38778e-15
0.595 2.54352e-13 2.49546e-12 -1.38778e-15
0.595833 2.15328e-13 2.37964e-12 -1.38778e-15
0.596667 1.82243e-13 2.26381e-12 -1.38778e-15
0.5975 1.54265e-13 2.14799e-12 -1.38778e-15
0.598333 1.30618e-13 2.03216e-12 -1.38778e-15
0.599167 1.10578e-13 1.91634e-12 -1.38778e-15
0.6 9.35918e-14 1.80052e-12 -1.38778e-15
0.600833 7.92144e-14 1.68469e-12 -1.38778e-15
0.601667 6.70575e-14 1.56887e-12 -1.38778e-15
0.6025 5.67879e-14 1.45304e-12 -1.38778e-15
0.603333 4.80727e-14 1.33722e-12 -1.38778e-15
0.604167 4.06897e-14 1.22139e-12 -1.38778e-15
0.605 3.44169e-14 1.10557e-12 -1.38778e-15
0.605833 2.91434e-14 9.89745e-13 -1.38778e-15
0.606667 2.4647e-14 8.7392e-13 -1.38778e-15
0.6075 2.08722e-14 7.58096e-13 -1.38778e-15
0.608333 1.77081e-14 6.42271e-13 -1.38778e-15
0.609167 1.4988e-14 5.26447e-13 -1.38778e-15
0.61 1.26565e-14 4.10623e-13 -1.38778e-15
0.610833 1.07137e-14 2.94798e-13 -1.38778e-15
0.611667 9.04832e-15 1.78974e-13 -1.38778e-15
0.6125 7.66054e-15 6.31495e-14 -1.38778e-15
0.613333 6.4948e-15 7.01069e-15 -1.38778e-15
0.614167 5.4956e-15 6.82713e-15 -1.38778e-15
0.615 4.66294e-15 6.64357e-15 -1.38778e-15
0.615833 3.94129e-15 6.46002e-15 -1.38778e-15
0.616667 3.33067e-15 6.27646e-15 -1.38778e-15
0.6175 2.83107e-15 6.0929e-15 -1.38778e-15
0.618333 2.38698e-15 5.90935e-15 -1.38778e-15
0.619167 1.9984e-15 5.72579e-15 -1.38778e-15
0.62 1.72085e-15 5.54223e-15 -1.38778e-15
0.620833 1.44329e-15 5.35868e-15 -1.38778e-15
0.621667 1.22125e-15 5.17512e-15 -1.38778e-15
0.6225 1.05471e-15 4.99156e-15 -1.38778e-15
0.623333 8.88178e-16 4.80801e-15 -1.38778e-15
0.624167 7.21645e-16 4.62445e-15 -1.38778e-15
0.625 6.10623e-16 4.44089e-15 -1.38778e-15
0.625833 5.55112e-16 4.25734e-15 -1.38778e-15
0.626667 4.44089e-16 4.07378e-15 -1.38778e-15
0.6275 3.88578e-16 3.89022e-15 -1.38778e-15
0.628333 3.33067e-16 3.70666e-15 -1.38778e-15
0.629167 2.77556e-16 3.52311e-15 -1.38778e-15
0.63 2.22045e-16 3.33955e-15 -1.38778e-15
0.630833 1.66533e-16 3.15599e-15 -1.38778e-15
0.631667 1.66533e-16 2.97244e-15 -1.38778e-15
0.6325 1.11022e-16 2.78888e-15 -1.38778e-15
0.633333 1.11022e-16 2.60532e-15 -1.38778e-15
0.634167 1.11022e-16 2.42177e-15 -1.38778e-15
0.635 5.55112e-17 2.23821e-15 -1.38778e-15
0.635833 5.55112e-17 2.05465e-15 -1.38778e-15
0.636667 5.55112e-17 1.8711e-15 -1.38778e-15
0.6375 5.55112e-17 1.68754e-15 -1.38778e-15
0.638333 5.55112e-17 1.50398e-15 -1.38778e-15
0.639167 5.55112e-17 1.32043e-15 -1.38778e-15
0.64 0 1.13687e-15 -1.38778e-15
0.640833 0 9.53312e-16 -1.38778e-15
0.641667 0 7.69755e-16 -1.38778e-15
0.6425 0 5.86198e-16 -1.38778e-15
0.643333 0 4.02641e-16 -1.38778e-15
0.644167 0 2.19084e-16 -1.38778e-15
0.645 0 3.55271e-17 -1.38778e-15
0.645833 0 0 -1.38778e-15
0.646667 0 0 -1.38778e-15
0.6475 0 0 -1.38778e-15
0.648333 0 0 -1.38778e-15
0.649167 0 0 -1.38778e-15
0.65 0 0 -1.38778e-15
0.650833 0 0 -1.38778e-15
0.651667 0 0 -1.38778e-15
0.6525 0 0 -1.38778e-15
0.653333 0 0 -1.38778e-15
0.654167 0 0 -1.38778e-15
0.655 0 0 -1.38778e-15
0.655833 0 0 -1.38778e-15
0.656667 0 0 -1.38778e-15
0.6575 0 0 -1.38778e-15
0.658333 0 0 -1.38778e-15
0.659167 0 0 -1.38778e-15
0.66 0 0 -1.38778e-15
0.660833 0 0 -1.38778e-15
0.661667 0 0 -1.38778e-15
0.6625 0 0 -1.38778e-15
0.663333 0 0 -1.38778e-15
0.664167 0 0 -1.38778e-15
0.665 0 0 -1.38778e-15
0.665833 0 0 -1.38778e-15
0.666667 0 0 -1.38778e-15
0.6675 0 0 -1.38778e-15
0.668333 0 0 -1.38778e-15
0.669167 0 0 -1.38778e-15
0.67 0 0 0
0.670833 0 0 -2.77556e-15
0.671667 0 0 0
0.6725 0 0 -2.77556e-15
0.673333 0 0 -2.77556e-15
0.674167 0 0 0
0.675 0 0 -2.77556e-15
0.675833 0 0 0
0.676667 0 0 -2.77556e-15
0.6775 0 0 -2.77556e-15
0.678333 0 0 0
0.679167 0 0 -2.77556e-15
0.68 0 0 0
0.680833 0 0 -2.77556e-15
0.681667 0 0 0
0.6825 0 0 0
0.683333 0 0 -2.77556e-15
0.684167 0 0 0
0.685 0 0 -2.77556e-15
0.685833 0 0 0
0.686667 0 0 -2.77556e-15
0.6875 0 0 -2.77556e-15
0.688333 0 0 0
0.689167 0 0 -2.77556e-15
0.69 0 0 0
0.690833 0 0 -2.77556e-15
0.691667 0 0 0
0.6925 0 0 0
0.693333 0 0 -2.77556e-15
0.694167 0 0 0
0.695 0 0 -2.77556e-15
0.695833 0 0 0
0.696667 0 0 0
0.6975 0 0 -2.77556e-15
0.698333 0 0 0
0.699167 0 0 -2.77556e-15
0.7 0 0 0
0.700833 0 0 -2.77556e-15
0.701667 0 0 -2.77556e-15
0.7025 0 0 0
0.703333 0 0 -2.77556e-15
0.704167 0 0 0
0.705 0 0 -2.77556e-15
0.705833 0 0 0
0.706667 0 0 0
0.7075 0 0 -2.77556e-15
0.708333 0 0 0
0.709167 0 0 -2.77556e-15
0.71 0 0 0
0.710833 0 0 -2.77556e-15
0.711667 0 0 -2.77556e-15
0.7125 0 0 0
0.713333 0 0 -2.77556e-15
0.714167 0 0 0
0.715 0 0 -2.77556e-15
0.715833 0 0 0
0.716667 0 0 0
0.7175 0 0 -2.77556e-15
0.718333 0 0 0
0.719167 0 0 -2.77556e-15
0.72 0 0 0
0.720833 0 0 0
0.721667 0 0 -2.77556e-15
0.7225 0 0 0
0.723333 0 0 -2.77556e-15
0.724167 0 0 0
0.725 0 0 -2.77556e-15
0.725833 0 0 -2.77556e-15
0.726667 0 0 0
0.7275 0 0 -2.77556e-15
0.728333 0 0 0
0.729167 0 0 -2.77556e-15
0.73 0 0 0
0.730833 0 0 0
0.731667 0 0 -2.77556e-15
0.7325 0 0 0
0.733333 0 0 -2.77556e-15
0.734167 0 0 0
0.735 0 0 -2.77556e-15
0.735833 0 0 -2.77556e-15
0.736667 0 0 0
0.7375 0 0 -2.77556e-15
0.738333 0 0 0
0.739167 0 0 -2.77556e-15
0.74 0 0 0
0.740833 0 0 0
0.741667 0 0 -2.77556e-15
0.7425 0 0 0
0.743333 0 0 -2.77556e-15
0.744167 0 0 0
0.745 0 0 0
0.745833 0 0 -2.77556e-15
0.746667 0 0 0
0.7475 0 0 -2.77556e-15
0.748333 0 0 0
0.749167 0 0 -2.77556e-15
0.75 0 0 -2.77556e-15
0.750833 0 0 0
0.751667 0 0 -2.77556e-15
0.7525 0 0 0
0.753333 0 0 -2.77556e-15
0.754167 0 0 0
0.755 0 0 0
0.755833 0 0 -2.77556e-15
0.756667 0 0 0
0.7575 0 0 -2.77556e-15
0.758333 0 0 0
0.759167 0 0 -2.77556e-15
0.76 0 0 -2.77556e-15
0.760833 0 0 0
0.761667 0 0 -2.77556e-15
0.7625 0 0 0
0.763333 0 0 -2.77556e-15
0.764167 0 0 -2.77556e-15
0.765 0 0 0
0.765833 0 0 -2.77556e-15
0.766667 0 0 0
0.7675 0 0 -2.77556e-15
0.768333 0 0 0
0.769167 0 0 0
0.77 0 0 -2.77556e-15
0.770833 0 0 0
0.771667 0 0 -2.77556e-15
0.7725 0 0 0
0.773333 0 0 -2.77556e-15
0.774167 0 0 -2.77556e-15
0.775 0 0 0
0.775833 0 0 -2.77556e-15
0.776667 0 0 0
0.7775 0 0 -2.77556e-15
0.778333 0 0 0
0.779167 0 0 0
0.78 0 0 -2.77556e-15
0.780833 0 0 0
0.781667 0 0 -2.77556e-15
0.7825 0 0 0
0.783333 0 0 -2.77556e-15
0.784167 0 0 -2.77556e-15
0.785 0 0 0
0.785833 0 0 -2.77556e-15
0.786667 0 0 0
0.7875 0 0 -2.77556e-15
0.788333 0 0 -2.77556e-15
0.789167 0 0 0
0.79 0 0 -2.77556e-15
0.790833 0 0 0
0.791667 0 0 -2.77556e-15
0.7925 0 0 0
0.793333 0 0 0
0.794167 0 0 -2.77556e-15
0.795 0 0 0
0.795833 0 0 -2.77556e-15
0.796667 0 0 0
0.7975 0 0 -2.77556e-15
0.798333 0 0 -2.77556e-15
0.799167 0 0 0
0.8 0 0 -2.77556e-15
0.800833 0 0 0
0.801667 0 0 -2.77556e-15
0.8025 0 0 0
0.803333 0 0 0
0.804167 0 0 -2.77556e-15
0.805 0 0 0
0.805833 0 0 -2.77556e-15
0.806667 0 0 0
0.8075 0 0 -2.77556e-15
0.808333 0 0 -2.77556e-15
0.809167 0 0 0
0.81 0 0 -2.77556e-15
0.810833 0 0 0
0.811667 0 0 -2.77556e-15
0.8125 0 0 -2.77556e-15
0.813333 0 0 0
0.814167 0 0 -2.77556e-15
0.815 0 0 0
0.815833 0 0 -2.77556e-15
0.816667 0 0 0
0.8175 0 0 0
0.818333 0 0 -2.77556e-15
0.819167 0 0 0
0.82 0 0 -2.77556e-15
0.820833 0 0 0
0.821667 0 0 -2.77556e-15
0.8225 0 0 -2.77556e-15
0.823333 0 0 0
0.824167 0 0 -2.77556e-15
0.825 0 0 0
0.825833 0 0 -2.77556e-15
0.826667 0 0 0
0.8275 0 0 0
0.828333 0 0 -2.77556e-15
0.829167 0 0 0
0.83 0 0 -2.77556e-15
0.830833 0 0 0
0.831667 0 0 0
0.8325 0 0 -2.77556e-15
0.833333 0 0 0
0.834167 0 0 -2.77556e-15
0.835 0 0 0
0.835833 0 0 -2.77556e-15
0.836667 0 0 -2.77556e-15
0.8375 0 0 0
0.838333 0 0 -2.77556e-15
0.839167 0 0 0
0.84 0 0 -2.77556e-15
0.840833 0 0 0
0.841667 0 0 0
0.8425 0 0 -2.77556e-15
0.843333 0 0 0
0.844167 0 0 -2.77556e-15
0.845 0 0 0
0.845833 0 0 -2.77556e-15
0.846667 0 0 -2.77556e-15
0.8475 0 0 0
0.848333 0 0 -2.77556e-15
0.849167 0 0 0
0.85 0 0 -2.77556e-15
0.850833 0 0 0
0.851667 0 0 0
0.8525 0 0 -2.77556e-15
0.853333 0 0 0
0.854167 0 0 -2.77556e-15
0.855 0 0 0
0.855833 0 0 0
0.856667 0 0 -2.77556e-15
0.8575 0 0 0
0.858333 0 0 -2.77556e-15
0.859167 0 0 0
0.86 0 0 -2.77556e-15
0.860833 0 0 -2.77556e-15
0.861667 0 0 0
0.8625 0 0 -2.77556e-15
0.863333 0 0 0
0.864167 0 0 -2.77556e-15
0.865 0 0 0
0.865833 0 0 0
0.866667 0 0 -2.77556e-15
0.8675 0 0 0
0.868333 0 0 -2.77556e-15
0.869167 0 0 0
0.87 0 0 -2.77556e-15
0.870833 0 0 -2.77556e-15
0.871667 0 0 0
0.8725 0 0 -2.77556e-15
0.873333 0 0 0
0.874167 0 0 -2.77556e-15
0.875 0 0 0
0.875833 0 0 0
0.876667 0 0 -2.77556e-15
0.8775 0 0 0
0.878333 0 0 -2.77556e-15
0.879167 0 0 0
0.88 0 0 0
0.880833 0 0 -2.77556e-15
0.881667 0 0 0
0.8825 0 0 -2.77556e-15
0.883333 0 0 0
0.884167 0 0 -2.77556e-15
0.885 0 0 -2.77556e-15
0.885833 0 0 0
0.886667 0 0 -2.77556e-15
0.8875 0 0 0
0.888333 0 0 -2.77556e-15
0.889167 0 0 0
0.89 0 0 0
0.890833 0 0 -2.77556e-15
0.891667 0 0 0
0.8925 0 0 -2.77556e-15
0.893333 0 0 0
0.894167 0 0 -2.77556e-15
0.895 0 0 -2.77556e-15
0.895833 0 0 0
0.896667 0 0 -2.77556e-15
0.8975 0 0 0
0.898333 0 0 -2.77556e-15
0.899167 0 0 -2.77556e-15
0.9 0 0 0
0.900833 0 0 -2.77556e-15
0.901667 0 0 0
0.9025 0 0 -2.77556e-15
0.903333 0 0 0
0.904167 0 0 0
0.905 0 0 -2.77556e-15
0.905833 0 0 0
0.906667 0 0 -2.77556e-15
0.9075 0 0 0
0.908333 0 0 -2.77556e-15
0.909167 0 0 -2.77556e-15
0.91 0 0 0
0.910833 0 0 -2.77556e-15
0.911667 0 0 0
0.9125 0 0 -2.77556e-15
0.913333 0 0 0
0.914167 0 0 0
0.915 0 0 -2.77556e-15
0.915833 0 0 0
0.916667 0 0 -2.77556e-15
0.9175 0 0 0
0.918333 0 0 -2.77556e-15
0.919167 0 0 -2.77556e-15
0.92 0 0 0
0.920833 0 0 -2.77556e-15
0.921667 0 0 0
0.9225 0 0 -2.77556e-15
0.923333 0 0 -2.77556e-15
0.924167 0 0 0
0.925 0 0 -2.77556e-15
0.925833 0 0 0
0.926667 0 0 -2.77556e-15
0.9275 0 0 0
0.928333 0 0 0
0.929167 0 0 -2.77556e-15
0.93 0 0 1.38778e-15
0.930833 0 0 -4.16334e-15
0.931667 0 0 1.38778e-15
0.9325 0 0 -4.16334e-15
0.933333 0 0 -4.16334e-15
0.934167 0 0 1.38778e-15
0.935 0 0 -4.16334e-15
0.935833 0 0 1.38778e-15
0.936667 0 0 -4.16334e-15
0.9375 0 0 1.38778e-15
0.938333 0 0 1.38778e-15
0.939167 0 0 -4.16334e-15
0.94 0 0 1.38778e-15
0.940833 0 0 -4.16334e-15
0.941667 0 0 1.38778e-15
0.9425 0 0 -4.16334e-15
0.943333 0 0 -4.16334e-15
0.944167 0 0 1.38778e-15
0.945 0 0 -4.16334e-15
0.945833 0 0 1.38778e-15
0.946667 0 0 -4.16334e-15
0.9475 0 0 -4.16334e-15
0.948333 0 0 1.38778e-15
0.949167 0 0 -4.16334e-15
0.95 0 0 1.38778e-15
0.950833 0 0 -4.16334e-15
0.951667 0 0 1.38778e-15
0.9525 0 0 1.38778e-15
0.953333 0 0 -4.16334e-15
0.954167 0 0 1.38778e-15
0.955 0 0 -4.16334e-15
0.955833 0 0 1.38778e-15
0.956667 0 0 -4.16334e-15
0.9575 0 0 -4.16334e-15
0.958333 0 0 1.38778e-15
0.959167 0 0 -4.16334e-15
0.96 0 0 1.38778e-15
0.960833 0 0 -4.16334e-15
0.961667 0 0 1.38778e-15
0.9625 0 0 1.38778e-15
0.963333 0 0 -4.16334e-15
0.964167 0 0 1.38778e-15
0.965 0 0 -4.16334e-15
0.965833 0 0 1.38778e-15
0.966667 0 0 1.38778e-15
0.9675 0 0 -4.16334e-15
0.968333 0 0 1.38778e-15
0.969167 0 0 -4.16334e-15
0.97 0 0 0
0.970833 0 0 -2.77556e-15
0.971667 0 0 -2.77556e-15
0.9725 0 0 0
0.973333 0 0 -2.77556e-15
0.974167 0 0 0
0.975 0 0 -2.77556e-15
0.975833 0 0 0
0.976667 0 0 0
0.9775 0 0 -2.77556e-15
0.978333 0 0 0
0.979167 0 0 -2.77556e-15
0.98 0 0 0
0.980833 0 0 -2.77556e-15
0.981667 0 0 -2.77556e-15
0.9825 0 0 0
0.983333 0 0 -2.77556e-15
0.984167 0 0 0
0.985 0 0 -2.77556e-15
0.985833 0 0 0
0.986667 0 0 0
0.9875 0 0 -2.77556e-15
0.988333 0 0 0
0.989167 0 0 -2.77556e-15
0.99 0 0 0
0.990833 0 0 0
0.991667 0 0 -2.77556e-15
0.9925 0 0 0
0.993333 0 0 -2.77556e-15
0.994167 0 0 0
0.995 0 0 -2.77556e-15
0.995833 0 0 -2.77556e-15
0.996667 0 0 0
0.9975 0 0 -2.77556e-15
0.998333 0 0 0
0.999167 0 0 -2.77556e-15
1 0 0 -2.77556e-15
