x h1 h2 h3 h4
0 0 0 0 0
0.000833333 0.00641026 0 0 0
0.00166667 0.0128205 0 0 0
0.0025 0.0192308 0 0 0
0.00333333 0.025641 0 0 0
0.00416667 0.0320513 0 0 0
0.005 0.0384615 0 0 0
0.00583333 0.0448718 0 0 0
0.00666667 0.0512821 0 0 0
0.0075 0.0576923 0 0 0
0.00833333 0.0641026 0 0 0
0.00916667 0.0705128 0 0 0
0.01 0.0769231 0 0 0
0.0108333 0.0833333 0 0 0
0.0116667 0.0897436 0 0 0
0.0125 0.0961538 0 0 0
0.0133333 0.102564 0 0 0
0.0141667 0.108974 0 0 0
0.015 0.115385 0 0 0
0.0158333 0.121795 0 0 0
0.0166667 0.128205 0 0 0
0.0175 0.134615 0 0 0
0.0183333 0.141026 0 0 0
0.0191667 0.147436 0 0 0
0.02 0.153846 0 0 0
0.0208333 0.160256 0 0 0
0.0216667 0.166667 0 0 0
0.0225 0.173077 0 0 0
0.0233333 0.179487 0 0 0
0.0241667 0.185897 0 0 0
0.025 0.192308 0 0 0
0.0258333 0.198718 0 0 0
0.0266667 0.205128 0 0 0
0.0275 0.211538 0 0 0
0.0283333 0.217949 0 0 0
0.0291667 0.224359 0 0 0
0.03 0.230769 0 0 0
0.0308333 0.237179 0 0 0
0.0316667 0.24359 0 0 0
0.0325 0.25 0 0 0
0.0333333 0.25641 0 0 0
0.0341667 0.262821 0 0 0
0.035 0.269231 0 0 0
0.0358333 0.275641 0 0 0
0.0366667 0.282051 0 0 0
0.0375 0.288462 0 0 0
0.0383333 0.294872 0 0 0
0.0391667 0.301282 0 0 0
0.04 0.307692 0 0 0
0.0408333 0.314103 0 0 0
0.0416667 0.320513 0 0 0
0.0425 0.326923 0 0 0
0.0433333 0.333333 0 0 0
0.0441667 0.339744 0 0 0
0.045 0.346154 0 0 0
0.0458333 0.352564 0 0 0
0.0466667 0.358974 0 0 0
0.0475 0.365385 0 0 0
0.0483333 0.371795 0 0 0
0.0491667 0.378205 0 0 0
0.05 0.384615 0 0 0
0.0508333 0.391026 0 0 0
0.0516667 0.397436 0 0 0
0.0525 0.403846 0 0 0
0.0533333 0.410256 0 0 0
0.0541667 0.416667 0 0 0
0.055 0.423077 0 0 0
0.0558333 0.429487 0 0 0
0.0566667 0.435897 0 0 0
0.0575 0.442308 0 0 0
0.0583333 0.448718 0 0 0
0.0591667 0.455128 0 0 0
0.06 0.461538 0 0 0
0.0608333 0.467949 0 0 0
0.0616667 0.474359 0 0 0
0.0625 0.480769 0 0 0
0.0633333 0.487179 0 0 0
0.0641667 0.49359 0 0 0
0.065 0.5 0 0 0
0.0658333 0.50641 0 0 0
0.0666667 0.512821 0 0 0
0.0675 0.519231 0 0 0
0.0683333 0.525641 0 0 0
0.0691667 0.532051 0 0 0
0.07 0.538462 0 0 0
0.0708333 0.544872 0 0 0
0.0716667 0.551282 0 0 0
0.0725 0.557692 0 0 0
0.0733333 0.564103 0 0 0
0.0741667 0.570513 0 0 0
0.075 0.576923 0 0 0
0.0758333 0.583333 0 0 0
0.0766667 0.589744 0 0 0
0.0775 0.596154 0 0 0
0.0783333 0.602564 0 0 0
0.0791667 0.608974 0 0 0
0.08 0.615385 0 0 0
0.0808333 0.621795 0 0 0
0.0816667 0.628205 0 0 0
0.0825 0.634615 0 0 0
0.0833333 0.641026 0 0 0
0.0841667 0.647436 0 0 0
0.085 0.653846 0 0 0
0.0858333 0.660256 0 0 0
0.0866667 0.666667 0 0 0
0.0875 0.673077 0 0 0
0.0883333 0.679487 0 0 0
0.0891667 0.685897 0 0 0
0.09 0.692308 0 0 0
0.0908333 0.698718 0 0 0
0.0916667 0.705128 0 0 0
0.0925 0.711538 0 0 0
0.0933333 0.717949 0 0 0
0.0941667 0.724359 0 0 0
0.095 0.730769 0 0 0
0.0958333 0.737179 0 0 0
0.0966667 0.74359 0 0 0
0.0975 0.75 0 0 0
0.0983333 0.75641 0 0 0
0.0991667 0.762821 0 0 0
0.1 0.769231 0 0 0
0.100833 0.775641 0 0 0
0.101667 0.782051 0 0 0
0.1025 0.788462 0 0 0
0.103333 0.794872 0 0 0
0.104167 0.801282 0 0 0
0.105 0.807692 0 0 0
0.105833 0.814103 0 0 0
0.106667 0.820513 0 0 0
0.1075 0.826923 0 0 0
0.108333 0.833333 0 0 0
0.109167 0.839744 0 0 0
0.11 0.846154 0 0 0
0.110833 0.852564 0 0 0
0.111667 0.858974 0 0 0
0.1125 0.865385 0 0 0
0.113333 0.871795 0 0 0
0.114167 0.878205 0 0 0
0.115 0.884615 0 0 0
0.115833 0.891026 0 0 0
0.116667 0.897436 0 0 0
0.1175 0.903846 0 0 0
0.118333 0.910256 0 0 0
0.119167 0.916667 0 0 0
0.12 0.923077 0 0 0
0.120833 0.929487 0 0 0
0.121667 0.935897 0 0 0
0.1225 0.942308 0 0 0
0.123333 0.948718 0 0 0
0.124167 0.955128 0 0 0
0.125 0.961538 0 0 0
0.125833 0.967949 0 0 0
0.126667 0.974359 0 0 0
0.1275 0.980769 0 0 0
0.128333 0.987179 0 0 0
0.129167 0.99359 0 0 0
0.13 1 0 0 0
0.130833 0.979167 0.0208333 0 0
0.131667 0.958333 0.0416667 0 0
0.1325 0.9375 0.0625 0 0
0.133333 0.916667 0.0833333 0 0
0.134167 0.895833 0.104167 0 0
0.135 0.875 0.125 0 0
0.135833 0.854167 0.145833 0 0
0.136667 0.833333 0.166667 0 0
0.1375 0.8125 0.1875 0 0
0.138333 0.791667 0.208333 0 0
0.139167 0.770833 0.229167 0 0
0.14 0.75 0.25 0 0
0.140833 0.729167 0.270833 0 0
0.141667 0.708333 0.291667 0 0
0.1425 0.6875 0.3125 0 0
0.143333 0.666667 0.333333 0 0
0.144167 0.645833 0.354167 0 0
0.145 0.625 0.375 0 0
0.145833 0.604167 0.395833 0 0
0.146667 0.583333 0.416667 0 0
0.1475 0.5625 0.4375 0 0
0.148333 0.541667 0.458333 0 0
0.149167 0.520833 0.479167 0 0
0.15 0.5 0.5 0 0
0.150833 0.479167 0.520833 0 0
0.151667 0.458333 0.541667 0 0
0.1525 0.4375 0.5625 0 0
0.153333 0.416667 0.583333 0 0
0.154167 0.395833 0.604167 0 0
0.155 0.375 0.625 0 0
0.155833 0.354167 0.645833 0 0
0.156667 0.333333 0.666667 0 0
0.1575 0.3125 0.6875 0 0
0.158333 0.291667 0.708333 0 0
0.159167 0.270833 0.729167 0 0
0.16 0.25 0.75 0 0
0.160833 0.229167 0.770833 0 0
0.161667 0.208333 0.791667 0 0
0.1625 0.1875 0.8125 0 0
0.163333 0.166667 0.833333 0 0
0.164167 0.145833 0.854167 0 0
0.165 0.125 0.875 0 0
0.165833 0.104167 0.895833 0 0
0.166667 0.0833333 0.916667 0 0
0.1675 0.0625 0.9375 0 0
0.168333 0.0416667 0.958333 0 0
0.169167 0.0208333 0.979167 0 0
0.17 0 1 1.06752e-16 0
0.170833 0 0.996795 0.00320513 0
0.171667 0 0.99359 0.00641026 0
0.1725 0 0.990385 0.00961538 0
0.173333 0 0.987179 0.0128205 0
0.174167 0 0.983974 0.0160256 0
0.175 0 0.980769 0.0192308 0
0.175833 0 0.977564 0.0224359 0
0.176667 0 0.974359 0.025641 0
0.1775 0 0.971154 0.0288462 0
0.178333 0 0.967949 0.0320513 0
0.179167 0 0.964744 0.0352564 0
0.18 0 0.961538 0.0384615 0
0.180833 0 0.958333 0.0416667 0
0.181667 0 0.955128 0.0448718 0
0.1825 0 0.951923 0.0480769 0
0.183333 0 0.948718 0.0512821 0
0.184167 0 0.945513 0.0544872 0
0.185 0 0.942308 0.0576923 0
0.185833 0 0.939103 0.0608974 0
0.186667 0 0.935897 0.0641026 0
0.1875 0 0.932692 0.0673077 0
0.188333 0 0.929487 0.0705128 0
0.189167 0 0.926282 0.0737179 0
0.19 0 0.923077 0.0769231 0
0.190833 0 0.919872 0.0801282 0
0.191667 0 0.916667 0.0833333 0
0.1925 0 0.913462 0.0865385 0
0.193333 0 0.910256 0.0897436 0
0.194167 0 0.907051 0.0929487 0
0.195 0 0.903846 0.0961538 0
0.195833 0 0.900641 0.099359 0
0.196667 0 0.897436 0.102564 0
0.1975 0 0.894231 0.105769 0
0.198333 0 0.891026 0.108974 0
0.199167 0 0.887821 0.112179 0
0.2 0 0.884615 0.115385 0
0.200833 0 0.88141 0.11859 0
0.201667 0 0.878205 0.121795 0
0.2025 0 0.875 0.125 0
0.203333 0 0.871795 0.128205 0
0.204167 0 0.86859 0.13141 0
0.205 0 0.865385 0.134615 0
0.205833 0 0.862179 0.137821 0
0.206667 0 0.858974 0.141026 0
0.2075 0 0.855769 0.144231 0
0.208333 0 0.852564 0.147436 0
0.209167 0 0.849359 0.150641 0
0.21 0 0.846154 0.153846 0
0.210833 0 0.842949 0.157051 0
0.211667 0 0.839744 0.160256 0
0.2125 0 0.836538 0.163462 0
0.213333 0 0.833333 0.166667 0
0.214167 0 0.830128 0.169872 0
0.215 0 0.826923 0.173077 0
0.215833 0 0.823718 0.176282 0
0.216667 0 0.820513 0.179487 0
0.2175 0 0.817308 0.182692 0
0.218333 0 0.814103 0.185897 0
0.219167 0 0.810897 0.189103 0
0.22 0 0.807692 0.192308 0
0.220833 0 0.804487 0.195513 0
0.221667 0 0.801282 0.198718 0
0.2225 0 0.798077 0.201923 0
0.223333 0 0.794872 0.205128 0
0.224167 0 0.791667 0.208333 0
0.225 0 0.788462 0.211538 0
0.225833 0 0.785256 0.214744 0
0.226667 0 0.782051 0.217949 0
0.2275 0 0.778846 0.221154 0
0.228333 0 0.775641 0.224359 0
0.229167 0 0.772436 0.227564 0
0.23 0 0.769231 0.230769 0
0.230833 0 0.766026 0.233974 0
0.231667 0 0.762821 0.237179 0
0.2325 0 0.759615 0.240385 0
0.233333 0 0.75641 0.24359 0
0.234167 0 0.753205 0.246795 0
0.235 0 0.75 0.25 0
0.235833 0 0.746795 0.253205 0
0.236667 0 0.74359 0.25641 0
0.2375 0 0.740385 0.259615 0
0.238333 0 0.737179 0.262821 0
0.239167 0 0.733974 0.266026 0
0.24 0 0.730769 0.269231 0
0.240833 0 0.727564 0.272436 0
0.241667 0 0.724359 0.275641 0
0.2425 0 0.721154 0.278846 0
0.243333 0 0.717949 0.282051 0
0.244167 0 0.714744 0.285256 0
0.245 0 0.711538 0.288462 0
0.245833 0 0.708333 0.291667 0
0.246667 0 0.705128 0.294872 0
0.2475 0 0.701923 0.298077 0
0.248333 0 0.698718 0.301282 0
0.249167 0 0.695513 0.304487 0
0.25 0 0.692308 0.307692 0
0.250833 0 0.689103 0.310897 0
0.251667 0 0.685897 0.314103 0
0.2525 0 0.682692 0.317308 0
0.253333 0 0.679487 0.320513 0
0.254167 0 0.676282 0.323718 0
0.255 0 0.673077 0.326923 0
0.255833 0 0.669872 0.330128 0
0.256667 0 0.666667 0.333333 0
0.2575 0 0.663462 0.336538 0
0.258333 0 0.660256 0.339744 0
0.259167 0 0.657051 0.342949 0
0.26 0 0.653846 0.346154 0
0.260833 0 0.650641 0.349359 0
0.261667 0 0.647436 0.352564 0
0.2625 0 0.644231 0.355769 0
0.263333 0 0.641026 0.358974 0
0.264167 0 0.637821 0.362179 0
0.265 0 0.634615 0.365385 0
0.265833 0 0.63141 0.36859 0
0.266667 0 0.628205 0.371795 0
0.2675 0 0.625 0.375 0
0.268333 0 0.621795 0.378205 0
0.269167 0 0.61859 0.38141 0
0.27 0 0.615385 0.384615 0
0.270833 0 0.612179 0.387821 0
0.271667 0 0.608974 0.391026 0
0.2725 0 0.605769 0.394231 0
0.273333 0 0.602564 0.397436 0
0.274167 0 0.599359 0.400641 0
0.275 0 0.596154 0.403846 0
0.275833 0 0.592949 0.407051 0
0.276667 0 0.589744 0.410256 0
0.2775 0 0.586538 0.413462 0
0.278333 0 0.583333 0.416667 0
0.279167 0 0.580128 0.419872 0
0.28 0 0.576923 0.423077 0
0.280833 0 0.573718 0.426282 0
0.281667 0 0.570513 0.429487 0
0.2825 0 0.567308 0.432692 0
0.283333 0 0.564103 0.435897 0
0.284167 0 0.560897 0.439103 0
0.285 0 0.557692 0.442308 0
0.285833 0 0.554487 0.445513 0
0.286667 0 0.551282 0.448718 0
0.2875 0 0.548077 0.451923 0
0.288333 0 0.544872 0.455128 0
0.289167 0 0.541667 0.458333 0
0.29 0 0.538462 0.461538 0
0.290833 0 0.535256 0.464744 0
0.291667 0 0.532051 0.467949 0
0.2925 0 0.528846 0.471154 0
0.293333 0 0.525641 0.474359 0
0.294167 0 0.522436 0.477564 0
0.295 0 0.519231 0.480769 0
0.295833 0 0.516026 0.483974 0
0.296667 0 0.512821 0.487179 0
0.2975 0 0.509615 0.490385 0
0.298333 0 0.50641 0.49359 0
0.299167 0 0.503205 0.496795 0
0.3 0 0.5 0.5 0
0.300833 0 0.496795 0.503205 0
0.301667 0 0.49359 0.50641 0
0.3025 0 0.490385 0.509615 0
0.303333 0 0.487179 0.512821 0
0.304167 0 0.483974 0.516026 0
0.305 0 0.480769 0.519231 0
0.305833 0 0.477564 0.522436 0
0.306667 0 0.474359 0.525641 0
0.3075 0 0.471154 0.528846 0
0.308333 0 0.467949 0.532051 0
0.309167 0 0.464744 0.535256 0
0.31 0 0.461538 0.538462 0
0.310833 0 0.458333 0.541667 0
0.311667 0 0.455128 0.544872 0
0.3125 0 0.451923 0.548077 0
0.313333 0 0.448718 0.551282 0
0.314167 0 0.445513 0.554487 0
0.315 0 0.442308 0.557692 0
0.315833 0 0.439103 0.560897 0
0.316667 0 0.435897 0.564103 0
0.3175 0 0.432692 0.567308 0
0.318333 0 0.429487 0.570513 0
0.319167 0 0.426282 0.573718 0
0.32 0 0.423077 0.576923 0
0.320833 0 0.419872 0.580128 0
0.321667 0 0.416667 0.583333 0
0.3225 0 0.413462 0.586538 0
0.323333 0 0.410256 0.589744 0
0.324167 0 0.407051 0.592949 0
0.325 0 0.403846 0.596154 0
0.325833 0 0.400641 0.599359 0
0.326667 0 0.397436 0.602564 0
0.3275 0 0.394231 0.605769 0
0.328333 0 0.391026 0.608974 0
0.329167 0 0.387821 0.612179 0
0.33 0 0.384615 0.615385 0
0.330833 0 0.38141 0.61859 0
0.331667 0 0.378205 0.621795 0
0.3325 0 0.375 0.625 0
0.333333 0 0.371795 0.628205 0
0.334167 0 0.36859 0.63141 0
0.335 0 0.365385 0.634615 0
0.335833 0 0.362179 0.637821 0
0.336667 0 0.358974 0.641026 0
0.3375 0 0.355769 0.644231 0
0.338333 0 0.352564 0.647436 0
0.339167 0 0.349359 0.650641 0
0.34 0 0.346154 0.653846 0
0.340833 0 0.342949 0.657051 0
0.341667 0 0.339744 0.660256 0
0.3425 0 0.336538 0.663462 0
0.343333 0 0.333333 0.666667 0
0.344167 0 0.330128 0.669872 0
0.345 0 0.326923 0.673077 0
0.345833 0 0.323718 0.676282 0
0.346667 0 0.320513 0.679487 0
0.3475 0 0.317308 0.682692 0
0.348333 0 0.314103 0.685897 0
0.349167 0 0.310897 0.689103 0
0.35 0 0.307692 0.692308 0
0.350833 0 0.304487 0.695513 0
0.351667 0 0.301282 0.698718 0
0.3525 0 0.298077 0.701923 0
0.353333 0 0.294872 0.705128 0
0.354167 0 0.291667 0.708333 0
0.355 0 0.288462 0.711538 0
0.355833 0 0.285256 0.714744 0
0.356667 0 0.282051 0.717949 0
0.3575 0 0.278846 0.721154 0
0.358333 0 0.275641 0.724359 0
0.359167 0 0.272436 0.727564 0
0.36 0 0.269231 0.730769 0
0.360833 0 0.266026 0.733974 0
0.361667 0 0.262821 0.737179 0
0.3625 0 0.259615 0.740385 0
0.363333 0 0.25641 0.74359 0
0.364167 0 0.253205 0.746795 0
0.365 0 0.25 0.75 0
0.365833 0 0.246795 0.753205 0
0.366667 0 0.24359 0.75641 0
0.3675 0 0.240385 0.759615 0
0.368333 0 0.237179 0.762821 0
0.369167 0 0.233974 0.766026 0
0.37 0 0.230769 0.769231 0
0.370833 0 0.227564 0.772436 0
0.371667 0 0.224359 0.775641 0
0.3725 0 0.221154 0.778846 0
0.373333 0 0.217949 0.782051 0
0.374167 0 0.214744 0.785256 0
0.375 0 0.211538 0.788462 0
0.375833 0 0.208333 0.791667 0
0.376667 0 0.205128 0.794872 0
0.3775 0 0.201923 0.798077 0
0.378333 0 0.198718 0.801282 0
0.379167 0 0.195513 0.804487 0
0.38 0 0.192308 0.807692 0
0.380833 0 0.189103 0.810897 0
0.381667 0 0.185897 0.814103 0
0.3825 0 0.182692 0.817308 0
0.383333 0 0.179487 0.820513 0
0.384167 0 0.176282 0.823718 0
0.385 0 0.173077 0.826923 0
0.385833 0 0.169872 0.830128 0
0.386667 0 0.166667 0.833333 0
0.3875 0 0.163462 0.836538 0
0.388333 0 0.160256 0.839744 0
0.389167 0 0.157051 0.842949 0
0.39 0 0.153846 0.846154 0
0.390833 0 0.150641 0.849359 0
0.391667 0 0.147436 0.852564 0
0.3925 0 0.144231 0.855769 0
0.393333 0 0.141026 0.858974 0
0.394167 0 0.137821 0.862179 0
0.395 0 0.134615 0.865385 0
0.395833 0 0.13141 0.86859 0
0.396667 0 0.128205 0.871795 0
0.3975 0 0.125 0.875 0
0.398333 0 0.121795 0.878205 0
0.399167 0 0.11859 0.88141 0
0.4 0 0.115385 0.884615 0
0.400833 0 0.112179 0.887821 0
0.401667 0 0.108974 0.891026 0
0.4025 0 0.105769 0.894231 0
0.403333 0 0.102564 0.897436 0
0.404167 0 0.099359 0.900641 0
0.405 0 0.0961538 0.903846 0
0.405833 0 0.0929487 0.907051 0
0.406667 0 0.0897436 0.910256 0
0.4075 0 0.0865385 0.913462 0
0.408333 0 0.0833333 0.916667 0
0.409167 0 0.0801282 0.919872 0
0.41 0 0.0769231 0.923077 0
0.410833 0 0.0737179 0.926282 0
0.411667 0 0.0705128 0.929487 0
0.4125 0 0.0673077 0.932692 0
0.413333 0 0.0641026 0.935897 0
0.414167 0 0.0608974 0.939103 0
0.415 0 0.0576923 0.942308 0
0.415833 0 0.0544872 0.945513 0
0.416667 0 0.0512821 0.948718 0
0.4175 0 0.0480769 0.951923 0
0.418333 0 0.0448718 0.955128 0
0.419167 0 0.0416667 0.958333 0
0.42 0 0.0384615 0.961538 0
0.420833 0 0.0352564 0.964744 0
0.421667 0 0.0320513 0.967949 0
0.4225 0 0.0288462 0.971154 0
0.423333 0 0.025641 0.974359 0
0.424167 0 0.0224359 0.977564 0
0.425 0 0.0192308 0.980769 0
0.425833 0 0.0160256 0.983974 0
0.426667 0 0.0128205 0.987179 0
0.4275 0 0.00961538 0.990385 0
0.428333 0 0.00641026 0.99359 0
0.429167 0 0.00320513 0.996795 0
0.43 0 0 1 1.38778e-15
0.430833 0 0 0.979167 0.0208333
0.431667 0 0 0.958333 0.0416667
0.4325 0 0 0.9375 0.0625
0.433333 0 0 0.916667 0.0833333
0.434167 0 0 0.895833 0.104167
0.435 0 0 0.875 0.125
0.435833 0 0 0.854167 0.145833
0.436667 0 0 0.833333 0.166667
0.4375 0 0 0.8125 0.1875
0.438333 0 0 0.791667 0.208333
0.439167 0 0 0.770833 0.229167
0.44 0 0 0.75 0.25
0.440833 0 0 0.729167 0.270833
0.441667 0 0 0.708333 0.291667
0.4425 0 0 0.6875 0.3125
0.443333 0 0 0.666667 0.333333
0.444167 0 0 0.645833 0.354167
0.445 0 0 0.625 0.375
0.445833 0 0 0.604167 0.395833
0.446667 0 0 0.583333 0.416667
0.4475 0 0 0.5625 0.4375
0.448333 0 0 0.541667 0.458333
0.449167 0 0 0.520833 0.479167
0.45 0 0 0.5 0.5
0.450833 0 0 0.479167 0.520833
0.451667 0 0 0.458333 0.541667
0.4525 0 0 0.4375 0.5625
0.453333 0 0 0.416667 0.583333
0.454167 0 0 0.395833 0.604167
0.455 0 0 0.375 0.625
0.455833 0 0 0.354167 0.645833
0.456667 0 0 0.333333 0.666667
0.4575 0 0 0.3125 0.6875
0.458333 0 0 0.291667 0.708333
0.459167 0 0 0.270833 0.729167
0.46 0 0 0.25 0.75
0.460833 0 0 0.229167 0.770833
0.461667 0 0 0.208333 0.791667
0.4625 0 0 0.1875 0.8125
0.463333 0 0 0.166667 0.833333
0.464167 0 0 0.145833 0.854167
0.465 0 0 0.125 0.875
0.465833 0 0 0.104167 0.895833
0.466667 0 0 0.0833333 0.916667
0.4675 0 0 0.0625 0.9375
0.468333 0 0 0.0416667 0.958333
0.469167 0 0 0.0208333 0.979167
0.47 0 0 0 1
0.470833 0 0 0 0.998428
0.471667 0 0 0 0.996855
0.4725 0 0 0 0.995283
0.473333 0 0 0 0.993711
0.474167 0 0 0 0.992138
0.475 0 0 0 0.990566
0.475833 0 0 0 0.988994
0.476667 0 0 0 0.987421
0.4775 0 0 0 0.985849
0.478333 0 0 0 0.984277
0.479167 0 0 0 0.982704
0.48 0 0 0 0.981132
0.480833 0 0 0 0.97956
0.481667 0 0 0 0.977987
0.4825 0 0 0 0.976415
0.483333 0 0 0 0.974843
0.484167 0 0 0 0.97327
0.485 0 0 0 0.971698
0.485833 0 0 0 0.970126
0.486667 0 0 0 0.968553
0.4875 0 0 0 0.966981
0.488333 0 0 0 0.965409
0.489167 0 0 0 0.963836
0.49 0 0 0 0.962264
0.490833 0 0 0 0.960692
0.491667 0 0 0 0.959119
0.4925 0 0 0 0.957547
0.493333 0 0 0 0.955975
0.494167 0 0 0 0.954403
0.495 0 0 0 0.95283
0.495833 0 0 0 0.951258
0.496667 0 0 0 0.949686
0.4975 0 0 0 0.948113
0.498333 0 0 0 0.946541
0.499167 0 0 0 0.944969
0.5 0 0 0 0.943396
0.500833 0 0 0 0.941824
0.501667 0 0 0 0.940252
0.5025 0 0 0 0.938679
0.503333 0 0 0 0.937107
0.504167 0 0 0 0.935535
0.505 0 0 0 0.933962
0.505833 0 0 0 0.93239
0.506667 0 0 0 0.930818
0.5075 0 0 0 0.929245
0.508333 0 0 0 0.927673
0.509167 0 0 0 0.926101
0.51 0 0 0 0.924528
0.510833 0 0 0 0.922956
0.511667 0 0 0 0.921384
0.5125 0 0 0 0.919811
0.513333 0 0 0 0.918239
0.514167 0 0 0 0.916667
0.515 0 0 0 0.915094
0.515833 0 0 0 0.913522
0.516667 0 0 0 0.91195
0.5175 0 0 0 0.910377
0.518333 0 0 0 0.908805
0.519167 0 0 0 0.907233
0.52 0 0 0 0.90566
0.520833 0 0 0 0.904088
0.521667 0 0 0 0.902516
0.5225 0 0 0 0.900943
0.523333 0 0 0 0.899371
0.524167 0 0 0 0.897799
0.525 0 0 0 0.896226
0.525833 0 0 0 0.894654
0.526667 0 0 0 0.893082
0.5275 0 0 0 0.891509
0.528333 0 0 0 0.889937
0.529167 0 0 0 0.888365
0.53 0 0 0 0.886792
0.530833 0 0 0 0.88522
0.531667 0 0 0 0.883648
0.5325 0 0 0 0.882075
0.533333 0 0 0 0.880503
0.534167 0 0 0 0.878931
0.535 0 0 0 0.877358
0.535833 0 0 0 0.875786
0.536667 0 0 0 0.874214
0.5375 0 0 0 0.872642
0.538333 0 0 0 0.871069
0.539167 0 0 0 0.869497
0.54 0 0 0 0.867925
0.540833 0 0 0 0.866352
0.541667 0 0 0 0.86478
0.5425 0 0 0 0.863208
0.543333 0 0 0 0.861635
0.544167 0 0 0 0.860063
0.545 0 0 0 0.858491
0.545833 0 0 0 0.856918
0.546667 0 0 0 0.855346
0.5475 0 0 0 0.853774
0.548333 0 0 0 0.852201
0.549167 0 0 0 0.850629
0.55 0 0 0 0.849057
0.550833 0 0 0 0.847484
0.551667 0 0 0 0.845912
0.5525 0 0 0 0.84434
0.553333 0 0 0 0.842767
0.554167 0 0 0 0.841195
0.555 0 0 0 0.839623
0.555833 0 0 0 0.83805
0.556667 0 0 0 0.836478
0.5575 0 0 0 0.834906
0.558333 0 0 0 0.833333
0.559167 0 0 0 0.831761
0.56 0 0 0 0.830189
0.560833 0 0 0 0.828616
0.561667 0 0 0 0.827044
0.5625 0 0 0 0.825472
0.563333 0 0 0 0.823899
0.564167 0 0 0 0.822327
0.565 0 0 0 0.820755
0.565833 0 0 0 0.819182
0.566667 0 0 0 0.81761
0.5675 0 0 0 0.816038
0.568333 0 0 0 0.814465
0.569167 0 0 0 0.812893
0.57 0 0 0 0.811321
0.570833 0 0 0 0.809748
0.571667 0 0 0 0.808176
0.5725 0 0 0 0.806604
0.573333 0 0 0 0.805031
0.574167 0 0 0 0.803459
0.575 0 0 0 0.801887
0.575833 0 0 0 0.800314
0.576667 0 0 0 0.798742
0.5775 0 0 0 0.79717
0.578333 0 0 0 0.795597
0.579167 0 0 0 0.794025
0.58 0 0 0 0.792453
0.580833 0 0 0 0.790881
0.581667 0 0 0 0.789308
0.5825 0 0 0 0.787736
0.583333 0 0 0 0.786164
0.584167 0 0 0 0.784591
0.585 0 0 0 0.783019
0.585833 0 0 0 0.781447
0.586667 0 0 0 0.779874
0.5875 0 0 0 0.778302
0.588333 0 0 0 0.77673
0.589167 0 0 0 0.775157
0.59 0 0 0 0.773585
0.590833 0 0 0 0.772013
0.591667 0 0 0 0.77044
0.5925 0 0 0 0.768868
0.593333 0 0 0 0.767296
0.594167 0 0 0 0.765723
0.595 0 0 0 0.764151
0.595833 0 0 0 0.762579
0.596667 0 0 0 0.761006
0.5975 0 0 0 0.759434
0.598333 0 0 0 0.757862
0.599167 0 0 0 0.756289
0.6 0 0 0 0.754717
0.600833 0 0 0 0.753145
0.601667 0 0 0 0.751572
0.6025 0 0 0 0.75
0.603333 0 0 0 0.748428
0.604167 0 0 0 0.746855
0.605 0 0 0 0.745283
0.605833 0 0 0 0.743711
0.606667 0 0 0 0.742138
0.6075 0 0 0 0.740566
0.608333 0 0 0 0.738994
0.609167 0 0 0 0.737421
0.61 0 0 0 0.735849
0.610833 0 0 0 0.734277
0.611667 0 0 0 0.732704
0.6125 0 0 0 0.731132
0.613333 0 0 0 0.72956
0.614167 0 0 0 0.727987
0.615 0 0 0 0.726415
0.615833 0 0 0 0.724843
0.616667 0 0 0 0.72327
0.6175 0 0 0 0.721698
0.618333 0 0 0 0.720126
0.619167 0 0 0 0.718553
0.62 0 0 0 0.716981
0.620833 0 0 0 0.715409
0.621667 0 0 0 0.713836
0.6225 0 0 0 0.712264
0.623333 0 0 0 0.710692
0.624167 0 0 0 0.709119
0.625 0 0 0 0.707547
0.625833 0 0 0 0.705975
0.626667 0 0 0 0.704403
0.6275 0 0 0 0.70283
0.628333 0 0 0 0.701258
0.629167 0 0 0 0.699686
0.63 0 0 0 0.698113
0.630833 0 0 0 0.696541
0.631667 0 0 0 0.694969
0.6325 0 0 0 0.693396
0.633333 0 0 0 0.691824
0.634167 0 0 0 0.690252
0.635 0 0 0 0.688679
0.635833 0 0 0 0.687107
0.636667 0 0 0 0.685535
0.6375 0 0 0 0.683962
0.638333 0 0 0 0.68239
0.639167 0 0 0 0.680818
0.64 0 0 0 0.679245
0.640833 0 0 0 0.677673
0.641667 0 0 0 0.676101
0.6425 0 0 0 0.674528
0.643333 0 0 0 0.672956
0.644167 0 0 0 0.671384
0.645 0 0 0 0.669811
0.645833 0 0 0 0.668239
0.646667 0 0 0 0.666667
0.6475 0 0 0 0.665094
0.648333 0 0 0 0.663522
0.649167 0 0 0 0.66195
0.65 0 0 0 0.660377
0.650833 0 0 0 0.658805
0.651667 0 0 0 0.657233
0.6525 0 0 0 0.65566
0.653333 0 0 0 0.654088
0.654167 0 0 0 0.652516
0.655 0 0 0 0.650943
0.655833 0 0 0 0.649371
0.656667 0 0 0 0.647799
0.6575 0 0 0 0.646226
0.658333 0 0 0 0.644654
0.659167 0 0 0 0.643082
0.66 0 0 0 0.641509
0.660833 0 0 0 0.639937
0.661667 0 0 0 0.638365
0.6625 0 0 0 0.636792
0.663333 0 0 0 0.63522
0.664167 0 0 0 0.633648
0.665 0 0 0 0.632075
0.665833 0 0 0 0.630503
0.666667 0 0 0 0.628931
0.6675 0 0 0 0.627358
0.668333 0 0 0 0.625786
0.669167 0 0 0 0.624214
0.67 0 0 0 0.622642
0.670833 0 0 0 0.621069
0.671667 0 0 0 0.619497
0.6725 0 0 0 0.617925
0.673333 0 0 0 0.616352
0.674167 0 0 0 0.61478
0.675 0 0 0 0.613208
0.675833 0 0 0 0.611635
0.676667 0 0 0 0.610063
0.6775 0 0 0 0.608491
0.678333 0 0 0 0.606918
0.679167 0 0 0 0.605346
0.68 0 0 0 0.603774
0.680833 0 0 0 0.602201
0.681667 0 0 0 0.600629
0.6825 0 0 0 0.599057
0.683333 0 0 0 0.597484
0.684167 0 0 0 0.595912
0.685 0 0 0 0.59434
0.685833 0 0 0 0.592767
0.686667 0 0 0 0.591195
0.6875 0 0 0 0.589623
0.688333 0 0 0 0.58805
0.689167 0 0 0 0.586478
0.69 0 0 0 0.584906
0.690833 0 0 0 0.583333
0.691667 0 0 0 0.581761
0.6925 0 0 0 0.580189
0.693333 0 0 0 0.578616
0.694167 0 0 0 0.577044
0.695 0 0 0 0.575472
0.695833 0 0 0 0.573899
0.696667 0 0 0 0.572327
0.6975 0 0 0 0.570755
0.698333 0 0 0 0.569182
0.699167 0 0 0 0.56761
0.7 0 0 0 0.566038
0.700833 0 0 0 0.564465
0.701667 0 0 0 0.562893
0.7025 0 0 0 0.561321
0.703333 0 0 0 0.559748
0.704167 0 0 0 0.558176
0.705 0 0 0 0.556604
0.705833 0 0 0 0.555031
0.706667 0 0 0 0.553459
0.7075 0 0 0 0.551887
0.708333 0 0 0 0.550314
0.709167 0 0 0 0.548742
0.71 0 0 0 0.54717
0.710833 0 0 0 0.545597
0.711667 0 0 0 0.544025
0.7125 0 0 0 0.542453
0.713333 0 0 0 0.540881
0.714167 0 0 0 0.539308
0.715 0 0 0 0.537736
0.715833 0 0 0 0.536164
0.716667 0 0 0 0.534591
0.7175 0 0 0 0.533019
0.718333 0 0 0 0.531447
0.719167 0 0 0 0.529874
0.72 0 0 0 0.528302
0.720833 0 0 0 0.52673
0.721667 0 0 0 0.525157
0.7225 0 0 0 0.523585
0.723333 0 0 0 0.522013
0.724167 0 0 0 0.52044
0.725 0 0 0 0.518868
0.725833 0 0 0 0.517296
0.726667 0 0 0 0.515723
0.7275 0 0 0 0.514151
0.728333 0 0 0 0.512579
0.729167 0 0 0 0.511006
0.73 0 0 0 0.509434
0.730833 0 0 0 0.507862
0.731667 0 0 0 0.506289
0.7325 0 0 0 0.504717
0.733333 0 0 0 0.503145
0.734167 0 0 0 0.501572
0.735 0 0 0 0.5
0.735833 0 0 0 0.498428
0.736667 0 0 0 0.496855
0.7375 0 0 0 0.495283
0.738333 0 0 0 0.493711
0.739167 0 0 0 0.492138
0.74 0 0 0 0.490566
0.740833 0 0 0 0.488994
0.741667 0 0 0 0.487421
0.7425 0 0 0 0.485849
0.743333 0 0 0 0.484277
0.744167 0 0 0 0.482704
0.745 0 0 0 0.481132
0.745833 0 0 0 0.47956
0.746667 0 0 0 0.477987
0.7475 0 0 0 0.476415
0.748333 0 0 0 0.474843
0.749167 0 0 0 0.47327
0.75 0 0 0 0.471698
0.750833 0 0 0 0.470126
0.751667 0 0 0 0.468553
0.7525 0 0 0 0.466981
0.753333 0 0 0 0.465409
0.754167 0 0 0 0.463836
0.755 0 0 0 0.462264
0.755833 0 0 0 0.460692
0.756667 0 0 0 0.459119
0.7575 0 0 0 0.457547
0.758333 0 0 0 0.455975
0.759167 0 0 0 0.454403
0.76 0 0 0 0.45283
0.760833 0 0 0 0.451258
0.761667 0 0 0 0.449686
0.7625 0 0 0 0.448113
0.763333 0 0 0 0.446541
0.764167 0 0 0 0.444969
0.765 0 0 0 0.443396
0.765833 0 0 0 0.441824
0.766667 0 0 0 0.440252
0.7675 0 0 0 0.438679
0.768333 0 0 0 0.437107
0.769167 0 0 0 0.435535
0.77 0 0 0 0.433962
0.770833 0 0 0 0.43239
0.771667 0 0 0 0.430818
0.7725 0 0 0 0.429245
0.773333 0 0 0 0.427673
0.774167 0 0 0 0.426101
0.775 0 0 0 0.424528
0.775833 0 0 0 0.422956
0.776667 0 0 0 0.421384
0.7775 0 0 0 0.419811
0.778333 0 0 0 0.418239
0.779167 0 0 0 0.416667
0.78 0 0 0 0.415094
0.780833 0 0 0 0.413522
0.781667 0 0 0 0.41195
0.7825 0 0 0 0.410377
0.783333 0 0 0 0.408805
0.784167 0 0 0 0.407233
0.785 0 0 0 0.40566
0.785833 0 0 0 0.404088
0.786667 0 0 0 0.402516
0.7875 0 0 0 0.400943
0.788333 0 0 0 0.399371
0.789167 0 0 0 0.397799
0.79 0 0 0 0.396226
0.790833 0 0 0 0.394654
0.791667 0 0 0 0.393082
0.7925 0 0 0 0.391509
0.793333 0 0 0 0.389937
0.794167 0 0 0 0.388365
0.795 0 0 0 0.386792
0.795833 0 0 0 0.38522
0.796667 0 0 0 0.383648
0.7975 0 0 0 0.382075
0.798333 0 0 0 0.380503
0.799167 0 0 0 0.378931
0.8 0 0 0 0.377358
0.800833 0 0 0 0.375786
0.801667 0 0 0 0.374214
0.8025 0 0 0 0.372642
0.803333 0 0 0 0.371069
0.804167 0 0 0 0.369497
0.805 0 0 0 0.367925
0.805833 0 0 0 0.366352
0.806667 0 0 0 0.36478
0.8075 0 0 0 0.363208
0.808333 0 0 0 0.361635
0.809167 0 0 0 0.360063
0.81 0 0 0 0.358491
0.810833 0 0 0 0.356918
0.811667 0 0 0 0.355346
0.8125 0 0 0 0.353774
0.813333 0 0 0 0.352201
0.814167 0 0 0 0.350629
0.815 0 0 0 0.349057
0.815833 0 0 0 0.347484
0.816667 0 0 0 0.345912
0.8175 0 0 0 0.34434
0.818333 0 0 0 0.342767
0.819167 0 0 0 0.341195
0.82 0 0 0 0.339623
0.820833 0 0 0 0.33805
0.821667 0 0 0 0.336478
0.8225 0 0 0 0.334906
0.823333 0 0 0 0.333333
0.824167 0 0 0 0.331761
0.825 0 0 0 0.330189
0.825833 0 0 0 0.328616
0.826667 0 0 0 0.327044
0.8275 0 0 0 0.325472
0.828333 0 0 0 0.323899
0.829167 0 0 0 0.322327
0.83 0 0 0 0.320755
0.830833 0 0 0 0.319182
0.831667 0 0 0 0.31761
0.8325 0 0 0 0.316038
0.833333 0 0 0 0.314465
0.834167 0 0 0 0.312893
0.835 0 0 0 0.311321
0.835833 0 0 0 0.309748
0.836667 0 0 0 0.308176
0.8375 0 0 0 0.306604
0.838333 0 0 0 0.305031
0.839167 0 0 0 0.303459
0.84 0 0 0 0.301887
0.840833 0 0 0 0.300314
0.841667 0 0 0 0.298742
0.8425 0 0 0 0.29717
0.843333 0 0 0 0.295597
0.844167 0 0 0 0.294025
0.845 0 0 0 0.292453
0.845833 0 0 0 0.290881
0.846667 0 0 0 0.289308
0.8475 0 0 0 0.287736
0.848333 0 0 0 0.286164
0.849167 0 0 0 0.284591
0.85 0 0 0 0.283019
0.850833 0 0 0 0.281447
0.851667 0 0 0 0.279874
0.8525 0 0 0 0.278302
0.853333 0 0 0 0.27673
0.854167 0 0 0 0.275157
0.855 0 0 0 0.273585
0.855833 0 0 0 0.272013
0.856667 0 0 0 0.27044
0.8575 0 0 0 0.268868
0.858333 0 0 0 0.267296
0.859167 0 0 0 0.265723
0.86 0 0 0 0.264151
0.860833 0 0 0 0.262579
0.861667 0 0 0 0.261006
0.8625 0 0 0 0.259434
0.863333 0 0 0 0.257862
0.864167 0 0 0 0.256289
0.865 0 0 0 0.254717
0.865833 0 0 0 0.253145
0.866667 0 0 0 0.251572
0.8675 0 0 0 0.25
0.868333 0 0 0 0.248428
0.869167 0 0 0 0.246855
0.87 0 0 0 0.245283
0.870833 0 0 0 0.243711
0.871667 0 0 0 0.242138
0.8725 0 0 0 0.240566
0.873333 0 0 0 0.238994
0.874167 0 0 0 0.237421
0.875 0 0 0 0.235849
0.875833 0 0 0 0.234277
0.876667 0 0 0 0.232704
0.8775 0 0 0 0.231132
0.878333 0 0 0 0.22956
0.879167 0 0 0 0.227987
0.88 0 0 0 0.226415
0.880833 0 0 0 0.224843
0.881667 0 0 0 0.22327
0.8825 0 0 0 0.221698
0.883333 0 0 0 0.220126
0.884167 0 0 0 0.218553
0.885 0 0 0 0.216981
0.885833 0 0 0 0.215409
0.886667 0 0 0 0.213836
0.8875 0 0 0 0.212264
0.888333 0 0 0 0.210692
0.889167 0 0 0 0.209119
0.89 0 0 0 0.207547
0.890833 0 0 0 0.205975
0.891667 0 0 0 0.204403
0.8925 0 0 0 0.20283
0.893333 0 0 0 0.201258
0.894167 0 0 0 0.199686
0.895 0 0 0 0.198113
0.895833 0 0 0 0.196541
0.896667 0 0 0 0.194969
0.8975 0 0 0 0.193396
0.898333 0 0 0 0.191824
0.899167 0 0 0 0.190252
0.9 0 0 0 0.188679
0.900833 0 0 0 0.187107
0.901667 0 0 0 0.185535
0.9025 0 0 0 0.183962
0.903333 0 0 0 0.18239
0.904167 0 0 0 0.180818
0.905 0 0 0 0.179245
0.905833 0 0 0 0.177673
0.906667 0 0 0 0.176101
0.9075 0 0 0 0.174528
0.908333 0 0 0 0.172956
0.909167 0 0 0 0.171384
0.91 0 0 0 0.169811
0.910833 0 0 0 0.168239
0.911667 0 0 0 0.166667
0.9125 0 0 0 0.165094
0.913333 0 0 0 0.163522
0.914167 0 0 0 0.16195
0.915 0 0 0 0.160377
0.915833 0 0 0 0.158805
0.916667 0 0 0 0.157233
0.9175 0 0 0 0.15566
0.918333 0 0 0 0.154088
0.919167 0 0 0 0.152516
0.92 0 0 0 0.150943
0.920833 0 0 0 0.149371
0.921667 0 0 0 0.147799
0.9225 0 0 0 0.146226
0.923333 0 0 0 0.144654
0.924167 0 0 0 0.143082
0.925 0 0 0 0.141509
0.925833 0 0 0 0.139937
0.926667 0 0 0 0.138365
0.9275 0 0 0 0.136792
0.928333 0 0 0 0.13522
0.929167 0 0 0 0.133648
0.93 0 0 0 0.132075
0.930833 0 0 0 0.130503
0.931667 0 0 0 0.128931
0.9325 0 0 0 0.127358
0.933333 0 0 0 0.125786
0.934167 0 0 0 0.124214
0.935 0 0 0 0.122642
0.935833 0 0 0 0.121069
0.936667 0 0 0 0.119497
0.9375 0 0 0 0.117925
0.938333 0 0 0 0.116352
0.939167 0 0 0 0.11478
0.94 0 0 0 0.113208
0.940833 0 0 0 0.111635
0.941667 0 0 0 0.110063
0.9425 0 0 0 0.108491
0.943333 0 0 0 0.106918
0.944167 0 0 0 0.105346
0.945 0 0 0 0.103774
0.945833 0 0 0 0.102201
0.946667 0 0 0 0.100629
0.9475 0 0 0 0.0990566
0.948333 0 0 0 0.0974843
0.949167 0 0 0 0.0959119
0.95 0 0 0 0.0943396
0.950833 0 0 0 0.0927673
0.951667 0 0 0 0.091195
0.9525 0 0 0 0.0896226
0.953333 0 0 0 0.0880503
0.954167 0 0 0 0.086478
0.955 0 0 0 0.0849057
0.955833 0 0 0 0.0833333
0.956667 0 0 0 0.081761
0.9575 0 0 0 0.0801887
0.958333 0 0 0 0.0786164
0.959167 0 0 0 0.077044
0.96 0 0 0 0.0754717
0.960833 0 0 0 0.0738994
0.961667 0 0 0 0.072327
0.9625 0 0 0 0.0707547
0.963333 0 0 0 0.0691824
0.964167 0 0 0 0.0676101
0.965 0 0 0 0.0660377
0.965833 0 0 0 0.0644654
0.966667 0 0 0 0.0628931
0.9675 0 0 0 0.0613208
0.968333 0 0 0 0.0597484
0.969167 0 0 0 0.0581761
0.97 0 0 0 0.0566038
0.970833 0 0 0 0.0550314
0.971667 0 0 0 0.0534591
0.9725 0 0 0 0.0518868
0.973333 0 0 0 0.0503145
0.974167 0 0 0 0.0487421
0.975 0 0 0 0.0471698
0.975833 0 0 0 0.0455975
0.976667 0 0 0 0.0440252
0.9775 0 0 0 0.0424528
0.978333 0 0 0 0.0408805
0.979167 0 0 0 0.0393082
0.98 0 0 0 0.0377358
0.980833 0 0 0 0.0361635
0.981667 0 0 0 0.0345912
0.9825 0 0 0 0.0330189
0.983333 0 0 0 0.0314465
0.984167 0 0 0 0.0298742
0.985 0 0 0 0.0283019
0.985833 0 0 0 0.0267296
0.986667 0 0 0 0.0251572
0.9875 0 0 0 0.0235849
0.988333 0 0 0 0.0220126
0.989167 0 0 0 0.0204403
0.99 0 0 0 0.0188679
0.990833 0 0 0 0.0172956
0.991667 0 0 0 0.0157233
0.9925 0 0 0 0.0141509
0.993333 0 0 0 0.0125786
0.994167 0 0 0 0.0110063
0.995 0 0 0 0.00943396
0.995833 0 0 0 0.00786164
0.996667 0 0 0 0.00628931
0.9975 0 0 0 0.00471698
0.998333 0 0 0 0.00314465
0.999167 0 0 0 0.00157233
1 0 0 0 0
