x u v
0 0 0
0.025 0.17203 0.03
0.05 0.339552 0.06
0.075 0.498242 0.09
0.1 0.644131 0.12
0.125 0.773765 0.15
0.15 0.884337 0.18
0.175 0.973785 0.21
0.2 1.04086 0.24
0.225 1.08516 0.27
0.25 1.10711 0.3
0.275 1.1079 0.33
0.3 1.08944 0.36
0.325 1.05421 0.39
0.35 1.00513 0.42
0.375 0.94541 0.45
0.4 0.878402 0.48
0.425 0.807411 0.51
0.45 0.735556 0.54
0.475 0.665634 0.57
0.5 0.6 0.6
0.525 0.540486 0.57
0.55 0.488343 0.54
0.575 0.444219 0.51
0.6 0.408174 0.48
0.625 0.379724 0.45
0.65 0.357912 0.42
0.675 0.341401 0.39
0.7 0.328594 0.36
0.725 0.317749 0.33
0.75 0.307107 0.3
0.775 0.295011 0.27
0.8 0.280017 0.24
0.825 0.26098 0.21
0.85 0.237123 0.18
0.875 0.20808 0.15
0.9 0.173903 0.12
0.925 0.13505 0.09
0.95 0.0923389 0.06
0.975 0.0468826 0.03
1 7.34788e-17 7.34788e-17
