x u v
0 0 0
0.025 0.17203 0.110711
0.05 0.339552 0.221421
0.075 0.498242 0.332132
0.1 0.644131 0.442843
0.125 0.773765 0.553553
0.15 0.884337 0.664264
0.175 0.973785 0.774975
0.2 1.04086 0.885685
0.225 1.08516 0.996396
0.25 1.10711 1.10711
0.275 1.1079 1.0564
0.3 1.08944 1.00569
0.325 1.05421 0.954975
0.35 1.00513 0.904264
0.375 0.94541 0.853553
0.4 0.878402 0.802843
0.425 0.807411 0.752132
0.45 0.735556 0.701421
0.475 0.665634 0.650711
0.5 0.6 0.6
0.525 0.540486 0.570711
0.55 0.488343 0.541421
0.575 0.444219 0.512132
0.6 0.408174 0.482843
0.625 0.379724 0.453553
0.65 0.357912 0.424264
0.675 0.341401 0.394975
0.7 0.328594 0.365685
0.725 0.317749 0.336396
0.75 0.307107 0.307107
0.775 0.295011 0.276396
0.8 0.280017 0.245685
0.825 0.26098 0.214975
0.85 0.237123 0.184264
0.875 0.20808 0.153553
0.9 0.173903 0.122843
0.925 0.13505 0.092132
0.95 0.0923389 0.0614214
0.975 0.0468826 0.0307107
1 7.34788e-17 7.34788e-17
