x s
0.3 -0.0124598
0.3005 -0.0119411
0.301 -0.0113859
0.3015 -0.0107956
0.302 -0.0101718
0.3025 -0.00951603
0.303 -0.00883009
0.3035 -0.00811578
0.304 -0.00737504
0.3045 -0.00660984
0.305 -0.00582228
0.3055 -0.00501449
0.306 -0.0041887
0.3065 -0.00334717
0.307 -0.00249226
0.3075 -0.00162632
0.308 -0.000751792
0.3085 0.000128871
0.309 0.00101318
0.3095 0.00189864
0.31 0.0027827
0.3105 0.00366286
0.311 0.00453657
0.3115 0.0054013
0.312 0.00625456
0.3125 0.00709384
0.313 0.00791668
0.3135 0.00872066
0.314 0.00950339
0.3145 0.0102625
0.315 0.0109958
0.3155 0.011701
0.316 0.012376
0.3165 0.0130186
0.317 0.013627
0.3175 0.0141991
0.318 0.0147333
0.3185 0.0152277
0.319 0.0156808
0.3195 0.016091
0.32 0.0164571
0.3205 0.0167777
0.321 0.0170516
0.3215 0.0172779
0.322 0.0174557
0.3225 0.0175843
0.323 0.0176629
0.3235 0.0176912
0.324 0.0176688
0.3245 0.0175955
0.325 0.0174713
0.3255 0.0172962
0.326 0.0170705
0.3265 0.0167945
0.327 0.0164689
0.3275 0.0160942
0.328 0.0156713
0.3285 0.0152012
0.329 0.0146849
0.3295 0.0141237
0.33 0.0135189
0.3305 0.012872
0.331 0.0121847
0.3315 0.0114586
0.332 0.0106958
0.3325 0.00989804
0.333 0.00906755
0.3335 0.0082065
0.334 0.00731717
0.3345 0.00640195
0.335 0.00546331
0.3355 0.0045038
0.336 0.00352605
0.3365 0.00253276
0.337 0.00152667
0.3375 0.00051059
0.338 -0.000512638
0.3385 -0.00154013
0.339 -0.00256897
0.3395 -0.00359623
0.34 -0.00461897
0.3405 -0.00563423
0.341 -0.00663908
0.3415 -0.00763058
0.342 -0.00860582
0.3425 -0.00956192
0.343 -0.010496
0.3435 -0.0114054
0.344 -0.0122872
0.3445 -0.0131388
0.345 -0.0139576
0.3455 -0.014741
0.346 -0.0154866
0.3465 -0.0161921
0.347 -0.0168551
0.3475 -0.0174736
0.348 -0.0180455
0.3485 -0.0185688
0.349 -0.0190418
0.3495 -0.0194629
0.35 -0.0198305
0.3505 -0.0201431
0.351 -0.0203997
0.3515 -0.0205991
0.352 -0.0207403
0.3525 -0.0208227
0.353 -0.0208455
0.3535 -0.0208084
0.354 -0.0207111
0.3545 -0.0205535
0.355 -0.0203357
0.3555 -0.0200578
0.356 -0.0197203
0.3565 -0.0193238
0.357 -0.018869
0.3575 -0.0183568
0.358 -0.0177884
0.3585 -0.0171649
0.359 -0.0164879
0.3595 -0.0157588
0.36 -0.0149795
0.3605 -0.0141517
0.361 -0.0132776
0.3615 -0.0123594
0.362 -0.0113993
0.3625 -0.0103998
0.363 -0.00936358
0.3635 -0.00829326
0.364 -0.00719168
0.3645 -0.00606179
0.365 -0.00490662
0.3655 -0.00372929
0.366 -0.00253301
0.3665 -0.00132108
0.367 -9.68431e-05
0.3675 0.00113628
0.368 0.00237483
0.3685 0.00361531
0.369 0.00485418
0.3695 0.00608788
0.37 0.00731286
0.3705 0.00852554
0.371 0.00972237
0.3715 0.0108998
0.372 0.0120544
0.3725 0.0131825
0.373 0.0142809
0.3735 0.0153461
0.374 0.0163749
0.3745 0.017364
0.375 0.0183103
0.3755 0.0192107
0.376 0.0200625
0.3765 0.0208626
0.377 0.0216085
0.3775 0.0222976
0.378 0.0229275
0.3785 0.0234959
0.379 0.0240007
0.3795 0.02444
0.38 0.024812
0.3805 0.025115
0.381 0.0253478
0.3815 0.025509
0.382 0.0255976
0.3825 0.0256128
0.383 0.0255539
0.3835 0.0254205
0.384 0.0252124
0.3845 0.0249295
0.385 0.024572
0.3855 0.0241403
0.386 0.0236351
0.3865 0.0230572
0.387 0.0224076
0.3875 0.0216876
0.388 0.0208985
0.3885 0.0200422
0.389 0.0191204
0.3895 0.0181353
0.39 0.017089
0.3905 0.0159841
0.391 0.0148232
0.3915 0.0136091
0.392 0.0123449
0.3925 0.0110337
0.393 0.00967876
0.3935 0.00828368
0.394 0.00685205
0.3945 0.00538764
0.395 0.00389433
0.3955 0.00237614
0.396 0.000837174
0.3965 -0.000718349
0.397 -0.00228613
0.3975 -0.0038618
0.398 -0.00544092
0.3985 -0.00701901
0.399 -0.00859153
0.3995 -0.0101539
0.4 -0.0117016
0.4005 -0.0132301
0.401 -0.0147347
0.4015 -0.016211
0.402 -0.0176543
0.4025 -0.0190604
0.403 -0.0204247
0.4035 -0.021743
0.404 -0.0230109
0.4045 -0.0242245
0.405 -0.0253795
0.4055 -0.0264722
0.406 -0.0274988
0.4065 -0.0284556
0.407 -0.0293392
0.4075 -0.0301462
0.408 -0.0308736
0.4085 -0.0315184
0.409 -0.0320779
0.4095 -0.0325496
0.41 -0.0329312
0.4105 -0.0332206
0.411 -0.033416
0.4115 -0.0335158
0.412 -0.0335186
0.4125 -0.0334234
0.413 -0.0332293
0.4135 -0.0329358
0.414 -0.0325427
0.4145 -0.0320498
0.415 -0.0314575
0.4155 -0.0307663
0.416 -0.0299771
0.4165 -0.0290909
0.417 -0.0281093
0.4175 -0.0270338
0.418 -0.0258664
0.4185 -0.0246094
0.419 -0.0232653
0.4195 -0.0218369
0.42 -0.0203273
0.4205 -0.0187398
0.421 -0.017078
0.4215 -0.0153456
0.422 -0.013547
0.4225 -0.0116862
0.423 -0.00976794
0.4235 -0.00779691
0.424 -0.00577811
0.4245 -0.0037167
0.425 -0.00161803
0.4255 0.00051235
0.426 0.00266877
0.4265 0.00484538
0.427 0.00703621
0.4275 0.00923516
0.428 0.0114361
0.4285 0.0136326
0.429 0.0158184
0.4295 0.0179871
0.43 0.0201322
0.4305 0.0222471
0.431 0.0243255
0.4315 0.0263609
0.432 0.0283467
0.4325 0.0302765
0.433 0.0321441
0.4335 0.033943
0.434 0.0356672
0.4345 0.0373105
0.435 0.038867
0.4355 0.040331
0.436 0.0416968
0.4365 0.0429589
0.437 0.0441122
0.4375 0.0451515
0.438 0.0460722
0.4385 0.0468696
0.439 0.0475395
0.4395 0.0480779
0.44 0.0484811
0.4405 0.0487457
0.441 0.0488686
0.4415 0.0488471
0.442 0.0486788
0.4425 0.0483617
0.443 0.0478941
0.4435 0.0472747
0.444 0.0465026
0.4445 0.0455774
0.445 0.044499
0.4455 0.0432677
0.446 0.0418842
0.4465 0.0403497
0.447 0.0386659
0.4475 0.0368347
0.448 0.0348586
0.4485 0.0327406
0.449 0.030484
0.4495 0.0280926
0.45 0.0255706
0.4505 0.0229226
0.451 0.0201538
0.4515 0.0172697
0.452 0.0142761
0.4525 0.0111794
0.453 0.0079864
0.4535 0.00470423
0.454 0.00134042
0.4545 -0.00209711
0.455 -0.00560008
0.4555 -0.00915985
0.456 -0.0127674
0.4565 -0.0164135
0.457 -0.0200885
0.4575 -0.0237824
0.458 -0.0274851
0.4585 -0.0311861
0.459 -0.0348747
0.4595 -0.0385399
0.46 -0.0421706
0.4605 -0.0457555
0.461 -0.049283
0.4615 -0.0527415
0.462 -0.0561192
0.4625 -0.0594043
0.463 -0.0625847
0.4635 -0.0656485
0.464 -0.0685836
0.4645 -0.0713779
0.465 -0.0740194
0.4655 -0.0764961
0.466 -0.0787961
0.4665 -0.0809073
0.467 -0.0828182
0.4675 -0.0845171
0.468 -0.0859924
0.4685 -0.087233
0.469 -0.0882278
0.4695 -0.0889658
0.47 -0.0894365
0.4705 -0.0896296
0.471 -0.0895351
0.4715 -0.0891432
0.472 -0.0884445
0.4725 -0.0874302
0.473 -0.0860916
0.4735 -0.0844204
0.474 -0.0824089
0.4745 -0.0800497
0.475 -0.077336
0.4755 -0.0742613
0.476 -0.0708198
0.4765 -0.067006
0.477 -0.062815
0.4775 -0.0582425
0.478 -0.0532847
0.4785 -0.0479384
0.479 -0.0422008
0.4795 -0.03607
0.48 -0.0295444
0.4805 -0.022623
0.481 -0.0153057
0.4815 -0.00759275
0.482 0.000514983
0.4825 0.00901594
0.483 0.017908
0.4835 0.0271883
0.484 0.0368536
0.4845 0.0468998
0.485 0.0573223
0.4855 0.068116
0.486 0.079275
0.4865 0.0907929
0.487 0.102663
0.4875 0.114877
0.488 0.127428
0.4885 0.140306
0.489 0.153502
0.4895 0.167007
0.49 0.180811
0.4905 0.194902
0.491 0.209269
0.4915 0.223902
0.492 0.238786
0.4925 0.253911
0.493 0.269263
0.4935 0.284829
0.494 0.300594
0.4945 0.316546
0.495 0.332669
0.4955 0.348949
0.496 0.365371
0.4965 0.381919
0.497 0.39858
0.4975 0.415336
0.498 0.432172
0.4985 0.449073
0.499 0.466022
0.4995 0.483003
0.5 0.5
0.5005 0.516997
0.501 0.533978
0.5015 0.550927
0.502 0.567828
0.5025 0.584664
0.503 0.60142
0.5035 0.618081
0.504 0.634629
0.5045 0.651051
0.505 0.667331
0.5055 0.683454
0.506 0.699406
0.5065 0.715171
0.507 0.730737
0.5075 0.746089
0.508 0.761214
0.5085 0.776098
0.509 0.790731
0.5095 0.805098
0.51 0.819189
0.5105 0.832993
0.511 0.846498
0.5115 0.859694
0.512 0.872572
0.5125 0.885123
0.513 0.897337
0.5135 0.909207
0.514 0.920725
0.5145 0.931884
0.515 0.942678
0.5155 0.9531
0.516 0.963146
0.5165 0.972812
0.517 0.982092
0.5175 0.990984
0.518 0.999485
0.5185 1.00759
0.519 1.01531
0.5195 1.02262
0.52 1.02954
0.5205 1.03607
0.521 1.0422
0.5215 1.04794
0.522 1.05328
0.5225 1.05824
0.523 1.06281
0.5235 1.06701
0.524 1.07082
0.5245 1.07426
0.525 1.07734
0.5255 1.08005
0.526 1.08241
0.5265 1.08442
0.527 1.08609
0.5275 1.08743
0.528 1.08844
0.5285 1.08914
0.529 1.08954
0.5295 1.08963
0.53 1.08944
0.5305 1.08897
0.531 1.08823
0.5315 1.08723
0.532 1.08599
0.5325 1.08452
0.533 1.08282
0.5335 1.08091
0.534 1.0788
0.5345 1.0765
0.535 1.07402
0.5355 1.07138
0.536 1.06858
0.5365 1.06565
0.537 1.06258
0.5375 1.0594
0.538 1.05612
0.5385 1.05274
0.539 1.04928
0.5395 1.04576
0.54 1.04217
0.5405 1.03854
0.541 1.03487
0.5415 1.03119
0.542 1.02749
0.5425 1.02378
0.543 1.02009
0.5435 1.01641
0.544 1.01277
0.5445 1.00916
0.545 1.0056
0.5455 1.0021
0.546 0.99866
0.5465 0.995296
0.547 0.992014
0.5475 0.988821
0.548 0.985724
0.5485 0.98273
0.549 0.979846
0.5495 0.977077
0.55 0.974429
0.5505 0.971907
0.551 0.969516
0.5515 0.967259
0.552 0.965141
0.5525 0.963165
0.553 0.961334
0.5535 0.95965
0.554 0.958116
0.5545 0.956732
0.555 0.955501
0.5555 0.954423
0.556 0.953497
0.5565 0.952725
0.557 0.952106
0.5575 0.951638
0.558 0.951321
0.5585 0.951153
0.559 0.951131
0.5595 0.951254
0.56 0.951519
0.5605 0.951922
0.561 0.95246
0.5615 0.95313
0.562 0.953928
0.5625 0.954848
0.563 0.955888
0.5635 0.957041
0.564 0.958303
0.5645 0.959669
0.565 0.961133
0.5655 0.96269
0.566 0.964333
0.5665 0.966057
0.567 0.967856
0.5675 0.969723
0.568 0.971653
0.5685 0.973639
0.569 0.975674
0.5695 0.977753
0.57 0.979868
0.5705 0.982013
0.571 0.984182
0.5715 0.986367
0.572 0.988564
0.5725 0.990765
0.573 0.992964
0.5735 0.995155
0.574 0.997331
0.5745 0.999488
0.575 1.00162
0.5755 1.00372
0.576 1.00578
0.5765 1.0078
0.577 1.00977
0.5775 1.01169
0.578 1.01355
0.5785 1.01535
0.579 1.01708
0.5795 1.01874
0.58 1.02033
0.5805 1.02184
0.581 1.02327
0.5815 1.02461
0.582 1.02587
0.5825 1.02703
0.583 1.02811
0.5835 1.02909
0.584 1.02998
0.5845 1.03077
0.585 1.03146
0.5855 1.03205
0.586 1.03254
0.5865 1.03294
0.587 1.03323
0.5875 1.03342
0.588 1.03352
0.5885 1.03352
0.589 1.03342
0.5895 1.03322
0.59 1.03293
0.5905 1.03255
0.591 1.03208
0.5915 1.03152
0.592 1.03087
0.5925 1.03015
0.593 1.02934
0.5935 1.02846
0.594 1.0275
0.5945 1.02647
0.595 1.02538
0.5955 1.02422
0.596 1.02301
0.5965 1.02174
0.597 1.02042
0.5975 1.01906
0.598 1.01765
0.5985 1.01621
0.599 1.01473
0.5995 1.01323
0.6 1.0117
0.6005 1.01015
0.601 1.00859
0.6015 1.00702
0.602 1.00544
0.6025 1.00386
0.603 1.00229
0.6035 1.00072
0.604 0.999163
0.6045 0.997624
0.605 0.996106
0.6055 0.994612
0.606 0.993148
0.6065 0.991716
0.607 0.990321
0.6075 0.988966
0.608 0.987655
0.6085 0.986391
0.609 0.985177
0.6095 0.984016
0.61 0.982911
0.6105 0.981865
0.611 0.98088
0.6115 0.979958
0.612 0.979101
0.6125 0.978312
0.613 0.977592
0.6135 0.976943
0.614 0.976365
0.6145 0.97586
0.615 0.975428
0.6155 0.975071
0.616 0.974788
0.6165 0.97458
0.617 0.974446
0.6175 0.974387
0.618 0.974402
0.6185 0.974491
0.619 0.974652
0.6195 0.974885
0.62 0.975188
0.6205 0.97556
0.621 0.975999
0.6215 0.976504
0.622 0.977073
0.6225 0.977702
0.623 0.978391
0.6235 0.979137
0.624 0.979938
0.6245 0.980789
0.625 0.98169
0.6255 0.982636
0.626 0.983625
0.6265 0.984654
0.627 0.985719
0.6275 0.986817
0.628 0.987946
0.6285 0.9891
0.629 0.990278
0.6295 0.991474
0.63 0.992687
0.6305 0.993912
0.631 0.995146
0.6315 0.996385
0.632 0.997625
0.6325 0.998864
0.633 1.0001
0.6335 1.00132
0.634 1.00253
0.6345 1.00373
0.635 1.00491
0.6355 1.00606
0.636 1.00719
0.6365 1.00829
0.637 1.00936
0.6375 1.0104
0.638 1.0114
0.6385 1.01236
0.639 1.01328
0.6395 1.01415
0.64 1.01498
0.6405 1.01576
0.641 1.01649
0.6415 1.01716
0.642 1.01779
0.6425 1.01836
0.643 1.01887
0.6435 1.01932
0.644 1.01972
0.6445 1.02006
0.645 1.02034
0.6455 1.02055
0.646 1.02071
0.6465 1.02081
0.647 1.02085
0.6475 1.02082
0.648 1.02074
0.6485 1.0206
0.649 1.0204
0.6495 1.02014
0.65 1.01983
0.6505 1.01946
0.651 1.01904
0.6515 1.01857
0.652 1.01805
0.6525 1.01747
0.653 1.01686
0.6535 1.01619
0.654 1.01549
0.6545 1.01474
0.655 1.01396
0.6555 1.01314
0.656 1.01229
0.6565 1.01141
0.657 1.0105
0.6575 1.00956
0.658 1.00861
0.6585 1.00763
0.659 1.00664
0.6595 1.00563
0.66 1.00462
0.6605 1.0036
0.661 1.00257
0.6615 1.00154
0.662 1.00051
0.6625 0.999489
0.663 0.998473
0.6635 0.997467
0.664 0.996474
0.6645 0.995496
0.665 0.994537
0.6655 0.993598
0.666 0.992683
0.6665 0.991794
0.667 0.990932
0.6675 0.990102
0.668 0.989304
0.6685 0.988541
0.669 0.987815
0.6695 0.987128
0.67 0.986481
0.6705 0.985876
0.671 0.985315
0.6715 0.984799
0.672 0.984329
0.6725 0.983906
0.673 0.983531
0.6735 0.983205
0.674 0.98293
0.6745 0.982704
0.675 0.982529
0.6755 0.982404
0.676 0.982331
0.6765 0.982309
0.677 0.982337
0.6775 0.982416
0.678 0.982544
0.6785 0.982722
0.679 0.982948
0.6795 0.983222
0.68 0.983543
0.6805 0.983909
0.681 0.984319
0.6815 0.984772
0.682 0.985267
0.6825 0.985801
0.683 0.986373
0.6835 0.986981
0.684 0.987624
0.6845 0.988299
0.685 0.989004
0.6855 0.989737
0.686 0.990497
0.6865 0.991279
0.687 0.992083
0.6875 0.992906
0.688 0.993745
0.6885 0.994599
0.689 0.995463
0.6895 0.996337
0.69 0.997217
0.6905 0.998101
0.691 0.998987
0.6915 0.999871
0.692 1.00075
0.6925 1.00163
0.693 1.00249
0.6935 1.00335
0.694 1.00419
0.6945 1.00501
0.695 1.00582
0.6955 1.00661
0.696 1.00738
0.6965 1.00812
0.697 1.00883
0.6975 1.00952
0.698 1.01017
0.6985 1.0108
0.699 1.01139
0.6995 1.01194
0.7 1.01246
