x s
0.3 0.0520556
0.3005 0.0520489
0.301 0.0520288
0.3015 0.0519952
0.302 0.0519481
0.3025 0.0518875
0.303 0.0518132
0.3035 0.0517252
0.304 0.0516236
0.3045 0.0515082
0.305 0.0513791
0.3055 0.0512361
0.306 0.0510794
0.3065 0.0509088
0.307 0.0507243
0.3075 0.050526
0.308 0.0503137
0.3085 0.0500876
0.309 0.0498475
0.3095 0.0495935
0.31 0.0493256
0.3105 0.0490437
0.311 0.048748
0.3115 0.0484383
0.312 0.0481147
0.3125 0.0477772
0.313 0.0474259
0.3135 0.0470607
0.314 0.0466817
0.3145 0.0462889
0.315 0.0458823
0.3155 0.045462
0.316 0.045028
0.3165 0.0445803
0.317 0.044119
0.3175 0.0436442
0.318 0.0431558
0.3185 0.042654
0.319 0.0421388
0.3195 0.0416102
0.32 0.0410683
0.3205 0.0405132
0.321 0.039945
0.3215 0.0393637
0.322 0.0387694
0.3225 0.0381622
0.323 0.0375422
0.3235 0.0369094
0.324 0.0362639
0.3245 0.0356059
0.325 0.0349355
0.3255 0.0342527
0.326 0.0335576
0.3265 0.0328503
0.327 0.0321311
0.3275 0.0313999
0.328 0.0306568
0.3285 0.0299021
0.329 0.0291358
0.3295 0.0283581
0.33 0.0275691
0.3305 0.0267689
0.331 0.0259576
0.3315 0.0251355
0.332 0.0243025
0.3325 0.023459
0.333 0.022605
0.3335 0.0217407
0.334 0.0208662
0.3345 0.0199817
0.335 0.0190874
0.3355 0.0181834
0.336 0.01727
0.3365 0.0163471
0.337 0.0154152
0.3375 0.0144742
0.338 0.0135244
0.3385 0.012566
0.339 0.0115992
0.3395 0.0106242
0.34 0.00964104
0.3405 0.00865007
0.341 0.00765143
0.3415 0.00664534
0.342 0.00563199
0.3425 0.00461159
0.343 0.00358435
0.3435 0.00255047
0.344 0.00151018
0.3445 0.000463698
0.345 -0.000588767
0.3455 -0.00164699
0.346 -0.00271074
0.3465 -0.0037798
0.347 -0.00485393
0.3475 -0.0059329
0.348 -0.00701648
0.3485 -0.00810443
0.349 -0.00919651
0.3495 -0.0102925
0.35 -0.0113921
0.3505 -0.0124951
0.351 -0.0136012
0.3515 -0.0147103
0.352 -0.0158219
0.3525 -0.016936
0.353 -0.0180522
0.3535 -0.0191703
0.354 -0.0202899
0.3545 -0.0214109
0.355 -0.022533
0.3555 -0.0236559
0.356 -0.0247793
0.3565 -0.025903
0.357 -0.0270267
0.3575 -0.0281501
0.358 -0.0292729
0.3585 -0.0303949
0.359 -0.0315158
0.3595 -0.0326353
0.36 -0.033753
0.3605 -0.0348688
0.361 -0.0359824
0.3615 -0.0370934
0.362 -0.0382016
0.3625 -0.0393066
0.363 -0.0404082
0.3635 -0.0415061
0.364 -0.0426
0.3645 -0.0436896
0.365 -0.0447746
0.3655 -0.0458547
0.366 -0.0469296
0.3665 -0.047999
0.367 -0.0490626
0.3675 -0.0501201
0.368 -0.0511712
0.3685 -0.0522156
0.369 -0.053253
0.3695 -0.054283
0.37 -0.0553055
0.3705 -0.05632
0.371 -0.0573263
0.3715 -0.058324
0.372 -0.0593129
0.3725 -0.0602927
0.373 -0.061263
0.3735 -0.0622235
0.374 -0.0631739
0.3745 -0.0641139
0.375 -0.0650433
0.3755 -0.0659616
0.376 -0.0668686
0.3765 -0.067764
0.377 -0.0686474
0.3775 -0.0695186
0.378 -0.0703772
0.3785 -0.071223
0.379 -0.0720556
0.3795 -0.0728748
0.38 -0.0736801
0.3805 -0.0744714
0.381 -0.0752482
0.3815 -0.0760104
0.382 -0.0767575
0.3825 -0.0774893
0.383 -0.0782055
0.3835 -0.0789058
0.384 -0.0795899
0.3845 -0.0802574
0.385 -0.0809081
0.3855 -0.0815416
0.386 -0.0821578
0.3865 -0.0827562
0.387 -0.0833366
0.3875 -0.0838987
0.388 -0.0844422
0.3885 -0.0849667
0.389 -0.0854721
0.3895 -0.085958
0.39 -0.0864241
0.3905 -0.0868701
0.391 -0.0872958
0.3915 -0.0877009
0.392 -0.0880851
0.3925 -0.088448
0.393 -0.0887895
0.3935 -0.0891093
0.394 -0.089407
0.3945 -0.0896824
0.395 -0.0899353
0.3955 -0.0901653
0.396 -0.0903722
0.3965 -0.0905557
0.397 -0.0907156
0.3975 -0.0908516
0.398 -0.0909634
0.3985 -0.0910508
0.399 -0.0911136
0.3995 -0.0911514
0.4 -0.0911641
0.4005 -0.0911514
0.401 -0.0911129
0.4015 -0.0910486
0.402 -0.0909582
0.4025 -0.0908414
0.403 -0.0906979
0.4035 -0.0905276
0.404 -0.0903303
0.4045 -0.0901056
0.405 -0.0898534
0.4055 -0.0895735
0.406 -0.0892656
0.4065 -0.0889296
0.407 -0.0885652
0.4075 -0.0881722
0.408 -0.0877504
0.4085 -0.0872996
0.409 -0.0868196
0.4095 -0.0863102
0.41 -0.0857712
0.4105 -0.0852025
0.411 -0.0846038
0.4115 -0.083975
0.412 -0.0833159
0.4125 -0.0826263
0.413 -0.081906
0.4135 -0.0811549
0.414 -0.0803728
0.4145 -0.0795596
0.415 -0.0787151
0.4155 -0.0778391
0.416 -0.0769315
0.4165 -0.0759921
0.417 -0.0750208
0.4175 -0.0740175
0.418 -0.0729821
0.4185 -0.0719143
0.419 -0.0708142
0.4195 -0.0696814
0.42 -0.068516
0.4205 -0.0673179
0.421 -0.0660868
0.4215 -0.0648227
0.422 -0.0635256
0.4225 -0.0621952
0.423 -0.0608316
0.4235 -0.0594346
0.424 -0.0580041
0.4245 -0.05654
0.425 -0.0550424
0.4255 -0.053511
0.426 -0.0519459
0.4265 -0.0503469
0.427 -0.0487141
0.4275 -0.0470473
0.428 -0.0453465
0.4285 -0.0436116
0.429 -0.0418427
0.4295 -0.0400396
0.43 -0.0382024
0.4305 -0.0363309
0.431 -0.0344253
0.4315 -0.0324854
0.432 -0.0305113
0.4325 -0.0285029
0.433 -0.0264602
0.4335 -0.0243832
0.434 -0.022272
0.4345 -0.0201265
0.435 -0.0179467
0.4355 -0.0157327
0.436 -0.0134844
0.4365 -0.011202
0.437 -0.00888534
0.4375 -0.00653457
0.438 -0.0041497
0.4385 -0.00173077
0.439 0.000722179
0.4395 0.00320909
0.44 0.00572991
0.4405 0.00828459
0.441 0.010873
0.4415 0.0134952
0.442 0.016151
0.4425 0.0188404
0.443 0.0215632
0.4435 0.0243195
0.444 0.027109
0.4445 0.0299318
0.445 0.0327876
0.4455 0.0356765
0.446 0.0385982
0.4465 0.0415528
0.447 0.0445399
0.4475 0.0475596
0.448 0.0506117
0.4485 0.0536961
0.449 0.0568126
0.4495 0.0599611
0.45 0.0631415
0.4505 0.0663535
0.451 0.0695971
0.4515 0.0728721
0.452 0.0761783
0.4525 0.0795156
0.453 0.0828837
0.4535 0.0862826
0.454 0.0897119
0.4545 0.0931717
0.455 0.0966615
0.4555 0.100181
0.456 0.103731
0.4565 0.10731
0.457 0.110919
0.4575 0.114556
0.458 0.118223
0.4585 0.121918
0.459 0.125642
0.4595 0.129394
0.46 0.133175
0.4605 0.136982
0.461 0.140818
0.4615 0.144681
0.462 0.148571
0.4625 0.152488
0.463 0.156431
0.4635 0.160401
0.464 0.164397
0.4645 0.168418
0.465 0.172465
0.4655 0.176538
0.466 0.180635
0.4665 0.184757
0.467 0.188904
0.4675 0.193075
0.468 0.197269
0.4685 0.201487
0.469 0.205729
0.4695 0.209993
0.47 0.21428
0.4705 0.21859
0.471 0.222921
0.4715 0.227275
0.472 0.231649
0.4725 0.236045
0.473 0.240462
0.4735 0.244899
0.474 0.249356
0.4745 0.253833
0.475 0.25833
0.4755 0.262846
0.476 0.26738
0.4765 0.271933
0.477 0.276504
0.4775 0.281093
0.478 0.2857
0.4785 0.290323
0.479 0.294963
0.4795 0.29962
0.48 0.304293
0.4805 0.308981
0.481 0.313685
0.4815 0.318403
0.482 0.323136
0.4825 0.327884
0.483 0.332645
0.4835 0.337419
0.484 0.342207
0.4845 0.347007
0.485 0.35182
0.4855 0.356645
0.486 0.361481
0.4865 0.366329
0.487 0.371187
0.4875 0.376055
0.488 0.380934
0.4885 0.385822
0.489 0.39072
0.4895 0.395626
0.49 0.400541
0.4905 0.405464
0.491 0.410395
0.4915 0.415333
0.492 0.420277
0.4925 0.425229
0.493 0.430186
0.4935 0.435149
0.494 0.440117
0.4945 0.44509
0.495 0.450068
0.4955 0.455049
0.496 0.460035
0.4965 0.465023
0.497 0.470015
0.4975 0.475008
0.498 0.480004
0.4985 0.485002
0.499 0.490001
0.4995 0.495
0.5 0.5
0.5005 0.505
0.501 0.509999
0.5015 0.514998
0.502 0.519996
0.5025 0.524992
0.503 0.529985
0.5035 0.534977
0.504 0.539965
0.5045 0.544951
0.505 0.549932
0.5055 0.55491
0.506 0.559883
0.5065 0.564851
0.507 0.569814
0.5075 0.574771
0.508 0.579723
0.5085 0.584667
0.509 0.589605
0.5095 0.594536
0.51 0.599459
0.5105 0.604374
0.511 0.60928
0.5115 0.614178
0.512 0.619066
0.5125 0.623945
0.513 0.628813
0.5135 0.633671
0.514 0.638519
0.5145 0.643355
0.515 0.64818
0.5155 0.652993
0.516 0.657793
0.5165 0.662581
0.517 0.667355
0.5175 0.672116
0.518 0.676864
0.5185 0.681597
0.519 0.686315
0.5195 0.691019
0.52 0.695707
0.5205 0.70038
0.521 0.705037
0.5215 0.709677
0.522 0.7143
0.5225 0.718907
0.523 0.723496
0.5235 0.728067
0.524 0.73262
0.5245 0.737154
0.525 0.74167
0.5255 0.746167
0.526 0.750644
0.5265 0.755101
0.527 0.759538
0.5275 0.763955
0.528 0.768351
0.5285 0.772725
0.529 0.777079
0.5295 0.78141
0.53 0.78572
0.5305 0.790007
0.531 0.794271
0.5315 0.798513
0.532 0.802731
0.5325 0.806925
0.533 0.811096
0.5335 0.815243
0.534 0.819365
0.5345 0.823462
0.535 0.827535
0.5355 0.831582
0.536 0.835603
0.5365 0.839599
0.537 0.843569
0.5375 0.847512
0.538 0.851429
0.5385 0.855319
0.539 0.859182
0.5395 0.863018
0.54 0.866825
0.5405 0.870606
0.541 0.874358
0.5415 0.878082
0.542 0.881777
0.5425 0.885444
0.543 0.889081
0.5435 0.89269
0.544 0.896269
0.5445 0.899819
0.545 0.903338
0.5455 0.906828
0.546 0.910288
0.5465 0.913717
0.547 0.917116
0.5475 0.920484
0.548 0.923822
0.5485 0.927128
0.549 0.930403
0.5495 0.933646
0.55 0.936859
0.5505 0.940039
0.551 0.943187
0.5515 0.946304
0.552 0.949388
0.5525 0.95244
0.553 0.95546
0.5535 0.958447
0.554 0.961402
0.5545 0.964324
0.555 0.967212
0.5555 0.970068
0.556 0.972891
0.5565 0.975681
0.557 0.978437
0.5575 0.98116
0.558 0.983849
0.5585 0.986505
0.559 0.989127
0.5595 0.991715
0.56 0.99427
0.5605 0.996791
0.561 0.999278
0.5615 1.00173
0.562 1.00415
0.5625 1.00653
0.563 1.00889
0.5635 1.0112
0.564 1.01348
0.5645 1.01573
0.565 1.01795
0.5655 1.02013
0.566 1.02227
0.5665 1.02438
0.567 1.02646
0.5675 1.0285
0.568 1.03051
0.5685 1.03249
0.569 1.03443
0.5695 1.03633
0.57 1.0382
0.5705 1.04004
0.571 1.04184
0.5715 1.04361
0.572 1.04535
0.5725 1.04705
0.573 1.04871
0.5735 1.05035
0.574 1.05195
0.5745 1.05351
0.575 1.05504
0.5755 1.05654
0.576 1.058
0.5765 1.05943
0.577 1.06083
0.5775 1.0622
0.578 1.06353
0.5785 1.06482
0.579 1.06609
0.5795 1.06732
0.58 1.06852
0.5805 1.06968
0.581 1.07081
0.5815 1.07191
0.582 1.07298
0.5825 1.07402
0.583 1.07502
0.5835 1.07599
0.584 1.07693
0.5845 1.07784
0.585 1.07872
0.5855 1.07956
0.586 1.08037
0.5865 1.08115
0.587 1.08191
0.5875 1.08263
0.588 1.08332
0.5885 1.08398
0.589 1.0846
0.5895 1.0852
0.59 1.08577
0.5905 1.08631
0.591 1.08682
0.5915 1.0873
0.592 1.08775
0.5925 1.08817
0.593 1.08857
0.5935 1.08893
0.594 1.08927
0.5945 1.08957
0.595 1.08985
0.5955 1.09011
0.596 1.09033
0.5965 1.09053
0.597 1.0907
0.5975 1.09084
0.598 1.09096
0.5985 1.09105
0.599 1.09111
0.5995 1.09115
0.6 1.09116
0.6005 1.09115
0.601 1.09111
0.6015 1.09105
0.602 1.09096
0.6025 1.09085
0.603 1.09072
0.6035 1.09056
0.604 1.09037
0.6045 1.09017
0.605 1.08994
0.6055 1.08968
0.606 1.08941
0.6065 1.08911
0.607 1.08879
0.6075 1.08845
0.608 1.08809
0.6085 1.0877
0.609 1.0873
0.6095 1.08687
0.61 1.08642
0.6105 1.08596
0.611 1.08547
0.6115 1.08497
0.612 1.08444
0.6125 1.0839
0.613 1.08334
0.6135 1.08276
0.614 1.08216
0.6145 1.08154
0.615 1.08091
0.6155 1.08026
0.616 1.07959
0.6165 1.07891
0.617 1.07821
0.6175 1.07749
0.618 1.07676
0.6185 1.07601
0.619 1.07525
0.6195 1.07447
0.62 1.07368
0.6205 1.07287
0.621 1.07206
0.6215 1.07122
0.622 1.07038
0.6225 1.06952
0.623 1.06865
0.6235 1.06776
0.624 1.06687
0.6245 1.06596
0.625 1.06504
0.6255 1.06411
0.626 1.06317
0.6265 1.06222
0.627 1.06126
0.6275 1.06029
0.628 1.05931
0.6285 1.05832
0.629 1.05733
0.6295 1.05632
0.63 1.05531
0.6305 1.05428
0.631 1.05325
0.6315 1.05222
0.632 1.05117
0.6325 1.05012
0.633 1.04906
0.6335 1.048
0.634 1.04693
0.6345 1.04585
0.635 1.04477
0.6355 1.04369
0.636 1.0426
0.6365 1.04151
0.637 1.04041
0.6375 1.03931
0.638 1.0382
0.6385 1.03709
0.639 1.03598
0.6395 1.03487
0.64 1.03375
0.6405 1.03264
0.641 1.03152
0.6415 1.03039
0.642 1.02927
0.6425 1.02815
0.643 1.02703
0.6435 1.0259
0.644 1.02478
0.6445 1.02366
0.645 1.02253
0.6455 1.02141
0.646 1.02029
0.6465 1.01917
0.647 1.01805
0.6475 1.01694
0.648 1.01582
0.6485 1.01471
0.649 1.0136
0.6495 1.0125
0.65 1.01139
0.6505 1.01029
0.651 1.0092
0.6515 1.0081
0.652 1.00702
0.6525 1.00593
0.653 1.00485
0.6535 1.00378
0.654 1.00271
0.6545 1.00165
0.655 1.00059
0.6555 0.999536
0.656 0.99849
0.6565 0.99745
0.657 0.996416
0.6575 0.995388
0.658 0.994368
0.6585 0.993355
0.659 0.992349
0.6595 0.99135
0.66 0.990359
0.6605 0.989376
0.661 0.988401
0.6615 0.987434
0.662 0.986476
0.6625 0.985526
0.663 0.984585
0.6635 0.983653
0.664 0.98273
0.6645 0.981817
0.665 0.980913
0.6655 0.980018
0.666 0.979134
0.6665 0.978259
0.667 0.977395
0.6675 0.976541
0.668 0.975697
0.6685 0.974865
0.669 0.974042
0.6695 0.973231
0.67 0.972431
0.6705 0.971642
0.671 0.970864
0.6715 0.970098
0.672 0.969343
0.6725 0.9686
0.673 0.967869
0.6735 0.96715
0.674 0.966442
0.6745 0.965747
0.675 0.965065
0.6755 0.964394
0.676 0.963736
0.6765 0.963091
0.677 0.962458
0.6775 0.961838
0.678 0.961231
0.6785 0.960636
0.679 0.960055
0.6795 0.959487
0.68 0.958932
0.6805 0.95839
0.681 0.957861
0.6815 0.957346
0.682 0.956844
0.6825 0.956356
0.683 0.955881
0.6835 0.95542
0.684 0.954972
0.6845 0.954538
0.685 0.954118
0.6855 0.953711
0.686 0.953318
0.6865 0.952939
0.687 0.952574
0.6875 0.952223
0.688 0.951885
0.6885 0.951562
0.689 0.951252
0.6895 0.950956
0.69 0.950674
0.6905 0.950406
0.691 0.950152
0.6915 0.949912
0.692 0.949686
0.6925 0.949474
0.693 0.949276
0.6935 0.949091
0.694 0.948921
0.6945 0.948764
0.695 0.948621
0.6955 0.948492
0.696 0.948376
0.6965 0.948275
0.697 0.948187
0.6975 0.948113
0.698 0.948052
0.6985 0.948005
0.699 0.947971
0.6995 0.947951
0.7 0.947944
