x s
0.3 0.00416452
0.3005 0.00407785
0.301 0.00382092
0.3015 0.00340371
0.302 0.00284289
0.3025 0.00216117
0.303 0.00138643
0.3035 0.000550499
0.304 -0.000312067
0.3045 -0.00116547
0.305 -0.00197413
0.3055 -0.00270417
0.306 -0.00332483
0.3065 -0.00380978
0.307 -0.0041382
0.3075 -0.00429571
0.308 -0.00427497
0.3085 -0.00407603
0.309 -0.00370636
0.3095 -0.00318057
0.31 -0.00251985
0.3105 -0.00175107
0.311 -0.000905766
0.3115 -1.87818e-05
0.312 0.000873136
0.3125 0.00173286
0.313 0.00252444
0.3135 0.00321457
0.314 0.00377404
0.3145 0.00417891
0.315 0.0044116
0.3155 0.00446158
0.316 0.00432589
0.3165 0.0040093
0.317 0.0035241
0.3175 0.00288971
0.318 0.00213181
0.3185 0.00128136
0.319 0.000373347
0.3195 -0.000554699
0.32 -0.00146422
0.3205 -0.00231723
0.321 -0.00307792
0.3215 -0.00371415
0.322 -0.00419879
0.3225 -0.00451088
0.323 -0.00463656
0.3235 -0.00456965
0.324 -0.00431196
0.3245 -0.00387325
0.325 -0.00327087
0.3255 -0.00252908
0.326 -0.00167806
0.3265 -0.000752693
0.327 0.000208845
0.3275 0.00116669
0.328 0.00208091
0.3285 0.00291321
0.329 0.00362846
0.3295 0.00419626
0.33 0.00459217
0.3305 0.00479877
0.331 0.00480646
0.3315 0.00461384
0.332 0.00422787
0.3325 0.00366358
0.333 0.00294352
0.3335 0.00209684
0.334 0.00115813
0.3345 0.000166004
0.335 -0.000838503
0.3355 -0.0018136
0.336 -0.0027185
0.3365 -0.0035151
0.337 -0.00416961
0.3375 -0.00465395
0.338 -0.00494701
0.3385 -0.00503547
0.339 -0.00491451
0.3395 -0.00458797
0.34 -0.00406828
0.3405 -0.003376
0.341 -0.00253899
0.3415 -0.00159129
0.342 -0.000571754
0.3425 0.000477551
0.343 0.00151307
0.3435 0.00249156
0.344 0.00337192
0.3445 0.00411688
0.345 0.00469459
0.3455 0.00507999
0.346 0.00525585
0.3465 0.00521361
0.347 0.0049537
0.3475 0.00448565
0.348 0.00382771
0.3485 0.00300614
0.349 0.0020542
0.3495 0.00101074
0.35 -8.1289e-05
0.3505 -0.00117668
0.351 -0.00222979
0.3515 -0.00319647
0.352 -0.00403589
0.3525 -0.00471225
0.353 -0.00519633
0.3535 -0.00546676
0.354 -0.00551088
0.3545 -0.00532544
0.355 -0.00491668
0.3555 -0.00430021
0.356 -0.00350039
0.3565 -0.00254939
0.357 -0.00148585
0.3575 -0.000353381
0.358 0.000801255
0.3585 0.00193007
0.359 0.00298584
0.3595 0.00392406
0.36 0.00470483
0.3605 0.00529455
0.361 0.00566736
0.3615 0.00580624
0.362 0.00570382
0.3625 0.00536273
0.363 0.00479558
0.3635 0.00402444
0.364 0.00308008
0.3645 0.00200067
0.365 0.000830284
0.3655 -0.000382914
0.366 -0.00158863
0.3665 -0.00273655
0.367 -0.00377838
0.3675 -0.00466994
0.368 -0.00537298
0.3685 -0.00585682
0.369 -0.00609973
0.3695 -0.00608984
0.37 -0.00582572
0.3705 -0.00531655
0.371 -0.00458177
0.3715 -0.00365037
0.372 -0.00255974
0.3725 -0.00135419
0.373 -8.31525e-05
0.3735 0.00120086
0.374 0.00244438
0.3745 0.00359525
0.375 0.00460476
0.3755 0.00542973
0.376 0.00603434
0.3765 0.00639169
0.377 0.00648496
0.3775 0.00630822
0.378 0.00586676
0.3785 0.0051769
0.379 0.0042655
0.3795 0.00316881
0.38 0.00193114
0.3805 0.000602974
0.381 -0.000760985
0.3815 -0.00210413
0.382 -0.00337024
0.3825 -0.0045059
0.383 -0.00546264
0.3835 -0.00619909
0.384 -0.00668272
0.3845 -0.00689126
0.385 -0.00681372
0.3855 -0.00645097
0.386 -0.00581575
0.3865 -0.00493228
0.387 -0.00383532
0.3875 -0.00256883
0.388 -0.00118423
0.3885 0.000261735
0.389 0.00170924
0.3895 0.00309789
0.39 0.00436922
0.3905 0.00546915
0.391 0.00635027
0.3915 0.00697388
0.392 0.00731165
0.3925 0.00734695
0.393 0.00707559
0.3935 0.00650613
0.394 0.00565964
0.3945 0.00456893
0.395 0.00327731
0.3955 0.00183683
0.396 0.000306261
0.3965 -0.00125135
0.397 -0.00277123
0.3975 -0.00418957
0.398 -0.0054462
0.3985 -0.00648712
0.399 -0.00726682
0.3995 -0.00775025
0.4 -0.00791435
0.4005 -0.00774919
0.401 -0.00725845
0.4015 -0.00645943
0.402 -0.00538247
0.4025 -0.00406978
0.403 -0.00257383
0.4035 -0.000955267
0.404 0.000719561
0.4045 0.00238128
0.405 0.00396035
0.4055 0.00538997
0.406 0.00660891
0.4065 0.00756406
0.407 0.0082128
0.4075 0.0085248
0.408 0.00848349
0.4085 0.00808686
0.409 0.00734769
0.4095 0.00629319
0.41 0.00496401
0.4105 0.0034127
0.411 0.00170166
0.4115 -9.93807e-05
0.412 -0.00191617
0.4125 -0.00367296
0.413 -0.00529568
0.4135 -0.00671502
0.414 -0.00786938
0.4145 -0.00870749
0.415 -0.00919071
0.4155 -0.00929476
0.416 -0.00901091
0.4165 -0.00834649
0.417 -0.0073248
0.4175 -0.00598434
0.418 -0.00437734
0.4185 -0.0025678
0.419 -0.000628914
0.4195 0.00135983
0.42 0.0033159
0.4205 0.00515711
0.421 0.00680506
0.4215 0.00818847
0.422 0.00924616
0.4225 0.0099298
0.423 0.0102061
0.4235 0.0100582
0.424 0.00948696
0.4245 0.00851071
0.425 0.00716502
0.4255 0.00550133
0.426 0.00358501
0.4265 0.00149287
0.427 -0.000689949
0.4275 -0.00287334
0.428 -0.00496598
0.4285 -0.00687908
0.429 -0.00853011
0.4295 -0.00984635
0.43 -0.010768
0.4305 -0.011251
0.431 -0.0112689
0.4315 -0.0108143
0.432 -0.00989931
0.4325 -0.00855562
0.433 -0.00683319
0.4335 -0.00479851
0.434 -0.00253213
0.4345 -0.000125447
0.435 0.0023229
0.4355 0.00471104
0.436 0.00693804
0.4365 0.00890817
0.437 0.0105349
0.4375 0.0117447
0.438 0.0124804
0.4385 0.0127034
0.439 0.0123963
0.4395 0.0115632
0.44 0.0102305
0.4405 0.00844567
0.441 0.00627599
0.4415 0.00380591
0.442 0.00113383
0.4425 -0.00163172
0.443 -0.00437646
0.4435 -0.00698496
0.444 -0.0093455
0.4445 -0.0113547
0.445 -0.0129221
0.4455 -0.0139739
0.446 -0.0144566
0.4465 -0.0143395
0.447 -0.0136164
0.4475 -0.0123062
0.448 -0.0104527
0.4485 -0.00812335
0.449 -0.00540656
0.4495 -0.0024088
0.45 0.000749681
0.4505 0.00393953
0.451 0.0070275
0.4515 0.0098819
0.452 0.0123781
0.4525 0.0144039
0.453 0.0158642
0.4535 0.0166859
0.454 0.0168206
0.4545 0.0162478
0.455 0.014976
0.4555 0.0130432
0.456 0.0105158
0.4565 0.00748631
0.457 0.0040707
0.4575 0.000403526
0.458 -0.00336696
0.4585 -0.00708467
0.459 -0.010592
0.4595 -0.0137363
0.46 -0.0163763
0.4605 -0.0183883
0.461 -0.0196718
0.4615 -0.0201541
0.462 -0.0197939
0.4625 -0.0185842
0.463 -0.0165533
0.4635 -0.0137645
0.464 -0.0103145
0.4645 -0.00633005
0.465 -0.00196413
0.4655 0.00261023
0.466 0.00720624
0.4665 0.0116307
0.467 0.015692
0.4675 0.0192076
0.468 0.0220124
0.4685 0.0239657
0.469 0.0249578
0.4695 0.0249157
0.47 0.0238071
0.4705 0.0216432
0.471 0.0184793
0.4715 0.0144145
0.472 0.00958899
0.4725 0.00417947
0.473 -0.00160651
0.4735 -0.00753808
0.474 -0.0133696
0.4745 -0.0188502
0.475 -0.0237337
0.4755 -0.0277891
0.476 -0.0308103
0.4765 -0.0326255
0.477 -0.0331061
0.4775 -0.032173
0.478 -0.0298025
0.4785 -0.0260292
0.479 -0.0209479
0.4795 -0.0147117
0.48 -0.00752929
0.4805 0.000341196
0.481 0.0085999
0.4815 0.0169152
0.482 0.024935
0.4825 0.0323003
0.483 0.038658
0.4835 0.043676
0.484 0.047057
0.4845 0.0485521
0.485 0.0479735
0.4855 0.0452057
0.486 0.040214
0.4865 0.0330518
0.487 0.0238644
0.4875 0.0128896
0.488 0.000456284
0.4885 -0.0130208
0.489 -0.0270494
0.4895 -0.0410706
0.49 -0.0544725
0.4905 -0.0666058
0.491 -0.0768017
0.4915 -0.0843905
0.492 -0.0887214
0.4925 -0.0891821
0.493 -0.0852177
0.4935 -0.0763491
0.494 -0.0621889
0.4945 -0.0424558
0.495 -0.0169853
0.4955 0.0142613
0.496 0.0511932
0.4965 0.0935881
0.497 0.141096
0.4975 0.193243
0.498 0.249446
0.4985 0.30902
0.499 0.371199
0.4995 0.43515
0.5 0.5
0.5005 0.56485
0.501 0.628801
0.5015 0.69098
0.502 0.750554
0.5025 0.806757
0.503 0.858904
0.5035 0.906412
0.504 0.948807
0.5045 0.985739
0.505 1.01699
0.5055 1.04246
0.506 1.06219
0.5065 1.07635
0.507 1.08522
0.5075 1.08918
0.508 1.08872
0.5085 1.08439
0.509 1.0768
0.5095 1.06661
0.51 1.05447
0.5105 1.04107
0.511 1.02705
0.5115 1.01302
0.512 0.999544
0.5125 0.98711
0.513 0.976136
0.5135 0.966948
0.514 0.959786
0.5145 0.954794
0.515 0.952026
0.5155 0.951448
0.516 0.952943
0.5165 0.956324
0.517 0.961342
0.5175 0.9677
0.518 0.975065
0.5185 0.983085
0.519 0.9914
0.5195 0.999659
0.52 1.00753
0.5205 1.01471
0.521 1.02095
0.5215 1.02603
0.522 1.0298
0.5225 1.03217
0.523 1.03311
0.5235 1.03263
0.524 1.03081
0.5245 1.02779
0.525 1.02373
0.5255 1.01885
0.526 1.01337
0.5265 1.00754
0.527 1.00161
0.5275 0.995821
0.528 0.990411
0.5285 0.985585
0.529 0.981521
0.5295 0.978357
0.53 0.976193
0.5305 0.975084
0.531 0.975042
0.5315 0.976034
0.532 0.977988
0.5325 0.980792
0.533 0.984308
0.5335 0.988369
0.534 0.992794
0.5345 0.99739
0.535 1.00196
0.5355 1.00633
0.536 1.01031
0.5365 1.01376
0.537 1.01655
0.5375 1.01858
0.538 1.01979
0.5385 1.02015
0.539 1.01967
0.5395 1.01839
0.54 1.01638
0.5405 1.01374
0.541 1.01059
0.5415 1.00708
0.542 1.00337
0.5425 0.999596
0.543 0.995929
0.5435 0.992514
0.544 0.989484
0.5445 0.986957
0.545 0.985024
0.5455 0.983752
0.546 0.983179
0.5465 0.983314
0.547 0.984136
0.5475 0.985596
0.548 0.987622
0.5485 0.990118
0.549 0.992972
0.5495 0.99606
0.55 0.99925
0.5505 1.00241
0.551 1.00541
0.5515 1.00812
0.552 1.01045
0.5525 1.01231
0.553 1.01362
0.5535 1.01434
0.554 1.01446
0.5545 1.01397
0.555 1.01292
0.5555 1.01135
0.556 1.00935
0.5565 1.00698
0.557 1.00438
0.5575 1.00163
0.558 0.998866
0.5585 0.996194
0.559 0.993724
0.5595 0.991554
0.56 0.98977
0.5605 0.988437
0.561 0.987604
0.5615 0.987297
0.562 0.98752
0.5625 0.988255
0.563 0.989465
0.5635 0.991092
0.564 0.993062
0.5645 0.995289
0.565 0.997677
0.5655 1.00013
0.566 1.00253
0.5665 1.0048
0.567 1.00683
0.5675 1.00856
0.568 1.0099
0.5685 1.01081
0.569 1.01127
0.5695 1.01125
0.57 1.01077
0.5705 1.00985
0.571 1.00853
0.5715 1.00688
0.572 1.00497
0.5725 1.00287
0.573 1.00069
0.5735 0.998507
0.574 0.996415
0.5745 0.994499
0.575 0.992835
0.5755 0.991489
0.576 0.990513
0.5765 0.989942
0.577 0.989794
0.5775 0.99007
0.578 0.990754
0.5785 0.991812
0.579 0.993195
0.5795 0.994843
0.58 0.996684
0.5805 0.99864
0.581 1.00063
0.5815 1.00257
0.582 1.00438
0.5825 1.00598
0.583 1.00732
0.5835 1.00835
0.584 1.00901
0.5845 1.00929
0.585 1.00919
0.5855 1.00871
0.586 1.00787
0.5865 1.00672
0.587 1.0053
0.5875 1.00367
0.588 1.00192
0.5885 1.0001
0.589 0.998298
0.5895 0.996587
0.59 0.995036
0.5905 0.993707
0.591 0.992652
0.5915 0.991913
0.592 0.991517
0.5925 0.991475
0.593 0.991787
0.5935 0.992436
0.594 0.993391
0.5945 0.99461
0.595 0.99604
0.5955 0.997619
0.596 0.99928
0.5965 1.00096
0.597 1.00257
0.5975 1.00407
0.598 1.00538
0.5985 1.00646
0.599 1.00726
0.5995 1.00775
0.6 1.00791
0.6005 1.00775
0.601 1.00727
0.6015 1.00649
0.602 1.00545
0.6025 1.00419
0.603 1.00277
0.6035 1.00125
0.604 0.999694
0.6045 0.998163
0.605 0.996723
0.6055 0.995431
0.606 0.99434
0.6065 0.993494
0.607 0.992924
0.6075 0.992653
0.608 0.992688
0.6085 0.993026
0.609 0.99365
0.6095 0.994531
0.61 0.995631
0.6105 0.996902
0.611 0.998291
0.6115 0.999738
0.612 1.00118
0.6125 1.00257
0.613 1.00384
0.6135 1.00493
0.614 1.00582
0.6145 1.00645
0.615 1.00681
0.6155 1.00689
0.616 1.00668
0.6165 1.0062
0.617 1.00546
0.6175 1.00451
0.618 1.00337
0.6185 1.0021
0.619 1.00076
0.6195 0.999397
0.62 0.998069
0.6205 0.996831
0.621 0.995735
0.6215 0.994823
0.622 0.994133
0.6225 0.993692
0.623 0.993515
0.6235 0.993608
0.624 0.993966
0.6245 0.99457
0.625 0.995395
0.6255 0.996405
0.626 0.997556
0.6265 0.998799
0.627 1.00008
0.6275 1.00135
0.628 1.00256
0.6285 1.00365
0.629 1.00458
0.6295 1.00532
0.63 1.00583
0.6305 1.00609
0.631 1.0061
0.6315 1.00586
0.632 1.00537
0.6325 1.00467
0.633 1.00378
0.6335 1.00274
0.634 1.00159
0.6345 1.00038
0.635 0.99917
0.6355 0.997999
0.636 0.99692
0.6365 0.995976
0.637 0.995204
0.6375 0.994637
0.638 0.994296
0.6385 0.994194
0.639 0.994333
0.6395 0.994705
0.64 0.995295
0.6405 0.996076
0.641 0.997014
0.6415 0.99807
0.642 0.999199
0.6425 1.00035
0.643 1.00149
0.6435 1.00255
0.644 1.0035
0.6445 1.0043
0.645 1.00492
0.6455 1.00533
0.646 1.00551
0.6465 1.00547
0.647 1.0052
0.6475 1.00471
0.648 1.00404
0.6485 1.0032
0.649 1.00223
0.6495 1.00118
0.65 1.00008
0.6505 0.998989
0.651 0.997946
0.6515 0.996994
0.652 0.996172
0.6525 0.995514
0.653 0.995046
0.6535 0.994786
0.654 0.994744
0.6545 0.99492
0.655 0.995305
0.6555 0.995883
0.656 0.996628
0.6565 0.997508
0.657 0.998487
0.6575 0.999522
0.658 1.00057
0.6585 1.00159
0.659 1.00254
0.6595 1.00338
0.66 1.00407
0.6605 1.00459
0.661 1.00491
0.6615 1.00504
0.662 1.00495
0.6625 1.00465
0.663 1.00417
0.6635 1.00352
0.664 1.00272
0.6645 1.00181
0.665 1.00084
0.6655 0.999834
0.666 0.998842
0.6665 0.997903
0.667 0.997056
0.6675 0.996336
0.668 0.995772
0.6685 0.995386
0.669 0.995194
0.6695 0.995201
0.67 0.995408
0.6705 0.995804
0.671 0.996372
0.6715 0.997087
0.672 0.997919
0.6725 0.998833
0.673 0.999791
0.6735 1.00075
0.674 1.00168
0.6745 1.00253
0.675 1.00327
0.6755 1.00387
0.676 1.00431
0.6765 1.00457
0.677 1.00464
0.6775 1.00451
0.678 1.0042
0.6785 1.00371
0.679 1.00308
0.6795 1.00232
0.68 1.00146
0.6805 1.00055
0.681 0.999627
0.6815 0.998719
0.682 0.997868
0.6825 0.99711
0.683 0.996476
0.6835 0.995991
0.684 0.995674
0.6845 0.995538
0.685 0.995588
0.6855 0.995821
0.686 0.996226
0.6865 0.996785
0.687 0.997476
0.6875 0.998267
0.688 0.999127
0.6885 1.00002
0.689 1.00091
0.6895 1.00175
0.69 1.00252
0.6905 1.00318
0.691 1.00371
0.6915 1.00408
0.692 1.00427
0.6925 1.0043
0.693 1.00414
0.6935 1.00381
0.694 1.00332
0.6945 1.0027
0.695 1.00197
0.6955 1.00117
0.696 1.00031
0.6965 0.99945
0.697 0.998614
0.6975 0.997839
0.698 0.997157
0.6985 0.996596
0.699 0.996179
0.6995 0.995922
0.7 0.995835
