x mu lo hi
0 0.925383 0.270437 1.58033
0.0025 0.944137 0.345435 1.54284
0.005 0.962455 0.420081 1.50483
0.0075 0.980307 0.49417 1.46644
0.01 0.997663 0.567486 1.42784
0.0125 1.01449 0.639793 1.3892
0.015 1.03078 0.710829 1.35072
0.0175 1.04648 0.780276 1.31268
0.02 1.06158 0.847709 1.27546
0.0225 1.07607 0.912427 1.2397
0.025 1.08991 0.972953 1.20686
0.0275 1.10309 1.02506 1.18112
0.03 1.1156 1.05563 1.17556
0.0325 1.12742 1.05171 1.20312
0.035 1.13854 1.02907 1.248
0.0375 1.14895 1.00131 1.29659
0.04 1.15865 0.972641 1.34465
0.0425 1.16762 0.944508 1.39074
0.045 1.17588 0.917546 1.43421
0.0475 1.18341 0.892118 1.4747
0.05 1.19022 0.868467 1.51197
0.0525 1.19631 0.846775 1.54585
0.055 1.2017 0.827188 1.5762
0.0575 1.20637 0.809828 1.60292
0.06 1.21036 0.794799 1.62592
0.0625 1.21367 0.782186 1.64514
0.065 1.2163 0.772059 1.66055
0.0675 1.21829 0.764475 1.6721
0.07 1.21964 0.759475 1.67981
0.0725 1.22038 0.757085 1.68367
0.075 1.22052 0.757317 1.68372
0.0775 1.22009 0.76017 1.68
0.08 1.2191 0.765626 1.67258
0.0825 1.2176 0.773653 1.66154
0.085 1.21558 0.784203 1.64697
0.0875 1.2131 0.797213 1.62898
0.09 1.21016 0.812606 1.60772
0.0925 1.2068 0.830286 1.58332
0.095 1.20305 0.850142 1.55597
0.0975 1.19894 0.872042 1.52583
0.1 1.19449 0.895834 1.49314
0.1025 1.18973 0.921335 1.45812
0.105 1.18469 0.948322 1.42105
0.1075 1.1794 0.976505 1.38229
0.11 1.17388 1.00546 1.34231
0.1125 1.16818 1.03446 1.30189
0.115 1.16231 1.06199 1.26262
0.1175 1.15629 1.08404 1.22855
0.12 1.15017 1.09021 1.21013
0.1225 1.14396 1.07072 1.21719
0.125 1.13768 1.03459 1.24077
0.1275 1.13137 0.992021 1.27072
0.13 1.12504 0.947033 1.30304
0.1325 1.11871 0.901206 1.33622
0.135 1.11241 0.855331 1.3695
0.1375 1.10616 0.809906 1.40241
0.14 1.09996 0.765302 1.43462
0.1425 1.09384 0.721825 1.46586
0.145 1.08782 0.67974 1.49589
0.1475 1.08189 0.63929 1.5245
0.15 1.07609 0.600693 1.55148
0.1525 1.0704 0.564152 1.57665
0.155 1.06485 0.529853 1.59985
0.1575 1.05944 0.497964 1.62092
0.16 1.05417 0.46864 1.63971
0.1625 1.04905 0.442016 1.65608
0.165 1.04407 0.418212 1.66993
0.1675 1.03924 0.397331 1.68115
0.17 1.03456 0.379459 1.68965
0.1725 1.03001 0.364663 1.69535
0.175 1.0256 0.352992 1.6982
0.1775 1.02131 0.344479 1.69814
0.18 1.01714 0.339135 1.69515
0.1825 1.01308 0.336955 1.68921
0.185 1.00912 0.337916 1.68033
0.1875 1.00525 0.341976 1.66852
0.19 1.00144 0.349074 1.65381
0.1925 0.997696 0.359134 1.63626
0.195 0.993993 0.372061 1.61592
0.1975 0.990315 0.387743 1.59289
0.2 0.986647 0.406052 1.56724
0.2025 0.982972 0.426845 1.5391
0.205 0.979271 0.449961 1.50858
0.2075 0.975527 0.475228 1.47583
0.21 0.971721 0.502457 1.44099
0.2125 0.967836 0.531446 1.40423
0.215 0.963853 0.561976 1.36573
0.2175 0.959755 0.593816 1.32569
0.22 0.955525 0.626713 1.28434
0.2225 0.951144 0.660392 1.2419
0.225 0.946597 0.694541 1.19865
0.2275 0.941869 0.728783 1.15495
0.23 0.936944 0.762617 1.11127
0.2325 0.931808 0.795248 1.06837
0.235 0.926449 0.8251 1.0278
0.2375 0.920855 0.848236 0.993474
0.24 0.915015 0.855056 0.974974
0.2425 0.90892 0.837472 0.980368
0.245 0.902562 0.804565 1.00056
0.2475 0.895934 0.766208 1.02566
0.25 0.88903 0.726357 1.0517
0.2525 0.881848 0.686557 1.07714
0.255 0.874385 0.647555 1.10122
0.2575 0.86664 0.609798 1.12348
0.26 0.858614 0.5736 1.14363
0.2625 0.850308 0.539204 1.16141
0.265 0.841727 0.50681 1.17664
0.2675 0.832876 0.476592 1.18916
0.27 0.82376 0.448696 1.19882
0.2725 0.814388 0.423251 1.20553
0.275 0.80477 0.400367 1.20917
0.2775 0.794915 0.380134 1.2097
0.28 0.784835 0.362628 1.20704
0.2825 0.774543 0.347904 1.20118
0.285 0.764053 0.336002 1.1921
0.2875 0.75338 0.326945 1.17981
0.29 0.742539 0.320736 1.16434
0.2925 0.731547 0.317362 1.14573
0.295 0.720421 0.316793 1.12405
0.2975 0.70918 0.31898 1.09938
0.3 0.697841 0.323856 1.07182
0.3025 0.686423 0.331336 1.04151
0.305 0.674945 0.341314 1.00858
0.3075 0.663428 0.353665 0.97319
0.31 0.651889 0.368238 0.93554
0.3125 0.64035 0.384851 0.895849
0.315 0.628829 0.403278 0.85438
0.3175 0.617346 0.423222 0.81147
0.32 0.60592 0.44425 0.76759
0.3225 0.59457 0.465626 0.723514
0.325 0.583314 0.485816 0.680812
0.3275 0.572171 0.500901 0.643442
0.33 0.561158 0.501199 0.621117
0.3325 0.550292 0.477927 0.622657
0.335 0.539589 0.438989 0.640189
0.3375 0.529065 0.393822 0.664307
0.34 0.518734 0.346345 0.691123
0.3425 0.508611 0.298135 0.719087
0.345 0.498709 0.249987 0.74743
0.3475 0.489039 0.202403 0.775676
0.35 0.479614 0.155752 0.803477
0.3525 0.470444 0.110339 0.830549
0.355 0.461538 0.0664301 0.856646
0.3575 0.452905 0.0242647 0.881545
0.36 0.444551 -0.0159386 0.905042
0.3625 0.436485 -0.0539785 0.926948
0.365 0.42871 -0.0896702 0.94709
0.3675 0.421232 -0.122845 0.965309
0.37 0.414054 -0.15335 0.981457
0.3725 0.407178 -0.181047 0.995403
0.375 0.400606 -0.205818 1.00703
0.3775 0.394338 -0.227559 1.01624
0.38 0.388374 -0.246183 1.02293
0.3825 0.382713 -0.261622 1.02705
0.385 0.377352 -0.273826 1.02853
0.3875 0.372289 -0.282761 1.02734
0.39 0.367518 -0.288414 1.02345
0.3925 0.363036 -0.290788 1.01686
0.395 0.358836 -0.289906 1.00758
0.3975 0.354913 -0.285806 0.995633
0.4 0.351259 -0.278548 0.981067
0.4025 0.347867 -0.268207 0.963941
0.405 0.344728 -0.254875 0.944331
0.4075 0.341833 -0.238663 0.922329
0.41 0.339173 -0.219697 0.898042
0.4125 0.336737 -0.198118 0.871591
0.415 0.334515 -0.174083 0.843113
0.4175 0.332496 -0.147766 0.812759
0.42 0.330669 -0.119352 0.780691
0.4225 0.329023 -0.089044 0.747089
0.425 0.327544 -0.0570575 0.712145
0.4275 0.326221 -0.0236254 0.676066
0.43 0.325041 0.0110005 0.639081
0.4325 0.323992 0.0465431 0.60144
0.435 0.32306 0.0826871 0.563434
0.4375 0.322234 0.119051 0.525417
0.44 0.3215 0.155124 0.487876
0.4425 0.320845 0.190098 0.451593
0.445 0.320257 0.222398 0.418116
0.4475 0.319723 0.248267 0.391178
0.45 0.319229 0.259274 0.379183
0.4525 0.318764 0.248859 0.388668
0.455 0.318315 0.224694 0.411935
0.4575 0.31787 0.195577 0.440163
0.46 0.317417 0.165309 0.469526
0.4625 0.316946 0.135434 0.498458
0.465 0.316444 0.106704 0.526184
0.4675 0.315901 0.0795631 0.552238
0.47 0.315306 0.0543178 0.576294
0.4725 0.314649 0.0311999 0.598099
0.475 0.313922 0.010397 0.617446
0.4775 0.313114 -0.0079343 0.634162
0.48 0.312217 -0.0236621 0.648096
0.4825 0.311223 -0.0366751 0.659121
0.485 0.310125 -0.0468812 0.66713
0.4875 0.308915 -0.0542058 0.672035
0.49 0.307587 -0.058592 0.673765
0.4925 0.306135 -0.0599998 0.672269
0.495 0.304553 -0.058406 0.667513
0.4975 0.302838 -0.0538047 0.659481
0.5 0.300985 -0.0462067 0.648177
0.5025 0.29899 -0.0356408 0.633622
0.505 0.296851 -0.0221542 0.615857
0.5075 0.294566 -0.00581402 0.594945
0.51 0.292132 0.0132891 0.570974
0.5125 0.289548 0.0350354 0.544061
0.515 0.286815 0.0592638 0.514367
0.5175 0.283933 0.0857452 0.48212
0.52 0.280901 0.114121 0.447681
0.5225 0.277722 0.143739 0.411705
0.525 0.274398 0.173142 0.375654
0.5275 0.27093 0.198242 0.343619
0.53 0.267323 0.207364 0.327282
0.5325 0.263579 0.187974 0.339183
0.535 0.259702 0.149502 0.369902
0.5375 0.255697 0.102932 0.408462
0.54 0.251569 0.052306 0.450833
0.5425 0.247324 -0.000884708 0.495533
0.545 0.242967 -0.055931 0.541864
0.5475 0.238503 -0.112405 0.589411
0.55 0.233941 -0.169995 0.637877
0.5525 0.229286 -0.22845 0.687021
0.555 0.224546 -0.287544 0.736636
0.5575 0.219727 -0.347075 0.78653
0.56 0.214839 -0.406852 0.83653
0.5625 0.209887 -0.466694 0.886469
0.565 0.204881 -0.526429 0.936192
0.5675 0.199829 -0.585894 0.985552
0.57 0.194738 -0.644934 1.03441
0.5725 0.189617 -0.703402 1.08264
0.575 0.184473 -0.761161 1.13011
0.5775 0.179317 -0.81808 1.17671
0.58 0.174154 -0.874038 1.22235
0.5825 0.168995 -0.928925 1.26691
0.585 0.163846 -0.982637 1.31033
0.5875 0.158716 -1.03508 1.35251
0.59 0.153613 -1.08617 1.3934
0.5925 0.148544 -1.13584 1.43293
0.595 0.143517 -1.18402 1.47105
0.5975 0.138539 -1.23065 1.50773
0.6 0.133617 -1.27569 1.54292
0.6025 0.128758 -1.3191 1.57661
0.605 0.123969 -1.36084 1.60878
0.6075 0.119256 -1.40091 1.63942
0.61 0.114624 -1.43929 1.66854
0.6125 0.110081 -1.47597 1.69613
0.615 0.10563 -1.51096 1.72222
0.6175 0.101278 -1.54426 1.74681
0.62 0.0970295 -1.57589 1.76995
0.6225 0.0928882 -1.60587 1.79165
0.625 0.088859 -1.63423 1.81195
0.6275 0.0849456 -1.66101 1.8309
0.63 0.0811519 -1.68623 1.84854
0.6325 0.0774811 -1.70994 1.8649
0.635 0.0739364 -1.73218 1.88006
0.6375 0.0705207 -1.75301 1.89405
0.64 0.0672365 -1.77245 1.90693
0.6425 0.0640863 -1.79058 1.91875
0.645 0.0610721 -1.80744 1.92958
0.6475 0.0581959 -1.82308 1.93947
0.65 0.0554595 -1.83755 1.94847
0.6525 0.0528645 -1.85092 1.95665
0.655 0.0504124 -1.86323 1.96405
0.6575 0.0481043 -1.87454 1.97074
0.66 0.0459416 -1.88489 1.97677
0.6625 0.0439254 -1.89434 1.98219
0.665 0.0420566 -1.90294 1.98705
0.6675 0.0403363 -1.91073 1.99141
0.67 0.0387654 -1.91777 1.9953
0.6725 0.0373448 -1.92408 1.99877
0.675 0.0360755 -1.92972 2.00187
0.6775 0.0349582 -1.93471 2.00463
0.68 0.0339941 -1.9391 2.00709
0.6825 0.0331841 -1.94292 2.00928
0.685 0.0325293 -1.94619 2.01124
0.6875 0.0320306 -1.94894 2.013
0.69 0.0316894 -1.9512 2.01457
0.6925 0.0315067 -1.95298 2.01599
0.695 0.0314841 -1.9543 2.01727
0.6975 0.0316227 -1.95518 2.01843
0.7 0.0319242 -1.95563 2.01948
0.7025 0.0323901 -1.95565 2.02043
0.705 0.0330219 -1.95525 2.02129
0.7075 0.0338214 -1.95443 2.02207
0.71 0.0347904 -1.95318 2.02276
0.7125 0.0359305 -1.95151 2.02337
0.715 0.0372437 -1.94941 2.02389
0.7175 0.0387318 -1.94686 2.02432
0.72 0.0403965 -1.94385 2.02464
0.7225 0.0422398 -1.94036 2.02484
0.725 0.0442634 -1.93637 2.0249
0.7275 0.0464689 -1.93187 2.02481
0.73 0.048858 -1.92682 2.02453
0.7325 0.0514322 -1.92119 2.02406
0.735 0.0541928 -1.91496 2.02335
0.7375 0.0571409 -1.90809 2.02237
0.74 0.0602775 -1.90054 2.0211
0.7425 0.0636033 -1.89228 2.01948
0.745 0.0671187 -1.88326 2.01749
0.7475 0.0708237 -1.87344 2.01508
0.75 0.0747182 -1.86277 2.01221
0.7525 0.0788016 -1.85121 2.00881
0.755 0.0830728 -1.83871 2.00486
0.7575 0.0875304 -1.82522 2.00028
0.76 0.0921724 -1.81069 1.99504
0.7625 0.0969965 -1.79507 1.98906
0.765 0.102 -1.77831 1.98231
0.7675 0.107178 -1.76035 1.9747
0.77 0.112529 -1.74114 1.9662
0.7725 0.118046 -1.72064 1.95673
0.775 0.123724 -1.69879 1.94624
0.7775 0.129559 -1.67555 1.93466
0.78 0.135542 -1.65087 1.92195
0.7825 0.141667 -1.62471 1.90804
0.785 0.147926 -1.59702 1.89288
0.7875 0.154311 -1.56779 1.87641
0.79 0.160812 -1.53696 1.85858
0.7925 0.16742 -1.50451 1.83935
0.795 0.174124 -1.47042 1.81867
0.7975 0.180913 -1.43468 1.7965
0.8 0.187775 -1.39726 1.77281
0.8025 0.194699 -1.35817 1.74757
0.805 0.201671 -1.3174 1.72074
0.8075 0.208678 -1.27497 1.69232
0.81 0.215706 -1.23088 1.66229
0.8125 0.222742 -1.18517 1.63065
0.815 0.22977 -1.13785 1.59739
0.8175 0.236776 -1.08899 1.56254
0.82 0.243744 -1.03861 1.52609
0.8225 0.250659 -0.986774 1.48809
0.825 0.257506 -0.933554 1.44856
0.8275 0.264268 -0.87902 1.40756
0.83 0.27093 -0.823258 1.36512
0.8325 0.277476 -0.766357 1.32131
0.835 0.28389 -0.70842 1.2762
0.8375 0.290157 -0.649557 1.22987
0.84 0.296262 -0.589886 1.18241
0.8425 0.302188 -0.529535 1.13391
0.845 0.307923 -0.46864 1.08448
0.8475 0.31345 -0.407343 1.03424
0.85 0.318757 -0.345799 0.983312
0.8525 0.323829 -0.284167 0.931825
0.855 0.328655 -0.222618 0.879928
0.8575 0.333222 -0.161332 0.827776
0.86 0.337518 -0.100504 0.77554
0.8625 0.341533 -0.0403447 0.723411
0.865 0.345258 0.0189042 0.671611
0.8675 0.348682 0.0769484 0.620415
0.87 0.351798 0.133383 0.570213
0.8725 0.354599 0.187535 0.521662
0.875 0.357078 0.237953 0.476202
0.8775 0.359229 0.280385 0.438074
0.88 0.36105 0.301085 0.421014
0.8825 0.362535 0.285857 0.439214
0.885 0.363684 0.251573 0.475794
0.8875 0.364493 0.212439 0.516547
0.89 0.364964 0.172723 0.557205
0.8925 0.365096 0.133854 0.596339
0.895 0.364892 0.0964754 0.633309
0.8975 0.364354 0.0609543 0.667753
0.9 0.363485 0.0275424 0.699427
0.9025 0.362289 -0.0035674 0.728146
0.905 0.360773 -0.0322173 0.753763
0.9075 0.358942 -0.0582732 0.776157
0.91 0.356803 -0.0816195 0.795226
0.9125 0.354365 -0.102156 0.810885
0.915 0.351634 -0.119798 0.823066
0.9175 0.348621 -0.134473 0.831716
0.92 0.345336 -0.146124 0.836795
0.9225 0.341788 -0.154704 0.83828
0.925 0.337988 -0.160184 0.83616
0.9275 0.333948 -0.162544 0.83044
0.93 0.32968 -0.161779 0.821139
0.9325 0.325195 -0.1579 0.808289
0.935 0.320505 -0.150927 0.791938
0.9375 0.315624 -0.140896 0.772145
0.94 0.310564 -0.127858 0.748987
0.9425 0.305338 -0.111877 0.722554
0.945 0.299959 -0.0930309 0.69295
0.9475 0.29444 -0.0714164 0.660297
0.95 0.288794 -0.0471481 0.624736
0.9525 0.283033 -0.0203659 0.586433
0.955 0.277172 0.00875478 0.545588
0.9575 0.271221 0.0399785 0.502463
0.96 0.265193 0.0729524 0.457435
0.9625 0.259102 0.107048 0.411156
0.965 0.252958 0.140848 0.365069
0.9675 0.246774 0.170096 0.323453
0.97 0.240561 0.180596 0.300525
0.9725 0.234329 0.155484 0.313173
0.975 0.228089 0.108964 0.347214
0.9775 0.221852 0.0547882 0.388915
0.98 0.215627 -0.00278826 0.434042
0.9825 0.209424 -0.06231 0.481157
0.985 0.203251 -0.123103 0.529604
0.9875 0.197117 -0.184761 0.578995
0.99 0.191031 -0.246991 0.629053
0.9925 0.185 -0.309554 0.679554
0.995 0.17903 -0.372243 0.730303
0.9975 0.173129 -0.434867 0.781125
1 0.167304 -0.497252 0.831859
