x mu lo hi
0 1.0691 0.915782 1.22242
0.0025 1.0736 0.932502 1.21469
0.005 1.07796 0.948423 1.2075
0.0075 1.0822 0.963513 1.20089
0.01 1.08631 0.977737 1.19488
0.0125 1.09029 0.991053 1.18953
0.015 1.09415 1.00342 1.18488
0.0175 1.09788 1.01477 1.18098
0.02 1.10149 1.02507 1.1779
0.0225 1.10498 1.03427 1.17568
0.025 1.10834 1.04231 1.17437
0.0275 1.11159 1.0492 1.17397
0.03 1.11472 1.05495 1.17448
0.0325 1.11773 1.05962 1.17583
0.035 1.12062 1.06333 1.17792
0.0375 1.1234 1.06619 1.18062
0.04 1.12607 1.06837 1.18377
0.0425 1.12862 1.07002 1.18723
0.045 1.13106 1.07127 1.19086
0.0475 1.13339 1.07224 1.19455
0.05 1.13561 1.07303 1.19819
0.0525 1.13772 1.07373 1.20171
0.055 1.13972 1.07438 1.20506
0.0575 1.14161 1.07504 1.20818
0.06 1.14339 1.07573 1.21105
0.0625 1.14506 1.07648 1.21365
0.065 1.14663 1.0773 1.21596
0.0675 1.14809 1.07819 1.21798
0.07 1.14943 1.07916 1.21971
0.0725 1.15067 1.08021 1.22114
0.075 1.15181 1.08132 1.2223
0.0775 1.15283 1.08248 1.22317
0.08 1.15374 1.0837 1.22379
0.0825 1.15454 1.08494 1.22415
0.085 1.15524 1.08619 1.22428
0.0875 1.15581 1.08743 1.2242
0.09 1.15628 1.08865 1.22391
0.0925 1.15663 1.08982 1.22345
0.095 1.15687 1.09092 1.22282
0.0975 1.15699 1.09192 1.22205
0.1 1.15699 1.09281 1.22116
0.1025 1.15687 1.09357 1.22017
0.105 1.15663 1.09416 1.21909
0.1075 1.15626 1.09457 1.21795
0.11 1.15577 1.09478 1.21676
0.1125 1.15515 1.09477 1.21554
0.115 1.1544 1.09452 1.21429
0.1175 1.15352 1.09402 1.21303
0.12 1.15251 1.09327 1.21175
0.1225 1.15136 1.09224 1.21048
0.125 1.15007 1.09095 1.20919
0.1275 1.14864 1.08939 1.20789
0.13 1.14707 1.08757 1.20657
0.1325 1.14535 1.08548 1.20522
0.135 1.14348 1.08314 1.20382
0.1375 1.14146 1.08056 1.20237
0.14 1.13929 1.07775 1.20083
0.1425 1.13697 1.07473 1.19921
0.145 1.13448 1.0715 1.19747
0.1475 1.13184 1.06807 1.19561
0.15 1.12903 1.06447 1.1936
0.1525 1.12606 1.06071 1.19142
0.155 1.12293 1.05678 1.18907
0.1575 1.11962 1.05272 1.18653
0.16 1.11614 1.04851 1.18377
0.1625 1.1125 1.04418 1.18081
0.165 1.10867 1.03974 1.17761
0.1675 1.10467 1.03517 1.17417
0.17 1.1005 1.0305 1.17049
0.1725 1.09614 1.02573 1.16656
0.175 1.09161 1.02085 1.16237
0.1775 1.0869 1.01588 1.15792
0.18 1.082 1.01081 1.1532
0.1825 1.07693 1.00564 1.14822
0.185 1.07167 1.00037 1.14297
0.1875 1.06623 0.995003 1.13745
0.19 1.06061 0.989536 1.13168
0.1925 1.0548 0.983966 1.12564
0.195 1.04882 0.978291 1.11934
0.1975 1.04265 0.972507 1.1128
0.2 1.03631 0.96661 1.106
0.2025 1.02978 0.960596 1.09897
0.205 1.02308 0.954462 1.09171
0.2075 1.01621 0.948202 1.08422
0.21 1.00916 0.941813 1.07651
0.2125 1.00194 0.935289 1.0686
0.215 0.994559 0.928627 1.06049
0.2175 0.987009 0.921823 1.0522
0.22 0.979297 0.914871 1.04372
0.2225 0.971426 0.907769 1.03508
0.225 0.9634 0.900512 1.02629
0.2275 0.955223 0.8931 1.01735
0.23 0.946899 0.885528 1.00827
0.2325 0.938432 0.877796 0.999069
0.235 0.929828 0.869903 0.989754
0.2375 0.921091 0.861848 0.980334
0.24 0.912226 0.853634 0.970818
0.2425 0.903239 0.84526 0.961217
0.245 0.894134 0.836731 0.951537
0.2475 0.884919 0.82805 0.941788
0.25 0.875598 0.81922 0.931976
0.2525 0.866179 0.810249 0.922109
0.255 0.856667 0.801141 0.912194
0.2575 0.84707 0.791904 0.902235
0.26 0.837393 0.782546 0.89224
0.2625 0.827644 0.773075 0.882213
0.265 0.81783 0.763499 0.872161
0.2675 0.807958 0.753828 0.862087
0.27 0.798035 0.744072 0.851998
0.2725 0.788069 0.734239 0.841899
0.275 0.778067 0.724339 0.831794
0.2775 0.768036 0.714381 0.821691
0.28 0.757985 0.704375 0.811595
0.2825 0.747921 0.694331 0.801511
0.285 0.737851 0.684255 0.791447
0.2875 0.727784 0.674157 0.781411
0.29 0.717727 0.664045 0.771408
0.2925 0.707687 0.653926 0.761448
0.295 0.697673 0.643808 0.751538
0.2975 0.687691 0.633697 0.741686
0.3 0.677751 0.623599 0.731902
0.3025 0.667857 0.613522 0.722193
0.305 0.65802 0.60347 0.712569
0.3075 0.648244 0.59345 0.703039
0.31 0.638538 0.583467 0.69361
0.3125 0.628909 0.573527 0.684291
0.315 0.619363 0.563636 0.675091
0.3175 0.609908 0.5538 0.666015
0.32 0.600549 0.544025 0.657072
0.3225 0.591292 0.534318 0.648267
0.325 0.582145 0.524684 0.639605
0.3275 0.573112 0.515132 0.631092
0.33 0.5642 0.505668 0.622731
0.3325 0.555413 0.496301 0.614525
0.335 0.546757 0.487038 0.606477
0.3375 0.538238 0.477889 0.598587
0.34 0.529858 0.468861 0.590856
0.3425 0.521624 0.459963 0.583284
0.345 0.513538 0.451206 0.57587
0.3475 0.505604 0.442597 0.568612
0.35 0.497827 0.434146 0.561508
0.3525 0.490209 0.425862 0.554556
0.355 0.482753 0.417755 0.547751
0.3575 0.475462 0.409832 0.541092
0.36 0.468337 0.402101 0.534573
0.3625 0.461381 0.394571 0.52819
0.365 0.454595 0.38725 0.521941
0.3675 0.447981 0.380143 0.515819
0.37 0.44154 0.373257 0.509822
0.3725 0.435271 0.366598 0.503945
0.375 0.429177 0.360169 0.498184
0.3775 0.423255 0.353976 0.492535
0.38 0.417507 0.34802 0.486995
0.3825 0.411932 0.342304 0.48156
0.385 0.406528 0.336829 0.476228
0.3875 0.401296 0.331595 0.470996
0.39 0.396232 0.326601 0.465863
0.3925 0.391335 0.321844 0.460827
0.395 0.386605 0.317323 0.455887
0.3975 0.382037 0.313031 0.451042
0.4 0.37763 0.308965 0.446294
0.4025 0.37338 0.305117 0.441643
0.405 0.369286 0.30148 0.437092
0.4075 0.365343 0.298045 0.432641
0.41 0.361549 0.294803 0.428295
0.4125 0.357899 0.291742 0.424056
0.415 0.35439 0.28885 0.41993
0.4175 0.351017 0.286115 0.41592
0.42 0.347778 0.283524 0.412032
0.4225 0.344667 0.281062 0.408271
0.425 0.341679 0.278715 0.404644
0.4275 0.338812 0.276468 0.401155
0.43 0.336059 0.274307 0.39781
0.4325 0.333416 0.272217 0.394615
0.435 0.330878 0.270184 0.391572
0.4375 0.328441 0.268195 0.388687
0.44 0.326099 0.266238 0.38596
0.4425 0.323847 0.264302 0.383392
0.445 0.321681 0.26238 0.380983
0.4475 0.319596 0.260463 0.378729
0.45 0.317586 0.258548 0.376624
0.4525 0.315647 0.256631 0.374662
0.455 0.313773 0.254713 0.372833
0.4575 0.31196 0.252795 0.371125
0.46 0.310203 0.25088 0.369526
0.4625 0.308497 0.248975 0.368019
0.465 0.306837 0.247085 0.366589
0.4675 0.30522 0.245221 0.365219
0.47 0.30364 0.24339 0.36389
0.4725 0.302093 0.241602 0.362583
0.475 0.300575 0.239868 0.361281
0.4775 0.299081 0.238198 0.359965
0.48 0.297609 0.2366 0.358619
0.4825 0.296154 0.235083 0.357225
0.485 0.294712 0.233655 0.355769
0.4875 0.29328 0.232321 0.35424
0.49 0.291856 0.231086 0.352626
0.4925 0.290435 0.229949 0.35092
0.495 0.289014 0.22891 0.349119
0.4975 0.287592 0.227961 0.347224
0.5 0.286166 0.227093 0.34524
0.5025 0.284734 0.226288 0.343179
0.505 0.283293 0.225524 0.341061
0.5075 0.281841 0.22477 0.338912
0.51 0.280377 0.223984 0.336771
0.5125 0.278901 0.223116 0.334685
0.515 0.277409 0.222104 0.332714
0.5175 0.275902 0.220875 0.330929
0.52 0.274379 0.219345 0.329413
0.5225 0.272839 0.217426 0.328253
0.525 0.271282 0.215024 0.327539
0.5275 0.269708 0.212056 0.32736
0.53 0.268117 0.208445 0.327789
0.5325 0.266509 0.204134 0.328884
0.535 0.264884 0.199087 0.330682
0.5375 0.263245 0.193287 0.333203
0.54 0.261591 0.186737 0.336445
0.5425 0.259923 0.179451 0.340396
0.545 0.258244 0.171453 0.345035
0.5475 0.256554 0.162772 0.350336
0.55 0.254855 0.153439 0.356271
0.5525 0.253149 0.143486 0.362812
0.555 0.251437 0.132942 0.369933
0.5575 0.249723 0.121838 0.377609
0.56 0.248008 0.110199 0.385817
0.5625 0.246295 0.0980525 0.394537
0.565 0.244586 0.0854228 0.403748
0.5675 0.242883 0.0723337 0.413432
0.57 0.24119 0.0588083 0.423572
0.5725 0.23951 0.0448691 0.43415
0.575 0.237844 0.0305384 0.445151
0.5775 0.236198 0.0158382 0.456557
0.58 0.234572 0.000790574 0.468353
0.5825 0.232971 -0.0145821 0.480524
0.585 0.231397 -0.0302576 0.493052
0.5875 0.229855 -0.046213 0.505923
0.59 0.228346 -0.0624254 0.519118
0.5925 0.226875 -0.0788715 0.532621
0.595 0.225444 -0.0955274 0.546416
0.5975 0.224057 -0.112369 0.560484
0.6 0.222717 -0.129372 0.574807
0.6025 0.221428 -0.146511 0.589367
0.605 0.220192 -0.163762 0.604145
0.6075 0.219012 -0.181098 0.619122
0.61 0.217892 -0.198494 0.634278
0.6125 0.216834 -0.215924 0.649592
0.615 0.215842 -0.233361 0.665046
0.6175 0.214919 -0.250779 0.680616
0.62 0.214067 -0.268151 0.696284
0.6225 0.213288 -0.28545 0.712026
0.625 0.212586 -0.302649 0.727822
0.6275 0.211963 -0.319722 0.743649
0.63 0.211422 -0.336642 0.759486
0.6325 0.210964 -0.353381 0.775309
0.635 0.210592 -0.369913 0.791096
0.6375 0.210307 -0.386211 0.806825
0.64 0.210112 -0.40225 0.822473
0.6425 0.210008 -0.418002 0.838017
0.645 0.209996 -0.433442 0.853435
0.6475 0.210079 -0.448545 0.868703
0.65 0.210256 -0.463286 0.883799
0.6525 0.21053 -0.47764 0.898701
0.655 0.210902 -0.491582 0.913385
0.6575 0.211371 -0.50509 0.927831
0.66 0.211938 -0.51814 0.942016
0.6625 0.212604 -0.530709 0.955918
0.665 0.213369 -0.542777 0.969516
0.6675 0.214233 -0.554322 0.982788
0.67 0.215196 -0.565324 0.995715
0.6725 0.216256 -0.575763 1.00828
0.675 0.217415 -0.585621 1.02045
0.6775 0.218671 -0.594879 1.03222
0.68 0.220023 -0.603521 1.04357
0.6825 0.22147 -0.611531 1.05447
0.685 0.22301 -0.618894 1.06491
0.6875 0.224643 -0.625595 1.07488
0.69 0.226367 -0.631622 1.08436
0.6925 0.228179 -0.636962 1.09332
0.695 0.230079 -0.641604 1.10176
0.6975 0.232064 -0.645538 1.10967
0.7 0.234131 -0.648756 1.11702
0.7025 0.236278 -0.651249 1.1238
0.705 0.238502 -0.653011 1.13002
0.7075 0.240802 -0.654036 1.13564
0.71 0.243173 -0.65432 1.14067
0.7125 0.245613 -0.653859 1.14509
0.715 0.248119 -0.652652 1.14889
0.7175 0.250688 -0.650697 1.15207
0.72 0.253315 -0.647994 1.15462
0.7225 0.255997 -0.644545 1.15654
0.725 0.258732 -0.640353 1.15782
0.7275 0.261514 -0.635421 1.15845
0.73 0.264341 -0.629753 1.15843
0.7325 0.267208 -0.623357 1.15777
0.735 0.270111 -0.616238 1.15646
0.7375 0.273046 -0.608406 1.1545
0.74 0.276008 -0.599869 1.15189
0.7425 0.278995 -0.590638 1.14863
0.745 0.282 -0.580725 1.14473
0.7475 0.285021 -0.570143 1.14018
0.75 0.288052 -0.558904 1.13501
0.7525 0.291089 -0.547025 1.1292
0.755 0.294128 -0.53452 1.12277
0.7575 0.297163 -0.521406 1.11573
0.76 0.300191 -0.507701 1.10808
0.7625 0.303207 -0.493424 1.09984
0.765 0.306206 -0.478595 1.09101
0.7675 0.309185 -0.463233 1.0816
0.77 0.312137 -0.447361 1.07164
0.7725 0.31506 -0.431 1.06112
0.775 0.317948 -0.414173 1.05007
0.7775 0.320797 -0.396905 1.0385
0.78 0.323602 -0.379219 1.02642
0.7825 0.326359 -0.361142 1.01386
0.785 0.329065 -0.342698 1.00083
0.7875 0.331714 -0.323914 0.987342
0.79 0.334303 -0.304818 0.973423
0.7925 0.336827 -0.285437 0.95909
0.795 0.339282 -0.2658 0.944363
0.7975 0.341665 -0.245934 0.929264
0.8 0.343971 -0.22587 0.913812
0.8025 0.346197 -0.205637 0.898032
0.805 0.34834 -0.185265 0.881945
0.8075 0.350395 -0.164784 0.865574
0.81 0.352359 -0.144226 0.848945
0.8125 0.354229 -0.123622 0.832081
0.815 0.356002 -0.103002 0.815007
0.8175 0.357675 -0.0823987 0.797749
0.82 0.359244 -0.0618443 0.780333
0.8225 0.360708 -0.0413712 0.762786
0.825 0.362062 -0.0210119 0.745136
0.8275 0.363305 -0.000799623 0.72741
0.83 0.364435 0.0192322 0.709637
0.8325 0.365448 0.0390494 0.691847
0.835 0.366344 0.0586175 0.67407
0.8375 0.367119 0.0779008 0.656337
0.84 0.367773 0.0968629 0.638683
0.8425 0.368303 0.115466 0.621141
0.845 0.368709 0.133669 0.603748
0.8475 0.368988 0.151431 0.586545
0.85 0.36914 0.168705 0.569575
0.8525 0.369164 0.185439 0.552888
0.855 0.369058 0.201576 0.53654
0.8575 0.368822 0.217046 0.520598
0.86 0.368456 0.231768 0.505145
0.8625 0.36796 0.245636 0.490283
0.865 0.367332 0.258516 0.476148
0.8675 0.366573 0.27023 0.462916
0.87 0.365683 0.280541 0.450826
0.8725 0.364663 0.289139 0.440187
0.875 0.363512 0.295644 0.431381
0.8775 0.362232 0.299662 0.424802
0.88 0.360823 0.300916 0.42073
0.8825 0.359286 0.299405 0.419166
0.885 0.357621 0.295464 0.419779
0.8875 0.355831 0.289645 0.422018
0.89 0.353917 0.282532 0.425301
0.8925 0.351879 0.274624 0.429134
0.895 0.34972 0.266297 0.433143
0.8975 0.347441 0.257825 0.437057
0.9 0.345044 0.249403 0.440685
0.9025 0.342531 0.241171 0.443892
0.905 0.339905 0.233232 0.446578
0.9075 0.337167 0.225661 0.448672
0.91 0.334319 0.218516 0.450123
0.9125 0.331365 0.211842 0.450889
0.915 0.328307 0.205672 0.450941
0.9175 0.325147 0.200035 0.450258
0.92 0.321888 0.194952 0.448824
0.9225 0.318533 0.190438 0.446628
0.925 0.315085 0.186507 0.443664
0.9275 0.311547 0.183166 0.439929
0.93 0.307923 0.18042 0.435425
0.9325 0.304214 0.17827 0.430158
0.935 0.300425 0.176711 0.424138
0.9375 0.296558 0.175736 0.41738
0.94 0.292618 0.17533 0.409906
0.9425 0.288607 0.175472 0.401743
0.945 0.284529 0.176129 0.39293
0.9475 0.280388 0.177257 0.383519
0.95 0.276186 0.178793 0.37358
0.9525 0.271928 0.180647 0.36321
0.955 0.267618 0.182688 0.352547
0.9575 0.263258 0.184728 0.341787
0.96 0.258852 0.186493 0.331211
0.9625 0.254404 0.187588 0.321221
0.965 0.249918 0.187469 0.312367
0.9675 0.245397 0.185472 0.305323
0.97 0.240846 0.180937 0.300754
0.9725 0.236266 0.173447 0.299086
0.975 0.231663 0.162986 0.30034
0.9775 0.22704 0.149872 0.304208
0.98 0.2224 0.134554 0.310246
0.9825 0.217747 0.117453 0.318041
0.985 0.213084 0.0989036 0.327265
0.9875 0.208415 0.0791551 0.337676
0.99 0.203744 0.0583893 0.349098
0.9925 0.199073 0.0367409 0.361405
0.995 0.194406 0.0143119 0.374501
0.9975 0.189747 -0.00881813 0.388312
1 0.185098 -0.0325845 0.402781
