x mu lo hi
0 1.06077 0.97231 1.14923
0.0025 1.06648 0.981296 1.15166
0.005 1.07204 0.990015 1.15406
0.0075 1.07745 0.998464 1.15644
0.01 1.08272 1.00664 1.15881
0.0125 1.08784 1.01454 1.16115
0.015 1.09281 1.02216 1.16347
0.0175 1.09763 1.0295 1.16577
0.02 1.1023 1.03655 1.16805
0.0225 1.10681 1.04331 1.17031
0.025 1.11116 1.04978 1.17254
0.0275 1.11536 1.05596 1.17476
0.03 1.11939 1.06184 1.17695
0.0325 1.12327 1.06742 1.17912
0.035 1.12699 1.07271 1.18126
0.0375 1.13054 1.0777 1.18337
0.04 1.13393 1.0824 1.18546
0.0425 1.13715 1.08679 1.18751
0.045 1.14021 1.09089 1.18952
0.0475 1.1431 1.09471 1.19149
0.05 1.14582 1.09823 1.19341
0.0525 1.14837 1.10147 1.19528
0.055 1.15076 1.10443 1.19709
0.0575 1.15297 1.10712 1.19883
0.06 1.15502 1.10954 1.20049
0.0625 1.15689 1.1117 1.20208
0.065 1.15859 1.11361 1.20357
0.0675 1.16012 1.11527 1.20496
0.07 1.16147 1.11669 1.20625
0.0725 1.16265 1.11788 1.20743
0.075 1.16366 1.11885 1.20848
0.0775 1.1645 1.11959 1.20941
0.08 1.16516 1.12012 1.2102
0.0825 1.16565 1.12045 1.21085
0.085 1.16596 1.12058 1.21135
0.0875 1.16611 1.12051 1.2117
0.09 1.16607 1.12025 1.21189
0.0925 1.16587 1.11981 1.21192
0.095 1.16549 1.11919 1.21179
0.0975 1.16494 1.11839 1.21149
0.1 1.16421 1.11741 1.21101
0.1025 1.16332 1.11627 1.21036
0.105 1.16225 1.11496 1.20954
0.1075 1.16101 1.11349 1.20854
0.11 1.15961 1.11186 1.20736
0.1125 1.15803 1.11006 1.20599
0.115 1.15628 1.10811 1.20445
0.1175 1.15437 1.10601 1.20273
0.12 1.15229 1.10376 1.20082
0.1225 1.15004 1.10135 1.19873
0.125 1.14763 1.0988 1.19647
0.1275 1.14506 1.0961 1.19402
0.13 1.14232 1.09326 1.19139
0.1325 1.13942 1.09027 1.18858
0.135 1.13637 1.08714 1.1856
0.1375 1.13315 1.08386 1.18244
0.14 1.12978 1.08045 1.1791
0.1425 1.12625 1.0769 1.1756
0.145 1.12257 1.07321 1.17192
0.1475 1.11873 1.06939 1.16807
0.15 1.11474 1.06544 1.16405
0.1525 1.11061 1.06135 1.15987
0.155 1.10632 1.05712 1.15553
0.1575 1.1019 1.05277 1.15102
0.16 1.09732 1.04829 1.14636
0.1625 1.09261 1.04368 1.14154
0.165 1.08776 1.03895 1.13657
0.1675 1.08277 1.03408 1.13145
0.17 1.07764 1.0291 1.12618
0.1725 1.07238 1.02399 1.12077
0.175 1.06699 1.01877 1.11522
0.1775 1.06147 1.01342 1.10952
0.18 1.05583 1.00795 1.1037
0.1825 1.05005 1.00237 1.09774
0.185 1.04416 0.996676 1.09165
0.1875 1.03815 0.990867 1.08544
0.19 1.03202 0.984946 1.0791
0.1925 1.02578 0.978915 1.07265
0.195 1.01943 0.972776 1.06608
0.1975 1.01296 0.96653 1.0594
0.2 1.00639 0.96018 1.05261
0.2025 0.999721 0.953727 1.04572
0.205 0.992947 0.947172 1.03872
0.2075 0.986075 0.940519 1.03163
0.21 0.979107 0.933769 1.02444
0.2125 0.972046 0.926924 1.01717
0.215 0.964896 0.919986 1.00981
0.2175 0.957658 0.912957 1.00236
0.22 0.950337 0.90584 0.994835
0.2225 0.942935 0.898636 0.987235
0.225 0.935455 0.891348 0.979562
0.2275 0.9279 0.883978 0.971822
0.23 0.920273 0.876529 0.964017
0.2325 0.912577 0.869002 0.956151
0.235 0.904815 0.861402 0.948228
0.2375 0.89699 0.853729 0.940252
0.24 0.889106 0.845987 0.932225
0.2425 0.881165 0.838179 0.924152
0.245 0.873171 0.830307 0.916035
0.2475 0.865126 0.822374 0.907879
0.25 0.857035 0.814382 0.899687
0.2525 0.848899 0.806336 0.891462
0.255 0.840723 0.798237 0.883208
0.2575 0.832509 0.79009 0.874928
0.26 0.82426 0.781896 0.866624
0.2625 0.81598 0.773659 0.858302
0.265 0.807672 0.765383 0.849962
0.2675 0.79934 0.75707 0.841609
0.27 0.790985 0.748724 0.833246
0.2725 0.782612 0.740349 0.824876
0.275 0.774224 0.731948 0.816501
0.2775 0.765824 0.723523 0.808124
0.28 0.757414 0.71508 0.799749
0.2825 0.748999 0.70662 0.791377
0.285 0.740581 0.698149 0.783013
0.2875 0.732163 0.689669 0.774658
0.29 0.723749 0.681184 0.766314
0.2925 0.715342 0.672698 0.757986
0.295 0.706944 0.664214 0.749675
0.2975 0.698559 0.655736 0.741383
0.3 0.69019 0.647268 0.733113
0.3025 0.68184 0.638813 0.724868
0.305 0.673512 0.630375 0.716649
0.3075 0.665209 0.621957 0.70846
0.31 0.656933 0.613564 0.700302
0.3125 0.648688 0.605198 0.692178
0.315 0.640477 0.596864 0.68409
0.3175 0.632302 0.588565 0.676039
0.32 0.624167 0.580305 0.668029
0.3225 0.616074 0.572086 0.660062
0.325 0.608026 0.563913 0.652138
0.3275 0.600025 0.555788 0.644262
0.33 0.592075 0.547716 0.636433
0.3325 0.584178 0.5397 0.628656
0.335 0.576336 0.531742 0.62093
0.3375 0.568553 0.523846 0.613259
0.34 0.560831 0.516016 0.605645
0.3425 0.553171 0.508254 0.598089
0.345 0.545578 0.500563 0.590593
0.3475 0.538053 0.492946 0.58316
0.35 0.530598 0.485407 0.57579
0.3525 0.523217 0.477948 0.568486
0.355 0.51591 0.470571 0.561249
0.3575 0.508681 0.46328 0.554082
0.36 0.501531 0.456077 0.546986
0.3625 0.494463 0.448964 0.539963
0.365 0.487479 0.441944 0.533014
0.3675 0.480581 0.43502 0.526142
0.37 0.47377 0.428193 0.519348
0.3725 0.46705 0.421466 0.512633
0.375 0.46042 0.414841 0.506
0.3775 0.453885 0.408319 0.49945
0.38 0.447444 0.401903 0.492985
0.3825 0.4411 0.395595 0.486605
0.385 0.434855 0.389395 0.480314
0.3875 0.428709 0.383307 0.474112
0.39 0.422666 0.37733 0.468001
0.3925 0.416725 0.371467 0.461983
0.395 0.410889 0.365718 0.456059
0.3975 0.405158 0.360086 0.450231
0.4 0.399535 0.35457 0.4445
0.4025 0.39402 0.349172 0.438869
0.405 0.388615 0.343892 0.433338
0.4075 0.38332 0.338731 0.427909
0.41 0.378137 0.33369 0.422583
0.4125 0.373066 0.328769 0.417363
0.415 0.368109 0.323968 0.41225
0.4175 0.363267 0.319288 0.407245
0.42 0.358539 0.314728 0.402351
0.4225 0.353928 0.310288 0.397568
0.425 0.349433 0.305968 0.392899
0.4275 0.345056 0.301767 0.388344
0.43 0.340796 0.297685 0.383907
0.4325 0.336654 0.293721 0.379588
0.435 0.332631 0.289874 0.375389
0.4375 0.328728 0.286144 0.371312
0.44 0.324943 0.282528 0.367358
0.4425 0.321278 0.279026 0.36353
0.445 0.317733 0.275637 0.359829
0.4475 0.314308 0.272358 0.356257
0.45 0.311002 0.269188 0.352816
0.4525 0.307816 0.266126 0.349507
0.455 0.304751 0.263168 0.346333
0.4575 0.301805 0.260314 0.343295
0.46 0.298978 0.257562 0.340394
0.4625 0.29627 0.254908 0.337633
0.465 0.293682 0.252351 0.335013
0.4675 0.291212 0.249888 0.332536
0.47 0.28886 0.247518 0.330203
0.4725 0.286626 0.245237 0.328015
0.475 0.284509 0.243044 0.325974
0.4775 0.282508 0.240935 0.324081
0.48 0.280623 0.23891 0.322337
0.4825 0.278854 0.236965 0.320743
0.485 0.277198 0.235098 0.319299
0.4875 0.275657 0.233308 0.318006
0.49 0.274227 0.231591 0.316863
0.4925 0.27291 0.229948 0.315872
0.495 0.271703 0.228375 0.315032
0.4975 0.270606 0.226871 0.314342
0.5 0.269618 0.225435 0.313802
0.5025 0.268737 0.224064 0.31341
0.505 0.267963 0.222759 0.313167
0.5075 0.267294 0.221518 0.313069
0.51 0.266728 0.22034 0.313117
0.5125 0.266266 0.219224 0.313307
0.515 0.265904 0.21817 0.313639
0.5175 0.265642 0.217176 0.314109
0.52 0.265479 0.216242 0.314716
0.5225 0.265413 0.215368 0.315457
0.525 0.265442 0.214554 0.316329
0.5275 0.265564 0.213798 0.31733
0.53 0.265779 0.213102 0.318457
0.5325 0.266085 0.212463 0.319706
0.535 0.266479 0.211883 0.321076
0.5375 0.266961 0.211361 0.322561
0.54 0.267528 0.210897 0.32416
0.5425 0.268179 0.21049 0.325869
0.545 0.268912 0.21014 0.327684
0.5475 0.269725 0.209848 0.329602
0.55 0.270616 0.209612 0.33162
0.5525 0.271583 0.209433 0.333734
0.555 0.272625 0.20931 0.335941
0.5575 0.27374 0.209242 0.338237
0.56 0.274925 0.20923 0.340619
0.5625 0.276178 0.209274 0.343083
0.565 0.277498 0.209371 0.345625
0.5675 0.278883 0.209523 0.348242
0.57 0.280329 0.209729 0.35093
0.5725 0.281837 0.209987 0.353686
0.575 0.283403 0.210299 0.356506
0.5775 0.285024 0.210662 0.359387
0.58 0.2867 0.211076 0.362325
0.5825 0.288429 0.21154 0.365317
0.585 0.290206 0.212055 0.368358
0.5875 0.292032 0.212619 0.371445
0.59 0.293903 0.213231 0.374576
0.5925 0.295818 0.21389 0.377746
0.595 0.297774 0.214596 0.380952
0.5975 0.299769 0.215348 0.38419
0.6 0.301801 0.216145 0.387457
0.6025 0.303868 0.216986 0.390749
0.605 0.305967 0.21787 0.394064
0.6075 0.308096 0.218796 0.397397
0.61 0.310254 0.219763 0.400746
0.6125 0.312438 0.22077 0.404106
0.615 0.314646 0.221816 0.407476
0.6175 0.316875 0.2229 0.41085
0.62 0.319124 0.224021 0.414227
0.6225 0.32139 0.225178 0.417603
0.625 0.323672 0.22637 0.420974
0.6275 0.325966 0.227595 0.424338
0.63 0.328272 0.228853 0.427691
0.6325 0.330586 0.230142 0.43103
0.635 0.332907 0.231461 0.434353
0.6375 0.335233 0.232809 0.437656
0.64 0.337561 0.234185 0.440936
0.6425 0.339889 0.235588 0.44419
0.645 0.342216 0.237016 0.447416
0.6475 0.34454 0.238468 0.450611
0.65 0.346857 0.239944 0.453771
0.6525 0.349167 0.24144 0.456895
0.655 0.351468 0.242958 0.459978
0.6575 0.353757 0.244494 0.46302
0.66 0.356032 0.246048 0.466016
0.6625 0.358292 0.247619 0.468966
0.665 0.360535 0.249206 0.471865
0.6675 0.362759 0.250806 0.474712
0.67 0.364961 0.252419 0.477504
0.6725 0.367141 0.254043 0.480239
0.675 0.369296 0.255678 0.482914
0.6775 0.371425 0.257322 0.485529
0.68 0.373526 0.258973 0.488079
0.6825 0.375597 0.26063 0.490564
0.685 0.377636 0.262292 0.492981
0.6875 0.379643 0.263957 0.495328
0.69 0.381614 0.265625 0.497604
0.6925 0.38355 0.267294 0.499806
0.695 0.385447 0.268962 0.501933
0.6975 0.387305 0.270628 0.503983
0.7 0.389123 0.272291 0.505955
0.7025 0.390898 0.27395 0.507846
0.705 0.392629 0.275603 0.509656
0.7075 0.394316 0.277248 0.511383
0.71 0.395956 0.278885 0.513026
0.7125 0.397548 0.280512 0.514583
0.715 0.399091 0.282128 0.516054
0.7175 0.400584 0.283732 0.517437
0.72 0.402026 0.285321 0.51873
0.7225 0.403415 0.286895 0.519934
0.725 0.40475 0.288453 0.521047
0.7275 0.406031 0.289993 0.522069
0.73 0.407255 0.291513 0.522998
0.7325 0.408423 0.293013 0.523833
0.735 0.409533 0.29449 0.524576
0.7375 0.410584 0.295945 0.525223
0.74 0.411576 0.297375 0.525777
0.7425 0.412507 0.298779 0.526235
0.745 0.413377 0.300156 0.526597
0.7475 0.414184 0.301504 0.526864
0.75 0.414929 0.302823 0.527035
0.7525 0.41561 0.30411 0.52711
0.755 0.416227 0.305365 0.527089
0.7575 0.416779 0.306586 0.526972
0.76 0.417266 0.307773 0.526759
0.7625 0.417687 0.308923 0.526451
0.765 0.418041 0.310036 0.526047
0.7675 0.418329 0.31111 0.525547
0.77 0.418549 0.312144 0.524953
0.7725 0.418701 0.313137 0.524265
0.775 0.418785 0.314087 0.523483
0.7775 0.418801 0.314994 0.522608
0.78 0.418748 0.315857 0.521639
0.7825 0.418626 0.316673 0.520579
0.785 0.418436 0.317443 0.519428
0.7875 0.418175 0.318164 0.518186
0.79 0.417846 0.318837 0.516855
0.7925 0.417447 0.319458 0.515435
0.795 0.416978 0.320029 0.513928
0.7975 0.41644 0.320547 0.512334
0.8 0.415833 0.321012 0.510654
0.8025 0.415156 0.321422 0.50889
0.805 0.414409 0.321776 0.507042
0.8075 0.413594 0.322075 0.505113
0.81 0.412709 0.322316 0.503102
0.8125 0.411755 0.322499 0.501012
0.815 0.410733 0.322622 0.498844
0.8175 0.409643 0.322686 0.496599
0.82 0.408484 0.32269 0.494279
0.8225 0.407258 0.322631 0.491884
0.825 0.405964 0.322511 0.489417
0.8275 0.404603 0.322328 0.486879
0.83 0.403176 0.322081 0.484271
0.8325 0.401683 0.32177 0.481595
0.835 0.400124 0.321394 0.478853
0.8375 0.398499 0.320953 0.476046
0.84 0.396811 0.320446 0.473175
0.8425 0.395058 0.319872 0.470243
0.845 0.393242 0.319232 0.467251
0.8475 0.391363 0.318525 0.464201
0.85 0.389422 0.31775 0.461094
0.8525 0.387419 0.316907 0.457932
0.855 0.385356 0.315995 0.454717
0.8575 0.383233 0.315015 0.45145
0.86 0.38105 0.313966 0.448134
0.8625 0.378809 0.312848 0.44477
0.865 0.37651 0.31166 0.44136
0.8675 0.374154 0.310403 0.437906
0.87 0.371743 0.309075 0.43441
0.8725 0.369276 0.307677 0.430874
0.875 0.366754 0.306208 0.4273
0.8775 0.36418 0.304669 0.42369
0.88 0.361552 0.303058 0.420047
0.8825 0.358873 0.301375 0.416372
0.885 0.356144 0.299619 0.412669
0.8875 0.353365 0.29779 0.408939
0.89 0.350537 0.295888 0.405186
0.8925 0.347662 0.29391 0.401413
0.895 0.344739 0.291857 0.397622
0.8975 0.341772 0.289726 0.393817
0.9 0.338759 0.287517 0.390002
0.9025 0.335703 0.285227 0.38618
0.905 0.332605 0.282855 0.382355
0.9075 0.329465 0.280399 0.378532
0.91 0.326285 0.277855 0.374715
0.9125 0.323066 0.275222 0.37091
0.915 0.319809 0.272497 0.36712
0.9175 0.316514 0.269675 0.363353
0.92 0.313184 0.266754 0.359614
0.9225 0.309819 0.263729 0.355909
0.925 0.30642 0.260597 0.352244
0.9275 0.302989 0.257354 0.348625
0.93 0.299527 0.253994 0.34506
0.9325 0.296035 0.250515 0.341554
0.935 0.292513 0.246911 0.338115
0.9375 0.288964 0.243178 0.334749
0.94 0.285388 0.239313 0.331462
0.9425 0.281786 0.235312 0.328261
0.945 0.278161 0.231172 0.32515
0.9475 0.274512 0.226889 0.322134
0.95 0.270841 0.222462 0.319219
0.9525 0.267149 0.217889 0.316409
0.955 0.263438 0.213168 0.313707
0.9575 0.259708 0.2083 0.311116
0.96 0.25596 0.203283 0.308638
0.9625 0.252197 0.198118 0.306276
0.965 0.248419 0.192805 0.304032
0.9675 0.244626 0.187347 0.301906
0.97 0.240821 0.181743 0.2999
0.9725 0.237005 0.175996 0.298014
0.975 0.233178 0.170108 0.296248
0.9775 0.229342 0.16408 0.294604
0.98 0.225498 0.157914 0.293081
0.9825 0.221646 0.151613 0.29168
0.985 0.217789 0.145178 0.290401
0.9875 0.213927 0.138611 0.289243
0.99 0.210062 0.131916 0.288208
0.9925 0.206193 0.125092 0.287294
0.995 0.202324 0.118144 0.286504
0.9975 0.198454 0.111071 0.285836
1 0.194584 0.103876 0.285292
