x mu u
0 3.95858e-09 0
0.0025 0.017278 0.017278
0.005 0.0345514 0.0345514
0.0075 0.0518157 0.0518158
0.01 0.0690664 0.0690665
0.0125 0.0862988 0.086299
0.015 0.103509 0.103509
0.0175 0.120691 0.120691
0.02 0.137842 0.137842
0.0225 0.154956 0.154956
0.025 0.17203 0.17203
0.0275 0.189058 0.189059
0.03 0.206037 0.206037
0.0325 0.222962 0.222962
0.035 0.239828 0.239828
0.0375 0.256631 0.256631
0.04 0.273367 0.273367
0.0425 0.290032 0.290032
0.045 0.30662 0.30662
0.0475 0.323128 0.323129
0.05 0.339552 0.339552
0.0525 0.355888 0.355888
0.055 0.37213 0.37213
0.0575 0.388276 0.388276
0.06 0.40432 0.40432
0.0625 0.42026 0.42026
0.065 0.43609 0.43609
0.0675 0.451807 0.451807
0.07 0.467408 0.467408
0.0725 0.482887 0.482887
0.075 0.498242 0.498242
0.0775 0.513468 0.513469
0.08 0.528563 0.528563
0.0825 0.543521 0.543521
0.085 0.55834 0.55834
0.0875 0.573016 0.573016
0.09 0.587546 0.587546
0.0925 0.601925 0.601925
0.095 0.616152 0.616152
0.0975 0.630221 0.630221
0.1 0.644131 0.644131
0.1025 0.657878 0.657878
0.105 0.671458 0.671458
0.1075 0.684869 0.684869
0.11 0.698108 0.698108
0.1125 0.711172 0.711172
0.115 0.724058 0.724058
0.1175 0.736762 0.736763
0.12 0.749284 0.749284
0.1225 0.761619 0.761619
0.125 0.773765 0.773765
0.1275 0.78572 0.78572
0.13 0.797482 0.797482
0.1325 0.809047 0.809047
0.135 0.820414 0.820415
0.1375 0.831581 0.831581
0.14 0.842545 0.842545
0.1425 0.853305 0.853305
0.145 0.863858 0.863858
0.1475 0.874202 0.874202
0.15 0.884337 0.884337
0.1525 0.894259 0.894259
0.155 0.903968 0.903968
0.1575 0.913462 0.913462
0.16 0.922739 0.922739
0.1625 0.931799 0.931799
0.165 0.940639 0.940639
0.1675 0.949259 0.949259
0.17 0.957657 0.957657
0.1725 0.965833 0.965833
0.175 0.973785 0.973785
0.1775 0.981512 0.981513
0.18 0.989015 0.989015
0.1825 0.996292 0.996292
0.185 1.00334 1.00334
0.1875 1.01016 1.01017
0.19 1.01676 1.01676
0.1925 1.02313 1.02313
0.195 1.02927 1.02927
0.1975 1.03518 1.03518
0.2 1.04086 1.04086
0.2025 1.04632 1.04632
0.205 1.05154 1.05154
0.2075 1.05654 1.05654
0.21 1.06131 1.06131
0.2125 1.06585 1.06585
0.215 1.07017 1.07017
0.2175 1.07425 1.07425
0.22 1.07812 1.07812
0.2225 1.08175 1.08175
0.225 1.08516 1.08516
0.2275 1.08835 1.08835
0.23 1.09131 1.09131
0.2325 1.09405 1.09405
0.235 1.09657 1.09657
0.2375 1.09887 1.09887
0.24 1.10095 1.10095
0.2425 1.10281 1.10281
0.245 1.10446 1.10446
0.2475 1.10589 1.10589
0.25 1.10711 1.10711
0.2525 1.10811 1.10811
0.255 1.10891 1.10891
0.2575 1.10949 1.10949
0.26 1.10987 1.10987
0.2625 1.11004 1.11004
0.265 1.11001 1.11001
0.2675 1.10978 1.10978
0.27 1.10935 1.10935
0.2725 1.10872 1.10872
0.275 1.1079 1.1079
0.2775 1.10688 1.10688
0.28 1.10568 1.10568
0.2825 1.10428 1.10428
0.285 1.1027 1.1027
0.2875 1.10093 1.10093
0.29 1.09899 1.09899
0.2925 1.09686 1.09686
0.295 1.09456 1.09456
0.2975 1.09209 1.09209
0.3 1.08944 1.08944
0.3025 1.08663 1.08663
0.305 1.08365 1.08365
0.3075 1.0805 1.08051
0.31 1.0772 1.0772
0.3125 1.07375 1.07375
0.315 1.07013 1.07013
0.3175 1.06637 1.06637
0.32 1.06246 1.06246
0.3225 1.0584 1.0584
0.325 1.05421 1.05421
0.3275 1.04987 1.04987
0.33 1.0454 1.0454
0.3325 1.04079 1.04079
0.335 1.03606 1.03606
0.3375 1.0312 1.0312
0.34 1.02622 1.02622
0.3425 1.02112 1.02112
0.345 1.0159 1.0159
0.3475 1.01057 1.01057
0.35 1.00512 1.00513
0.3525 0.999577 0.999577
0.355 0.993926 0.993927
0.3575 0.988176 0.988176
0.36 0.982329 0.982329
0.3625 0.976389 0.976389
0.365 0.970359 0.970359
0.3675 0.964243 0.964243
0.37 0.958043 0.958044
0.3725 0.951765 0.951765
0.375 0.945409 0.94541
0.3775 0.938981 0.938982
0.38 0.932484 0.932484
0.3825 0.92592 0.92592
0.385 0.919294 0.919294
0.3875 0.912608 0.912608
0.39 0.905866 0.905866
0.3925 0.899071 0.899071
0.395 0.892226 0.892227
0.3975 0.885336 0.885336
0.4 0.878402 0.878402
0.4025 0.871429 0.871429
0.405 0.864419 0.864419
0.4075 0.857376 0.857376
0.41 0.850303 0.850303
0.4125 0.843203 0.843203
0.415 0.83608 0.83608
0.4175 0.828936 0.828936
0.42 0.821774 0.821774
0.4225 0.814598 0.814598
0.425 0.807411 0.807411
0.4275 0.800215 0.800215
0.43 0.793014 0.793014
0.4325 0.78581 0.785811
0.435 0.778607 0.778607
0.4375 0.771407 0.771408
0.44 0.764214 0.764214
0.4425 0.757029 0.757029
0.445 0.749856 0.749856
0.4475 0.742698 0.742698
0.45 0.735556 0.735556
0.4525 0.728434 0.728434
0.455 0.721335 0.721335
0.4575 0.71426 0.71426
0.46 0.707212 0.707212
0.4625 0.700194 0.700195
0.465 0.693209 0.693209
0.4675 0.686258 0.686258
0.47 0.679343 0.679343
0.4725 0.672468 0.672468
0.475 0.665633 0.665634
0.4775 0.658843 0.658843
0.48 0.652097 0.652097
0.4825 0.645399 0.645399
0.485 0.63875 0.63875
0.4875 0.632153 0.632153
0.49 0.625609 0.625609
0.4925 0.61912 0.61912
0.495 0.612687 0.612688
0.4975 0.606314 0.606314
0.5 0.6 0.6
0.5025 0.593748 0.593748
0.505 0.587559 0.587559
0.5075 0.581435 0.581435
0.51 0.575376 0.575377
0.5125 0.569386 0.569386
0.515 0.563464 0.563464
0.5175 0.557611 0.557612
0.52 0.55183 0.551831
0.5225 0.546122 0.546122
0.525 0.540486 0.540486
0.5275 0.534924 0.534925
0.53 0.529438 0.529438
0.5325 0.524028 0.524028
0.535 0.518694 0.518694
0.5375 0.513438 0.513438
0.54 0.50826 0.508261
0.5425 0.503161 0.503161
0.545 0.498142 0.498142
0.5475 0.493202 0.493202
0.55 0.488342 0.488343
0.5525 0.483564 0.483564
0.555 0.478866 0.478866
0.5575 0.474249 0.474249
0.56 0.469714 0.469714
0.5625 0.465261 0.465261
0.565 0.460889 0.460889
0.5675 0.456599 0.456599
0.57 0.45239 0.452391
0.5725 0.448264 0.448264
0.575 0.444218 0.444219
0.5775 0.440254 0.440254
0.58 0.436371 0.436371
0.5825 0.432569 0.432569
0.585 0.428847 0.428847
0.5875 0.425204 0.425205
0.59 0.421642 0.421642
0.5925 0.418158 0.418158
0.595 0.414752 0.414753
0.5975 0.411425 0.411425
0.6 0.408174 0.408174
0.6025 0.404999 0.405
0.605 0.401901 0.401901
0.6075 0.398877 0.398877
0.61 0.395927 0.395927
0.6125 0.393049 0.39305
0.615 0.390244 0.390245
0.6175 0.38751 0.38751
0.62 0.384846 0.384846
0.6225 0.382251 0.382251
0.625 0.379724 0.379724
0.6275 0.377263 0.377264
0.63 0.374868 0.374869
0.6325 0.372538 0.372538
0.635 0.37027 0.37027
0.6375 0.368064 0.368064
0.64 0.365918 0.365918
0.6425 0.363831 0.363832
0.645 0.361802 0.361803
0.6475 0.359829 0.35983
0.65 0.357911 0.357912
0.6525 0.356046 0.356047
0.655 0.354233 0.354233
0.6575 0.35247 0.35247
0.66 0.350756 0.350756
0.6625 0.349089 0.349089
0.665 0.347467 0.347467
0.6675 0.345889 0.345889
0.67 0.344353 0.344353
0.6725 0.342858 0.342858
0.675 0.341401 0.341401
0.6775 0.339982 0.339982
0.68 0.338598 0.338598
0.6825 0.337248 0.337248
0.685 0.33593 0.33593
0.6875 0.334642 0.334642
0.69 0.333382 0.333383
0.6925 0.33215 0.33215
0.695 0.330942 0.330942
0.6975 0.329757 0.329758
0.7 0.328594 0.328594
0.7025 0.327451 0.327451
0.705 0.326325 0.326325
0.7075 0.325215 0.325216
0.71 0.32412 0.32412
0.7125 0.323037 0.323038
0.715 0.321965 0.321965
0.7175 0.320902 0.320902
0.72 0.319846 0.319846
0.7225 0.318796 0.318796
0.725 0.317749 0.317749
0.7275 0.316704 0.316704
0.73 0.315659 0.31566
0.7325 0.314613 0.314613
0.735 0.313564 0.313564
0.7375 0.31251 0.31251
0.74 0.311449 0.311449
0.7425 0.31038 0.31038
0.745 0.309301 0.309301
0.7475 0.30821 0.30821
0.75 0.307107 0.307107
0.7525 0.305988 0.305988
0.755 0.304854 0.304854
0.7575 0.303701 0.303701
0.76 0.302529 0.30253
0.7625 0.301337 0.301337
0.765 0.300122 0.300122
0.7675 0.298883 0.298884
0.77 0.297619 0.29762
0.7725 0.296329 0.296329
0.775 0.295011 0.295011
0.7775 0.293663 0.293664
0.78 0.292285 0.292286
0.7825 0.290876 0.290876
0.785 0.289433 0.289433
0.7875 0.287956 0.287956
0.79 0.286443 0.286443
0.7925 0.284894 0.284894
0.795 0.283307 0.283308
0.7975 0.281682 0.281682
0.8 0.280017 0.280017
0.8025 0.278311 0.278311
0.805 0.276563 0.276563
0.8075 0.274773 0.274773
0.81 0.272939 0.272939
0.8125 0.271061 0.271061
0.815 0.269138 0.269138
0.8175 0.267169 0.267169
0.82 0.265153 0.265154
0.8225 0.26309 0.263091
0.825 0.260979 0.26098
0.8275 0.25882 0.25882
0.83 0.256612 0.256612
0.8325 0.254353 0.254354
0.835 0.252045 0.252045
0.8375 0.249686 0.249687
0.84 0.247277 0.247277
0.8425 0.244816 0.244816
0.845 0.242304 0.242304
0.8475 0.239739 0.23974
0.85 0.237123 0.237123
0.8525 0.234455 0.234455
0.855 0.231734 0.231734
0.8575 0.22896 0.228961
0.86 0.226135 0.226135
0.8625 0.223256 0.223256
0.865 0.220325 0.220326
0.8675 0.217342 0.217342
0.87 0.214307 0.214307
0.8725 0.211219 0.211219
0.875 0.20808 0.20808
0.8775 0.204889 0.204889
0.88 0.201646 0.201646
0.8825 0.198352 0.198353
0.885 0.195008 0.195008
0.8875 0.191613 0.191614
0.89 0.188169 0.188169
0.8925 0.184675 0.184675
0.895 0.181132 0.181133
0.8975 0.177541 0.177542
0.9 0.173903 0.173903
0.9025 0.170217 0.170217
0.905 0.166485 0.166485
0.9075 0.162707 0.162707
0.91 0.158884 0.158884
0.9125 0.155017 0.155017
0.915 0.151107 0.151107
0.9175 0.147154 0.147154
0.92 0.14316 0.14316
0.9225 0.139124 0.139125
0.925 0.135049 0.13505
0.9275 0.130936 0.130936
0.93 0.126784 0.126784
0.9325 0.122596 0.122596
0.935 0.118371 0.118372
0.9375 0.114113 0.114113
0.94 0.10982 0.109821
0.9425 0.105496 0.105496
0.945 0.10114 0.10114
0.9475 0.0967535 0.0967538
0.95 0.0923386 0.0923389
0.9525 0.0878961 0.0878963
0.955 0.0834272 0.0834274
0.9575 0.0789331 0.0789334
0.96 0.0744153 0.0744155
0.9625 0.0698749 0.0698752
0.965 0.0653134 0.0653136
0.9675 0.060732 0.0607322
0.97 0.0561321 0.0561323
0.9725 0.0515151 0.0515153
0.975 0.0468823 0.0468826
0.9775 0.0422352 0.0422354
0.98 0.0375751 0.0375754
0.9825 0.0329035 0.0329038
0.985 0.0282218 0.0282221
0.9875 0.0235315 0.0235317
0.99 0.0188339 0.0188341
0.9925 0.0141305 0.0141306
0.995 0.00942271 0.00942284
0.9975 0.00471207 0.00471215
1 -3.61388e-09 7.34788e-17
