x r1 r2 r3 hat
0 0 -0 0 0
0.0025 0 -0 0 0
0.005 0 -0 0 0
0.0075 0 -0 0 0
0.01 0 -0 0 0
0.0125 0 -0 0 0
0.015 0 -0 0 0
0.0175 0 -0 0 0
0.02 0 -0 0 0
0.0225 0 -0 0 0
0.025 0 -0 0 0
0.0275 0 -0 0 0
0.03 0 -0 0 0
0.0325 0 -0 0 0
0.035 0 -0 0 0
0.0375 0 -0 0 0
0.04 0 -0 0 0
0.0425 0 -0 0 0
0.045 0 -0 0 0
0.0475 0 -0 0 0
0.05 0 -0 0 0
0.0525 0 -0 0 0
0.055 0 -0 0 0
0.0575 0 -0 0 0
0.06 0 -0 0 0
0.0625 0 -0 0 0
0.065 0 -0 0 0
0.0675 0 -0 0 0
0.07 0 -0 0 0
0.0725 0 -0 0 0
0.075 0 -0 0 0
0.0775 0 -0 0 0
0.08 0 -0 0 0
0.0825 0 -0 0 0
0.085 0 -0 0 0
0.0875 0 -0 0 0
0.09 0 -0 0 0
0.0925 0 -0 0 0
0.095 0 -0 0 0
0.0975 0 -0 0 0
0.1 0 -0 0 0
0.1025 0 -0 0 0
0.105 0 -0 0 0
0.1075 0 -0 0 0
0.11 0 -0 0 0
0.1125 0 -0 0 0
0.115 0 -0 0 0
0.1175 0 -0 0 0
0.12 0 -0 0 0
0.1225 0 -0 0 0
0.125 0 -0 0 0
0.1275 0 -0 0 0
0.13 0 -0 0 0
0.1325 0 -0 0 0
0.135 0 -0 0 0
0.1375 0 -0 0 0
0.14 0 -0 0 0
0.1425 0 -0 0 0
0.145 0 -0 0 0
0.1475 0 -0 0 0
0.15 0 -0 0 0
0.1525 0 -0 0 0
0.155 0 -0 0 0
0.1575 0 -0 0 0
0.16 0 -0 0 0
0.1625 0 -0 0 0
0.165 0 -0 0 0
0.1675 0 -0 0 0
0.17 0 -0 0 0
0.1725 0 -0 0 0
0.175 0 -0 0 0
0.1775 0 -0 0 0
0.18 0 -0 0 0
0.1825 0 -0 0 0
0.185 0 -0 0 0
0.1875 0 -0 0 0
0.19 0 -0 0 0
0.1925 0 -0 0 0
0.195 0 -0 0 0
0.1975 0 -0 0 0
0.2 0 -0 0 0
0.2025 0 -0 0 0
0.205 0 -0 0 0
0.2075 0 -0 0 0
0.21 0 -0 0 0
0.2125 0 -0 0 0
0.215 0 -0 0 0
0.2175 0 -0 0 0
0.22 0 -0 0 0
0.2225 0 -0 0 0
0.225 0 -0 0 0
0.2275 0 -0 0 0
0.23 0 -0 0 0
0.2325 0 -0 0 0
0.235 0 -0 0 0
0.2375 0 -0 0 0
0.24 0 -0 0 0
0.2425 0 -0 0 0
0.245 0 -0 0 0
0.2475 0 -0 0 0
0.25 0 -0 0 0
0.2525 0.01 -0 0 0.01
0.255 0.02 -0 0 0.02
0.2575 0.03 -0 0 0.03
0.26 0.04 -0 0 0.04
0.2625 0.05 -0 0 0.05
0.265 0.06 -0 0 0.06
0.2675 0.07 -0 0 0.07
0.27 0.08 -0 0 0.08
0.2725 0.09 -0 0 0.09
0.275 0.1 -0 0 0.1
0.2775 0.11 -0 0 0.11
0.28 0.12 -0 0 0.12
0.2825 0.13 -0 0 0.13
0.285 0.14 -0 0 0.14
0.2875 0.15 -0 0 0.15
0.29 0.16 -0 0 0.16
0.2925 0.17 -0 0 0.17
0.295 0.18 -0 0 0.18
0.2975 0.19 -0 0 0.19
0.3 0.2 -0 0 0.2
0.3025 0.21 -0 0 0.21
0.305 0.22 -0 0 0.22
0.3075 0.23 -0 0 0.23
0.31 0.24 -0 0 0.24
0.3125 0.25 -0 0 0.25
0.315 0.26 -0 0 0.26
0.3175 0.27 -0 0 0.27
0.32 0.28 -0 0 0.28
0.3225 0.29 -0 0 0.29
0.325 0.3 -0 0 0.3
0.3275 0.31 -0 0 0.31
0.33 0.32 -0 0 0.32
0.3325 0.33 -0 0 0.33
0.335 0.34 -0 0 0.34
0.3375 0.35 -0 0 0.35
0.34 0.36 -0 0 0.36
0.3425 0.37 -0 0 0.37
0.345 0.38 -0 0 0.38
0.3475 0.39 -0 0 0.39
0.35 0.4 -0 0 0.4
0.3525 0.41 -0 0 0.41
0.355 0.42 -0 0 0.42
0.3575 0.43 -0 0 0.43
0.36 0.44 -0 0 0.44
0.3625 0.45 -0 0 0.45
0.365 0.46 -0 0 0.46
0.3675 0.47 -0 0 0.47
0.37 0.48 -0 0 0.48
0.3725 0.49 -0 0 0.49
0.375 0.5 -0 0 0.5
0.3775 0.51 -0 0 0.51
0.38 0.52 -0 0 0.52
0.3825 0.53 -0 0 0.53
0.385 0.54 -0 0 0.54
0.3875 0.55 -0 0 0.55
0.39 0.56 -0 0 0.56
0.3925 0.57 -0 0 0.57
0.395 0.58 -0 0 0.58
0.3975 0.59 -0 0 0.59
0.4 0.6 -0 0 0.6
0.4025 0.61 -0 0 0.61
0.405 0.62 -0 0 0.62
0.4075 0.63 -0 0 0.63
0.41 0.64 -0 0 0.64
0.4125 0.65 -0 0 0.65
0.415 0.66 -0 0 0.66
0.4175 0.67 -0 0 0.67
0.42 0.68 -0 0 0.68
0.4225 0.69 -0 0 0.69
0.425 0.7 -0 0 0.7
0.4275 0.71 -0 0 0.71
0.43 0.72 -0 0 0.72
0.4325 0.73 -0 0 0.73
0.435 0.74 -0 0 0.74
0.4375 0.75 -0 0 0.75
0.44 0.76 -0 0 0.76
0.4425 0.77 -0 0 0.77
0.445 0.78 -0 0 0.78
0.4475 0.79 -0 0 0.79
0.45 0.8 -0 0 0.8
0.4525 0.81 -0 0 0.81
0.455 0.82 -0 0 0.82
0.4575 0.83 -0 0 0.83
0.46 0.84 -0 0 0.84
0.4625 0.85 -0 0 0.85
0.465 0.86 -0 0 0.86
0.4675 0.87 -0 0 0.87
0.47 0.88 -0 0 0.88
0.4725 0.89 -0 0 0.89
0.475 0.9 -0 0 0.9
0.4775 0.91 -0 0 0.91
0.48 0.92 -0 0 0.92
0.4825 0.93 -0 0 0.93
0.485 0.94 -0 0 0.94
0.4875 0.95 -0 0 0.95
0.49 0.96 -0 0 0.96
0.4925 0.97 -0 0 0.97
0.495 0.98 -0 0 0.98
0.4975 0.99 -0 0 0.99
0.5 1 -0 0 1
0.5025 1.01 -0.02 0 0.99
0.505 1.02 -0.04 0 0.98
0.5075 1.03 -0.06 0 0.97
0.51 1.04 -0.08 0 0.96
0.5125 1.05 -0.1 0 0.95
0.515 1.06 -0.12 0 0.94
0.5175 1.07 -0.14 0 0.93
0.52 1.08 -0.16 0 0.92
0.5225 1.09 -0.18 0 0.91
0.525 1.1 -0.2 0 0.9
0.5275 1.11 -0.22 0 0.89
0.53 1.12 -0.24 0 0.88
0.5325 1.13 -0.26 0 0.87
0.535 1.14 -0.28 0 0.86
0.5375 1.15 -0.3 0 0.85
0.54 1.16 -0.32 0 0.84
0.5425 1.17 -0.34 0 0.83
0.545 1.18 -0.36 0 0.82
0.5475 1.19 -0.38 0 0.81
0.55 1.2 -0.4 0 0.8
0.5525 1.21 -0.42 0 0.79
0.555 1.22 -0.44 0 0.78
0.5575 1.23 -0.46 0 0.77
0.56 1.24 -0.48 0 0.76
0.5625 1.25 -0.5 0 0.75
0.565 1.26 -0.52 0 0.74
0.5675 1.27 -0.54 0 0.73
0.57 1.28 -0.56 0 0.72
0.5725 1.29 -0.58 0 0.71
0.575 1.3 -0.6 0 0.7
0.5775 1.31 -0.62 0 0.69
0.58 1.32 -0.64 0 0.68
0.5825 1.33 -0.66 0 0.67
0.585 1.34 -0.68 0 0.66
0.5875 1.35 -0.7 0 0.65
0.59 1.36 -0.72 0 0.64
0.5925 1.37 -0.74 0 0.63
0.595 1.38 -0.76 0 0.62
0.5975 1.39 -0.78 0 0.61
0.6 1.4 -0.8 0 0.6
0.6025 1.41 -0.82 0 0.59
0.605 1.42 -0.84 0 0.58
0.6075 1.43 -0.86 0 0.57
0.61 1.44 -0.88 0 0.56
0.6125 1.45 -0.9 0 0.55
0.615 1.46 -0.92 0 0.54
0.6175 1.47 -0.94 0 0.53
0.62 1.48 -0.96 0 0.52
0.6225 1.49 -0.98 0 0.51
0.625 1.5 -1 0 0.5
0.6275 1.51 -1.02 0 0.49
0.63 1.52 -1.04 0 0.48
0.6325 1.53 -1.06 0 0.47
0.635 1.54 -1.08 0 0.46
0.6375 1.55 -1.1 0 0.45
0.64 1.56 -1.12 0 0.44
0.6425 1.57 -1.14 0 0.43
0.645 1.58 -1.16 0 0.42
0.6475 1.59 -1.18 0 0.41
0.65 1.6 -1.2 0 0.4
0.6525 1.61 -1.22 0 0.39
0.655 1.62 -1.24 0 0.38
0.6575 1.63 -1.26 0 0.37
0.66 1.64 -1.28 0 0.36
0.6625 1.65 -1.3 0 0.35
0.665 1.66 -1.32 0 0.34
0.6675 1.67 -1.34 0 0.33
0.67 1.68 -1.36 0 0.32
0.6725 1.69 -1.38 0 0.31
0.675 1.7 -1.4 0 0.3
0.6775 1.71 -1.42 0 0.29
0.68 1.72 -1.44 0 0.28
0.6825 1.73 -1.46 0 0.27
0.685 1.74 -1.48 0 0.26
0.6875 1.75 -1.5 0 0.25
0.69 1.76 -1.52 0 0.24
0.6925 1.77 -1.54 0 0.23
0.695 1.78 -1.56 0 0.22
0.6975 1.79 -1.58 0 0.21
0.7 1.8 -1.6 0 0.2
0.7025 1.81 -1.62 0 0.19
0.705 1.82 -1.64 0 0.18
0.7075 1.83 -1.66 0 0.17
0.71 1.84 -1.68 0 0.16
0.7125 1.85 -1.7 0 0.15
0.715 1.86 -1.72 0 0.14
0.7175 1.87 -1.74 0 0.13
0.72 1.88 -1.76 0 0.12
0.7225 1.89 -1.78 0 0.11
0.725 1.9 -1.8 0 0.1
0.7275 1.91 -1.82 0 0.09
0.73 1.92 -1.84 0 0.08
0.7325 1.93 -1.86 0 0.07
0.735 1.94 -1.88 0 0.06
0.7375 1.95 -1.9 0 0.05
0.74 1.96 -1.92 0 0.04
0.7425 1.97 -1.94 0 0.03
0.745 1.98 -1.96 0 0.02
0.7475 1.99 -1.98 0 0.01
0.75 2 -2 0 0
0.7525 2.01 -2.02 0.01 0
0.755 2.02 -2.04 0.02 0
0.7575 2.03 -2.06 0.03 0
0.76 2.04 -2.08 0.04 0
0.7625 2.05 -2.1 0.05 0
0.765 2.06 -2.12 0.06 0
0.7675 2.07 -2.14 0.07 0
0.77 2.08 -2.16 0.08 0
0.7725 2.09 -2.18 0.09 0
0.775 2.1 -2.2 0.1 0
0.7775 2.11 -2.22 0.11 0
0.78 2.12 -2.24 0.12 0
0.7825 2.13 -2.26 0.13 0
0.785 2.14 -2.28 0.14 0
0.7875 2.15 -2.3 0.15 0
0.79 2.16 -2.32 0.16 0
0.7925 2.17 -2.34 0.17 0
0.795 2.18 -2.36 0.18 0
0.7975 2.19 -2.38 0.19 0
0.8 2.2 -2.4 0.2 0
0.8025 2.21 -2.42 0.21 0
0.805 2.22 -2.44 0.22 0
0.8075 2.23 -2.46 0.23 0
0.81 2.24 -2.48 0.24 0
0.8125 2.25 -2.5 0.25 0
0.815 2.26 -2.52 0.26 0
0.8175 2.27 -2.54 0.27 0
0.82 2.28 -2.56 0.28 0
0.8225 2.29 -2.58 0.29 0
0.825 2.3 -2.6 0.3 0
0.8275 2.31 -2.62 0.31 0
0.83 2.32 -2.64 0.32 0
0.8325 2.33 -2.66 0.33 0
0.835 2.34 -2.68 0.34 0
0.8375 2.35 -2.7 0.35 0
0.84 2.36 -2.72 0.36 0
0.8425 2.37 -2.74 0.37 0
0.845 2.38 -2.76 0.38 0
0.8475 2.39 -2.78 0.39 0
0.85 2.4 -2.8 0.4 0
0.8525 2.41 -2.82 0.41 0
0.855 2.42 -2.84 0.42 0
0.8575 2.43 -2.86 0.43 0
0.86 2.44 -2.88 0.44 0
0.8625 2.45 -2.9 0.45 0
0.865 2.46 -2.92 0.46 0
0.8675 2.47 -2.94 0.47 0
0.87 2.48 -2.96 0.48 0
0.8725 2.49 -2.98 0.49 0
0.875 2.5 -3 0.5 0
0.8775 2.51 -3.02 0.51 0
0.88 2.52 -3.04 0.52 0
0.8825 2.53 -3.06 0.53 0
0.885 2.54 -3.08 0.54 0
0.8875 2.55 -3.1 0.55 0
0.89 2.56 -3.12 0.56 0
0.8925 2.57 -3.14 0.57 0
0.895 2.58 -3.16 0.58 0
0.8975 2.59 -3.18 0.59 0
0.9 2.6 -3.2 0.6 0
0.9025 2.61 -3.22 0.61 0
0.905 2.62 -3.24 0.62 0
0.9075 2.63 -3.26 0.63 0
0.91 2.64 -3.28 0.64 0
0.9125 2.65 -3.3 0.65 0
0.915 2.66 -3.32 0.66 0
0.9175 2.67 -3.34 0.67 0
0.92 2.68 -3.36 0.68 0
0.9225 2.69 -3.38 0.69 0
0.925 2.7 -3.4 0.7 0
0.9275 2.71 -3.42 0.71 0
0.93 2.72 -3.44 0.72 0
0.9325 2.73 -3.46 0.73 0
0.935 2.74 -3.48 0.74 0
0.9375 2.75 -3.5 0.75 0
0.94 2.76 -3.52 0.76 0
0.9425 2.77 -3.54 0.77 0
0.945 2.78 -3.56 0.78 0
0.9475 2.79 -3.58 0.79 0
0.95 2.8 -3.6 0.8 0
0.9525 2.81 -3.62 0.81 0
0.955 2.82 -3.64 0.82 0
0.9575 2.83 -3.66 0.83 0
0.96 2.84 -3.68 0.84 0
0.9625 2.85 -3.7 0.85 0
0.965 2.86 -3.72 0.86 0
0.9675 2.87 -3.74 0.87 0
0.97 2.88 -3.76 0.88 0
0.9725 2.89 -3.78 0.89 0
0.975 2.9 -3.8 0.9 0
0.9775 2.91 -3.82 0.91 0
0.98 2.92 -3.84 0.92 0
0.9825 2.93 -3.86 0.93 0
0.985 2.94 -3.88 0.94 0
0.9875 2.95 -3.9 0.95 0
0.99 2.96 -3.92 0.96 0
0.9925 2.97 -3.94 0.97 0
0.995 2.98 -3.96 0.98 0
0.9975 2.99 -3.98 0.99 0
1 3 -4 1 0
