x f v h0 h1 h2 h3 h4 h5 h6 h7 h8 h9 h10 h11 h12 h13 h14 h15 h16
0 0 0 0 0 0 0 0 0 0 0 0 0 0 0 0 0 0 0 0
0.000625 0 0 0 0 0 0 0 0 0 0 0 0 0 0 0 0 0 0 0
0.00125 0 0 0 0 0 0 0 0 0 0 0 0 0 0 0 0 0 0 0
0.001875 0 0 0 0 0 0 0 0 0 0 0 0 0 0 0 0 0 0 0
0.0025 0 0 0 0 0 0 0 0 0 0 0 0 0 0 0 0 0 0 0
0.003125 0 0 0 0 0 0 0 0 0 0 0 0 0 0 0 0 0 0 0
0.00375 0 0 0 0 0 0 0 0 0 0 0 0 0 0 0 0 0 0 0
0.004375 0 0 0 0 0 0 0 0 0 0 0 0 0 0 0 0 0 0 0
0.005 0 0 0 0 0 0 0 0 0 0 0 0 0 0 0 0 0 0 0
0.005625 0 0 0 0 0 0 0 0 0 0 0 0 0 0 0 0 0 0 0
0.00625 0 0 0 0 0 0 0 0 0 0 0 0 0 0 0 0 0 0 0
0.006875 0 0 0 0 0 0 0 0 0 0 0 0 0 0 0 0 0 0 0
0.0075 0 0 0 0 0 0 0 0 0 0 0 0 0 0 0 0 0 0 0
0.008125 0 0 0 0 0 0 0 0 0 0 0 0 0 0 0 0 0 0 0
0.00875 0 0 0 0 0 0 0 0 0 0 0 0 0 0 0 0 0 0 0
0.009375 0 0 0 0 0 0 0 0 0 0 0 0 0 0 0 0 0 0 0
0.01 0 0 0 0 0 0 0 0 0 0 0 0 0 0 0 0 0 0 0
0.010625 0 0 0 0 0 0 0 0 0 0 0 0 0 0 0 0 0 0 0
0.01125 0 0 0 0 0 0 0 0 0 0 0 0 0 0 0 0 0 0 0
0.011875 0 0 0 0 0 0 0 0 0 0 0 0 0 0 0 0 0 0 0
0.0125 0 0 0 0 0 0 0 0 0 0 0 0 0 0 0 0 0 0 0
0.013125 0 0 0 0 0 0 0 0 0 0 0 0 0 0 0 0 0 0 0
0.01375 0 0 0 0 0 0 0 0 0 0 0 0 0 0 0 0 0 0 0
0.014375 0 0 0 0 0 0 0 0 0 0 0 0 0 0 0 0 0 0 0
0.015 0 0 0 0 0 0 0 0 0 0 0 0 0 0 0 0 0 0 0
0.015625 0 0 0 0 0 0 0 0 0 0 0 0 0 0 0 0 0 0 0
0.01625 0 0 0 0 0 0 0 0 0 0 0 0 0 0 0 0 0 0 0
0.016875 0 0 0 0 0 0 0 0 0 0 0 0 0 0 0 0 0 0 0
0.0175 0 0 0 0 0 0 0 0 0 0 0 0 0 0 0 0 0 0 0
0.018125 0 0 0 0 0 0 0 0 0 0 0 0 0 0 0 0 0 0 0
0.01875 0 0 0 0 0 0 0 0 0 0 0 0 0 0 0 0 0 0 0
0.019375 0 0 0 0 0 0 0 0 0 0 0 0 0 0 0 0 0 0 0
0.02 0 0 0 0 0 0 0 0 0 0 0 0 0 0 0 0 0 0 0
0.020625 0 0 0 0 0 0 0 0 0 0 0 0 0 0 0 0 0 0 0
0.02125 0 0 0 0 0 0 0 0 0 0 0 0 0 0 0 0 0 0 0
0.021875 0 0 0 0 0 0 0 0 0 0 0 0 0 0 0 0 0 0 0
0.0225 0 0 0 0 0 0 0 0 0 0 0 0 0 0 0 0 0 0 0
0.023125 0 0 0 0 0 0 0 0 0 0 0 0 0 0 0 0 0 0 0
0.02375 0 0 0 0 0 0 0 0 0 0 0 0 0 0 0 0 0 0 0
0.024375 0 0 0 0 0 0 0 0 0 0 0 0 0 0 0 0 0 0 0
0.025 0 0 0 0 0 0 0 0 0 0 0 0 0 0 0 0 0 0 0
0.025625 0 0 0 0 0 0 0 0 0 0 0 0 0 0 0 0 0 0 0
0.02625 0 0 0 0 0 0 0 0 0 0 0 0 0 0 0 0 0 0 0
0.026875 0 0 0 0 0 0 0 0 0 0 0 0 0 0 0 0 0 0 0
0.0275 0 0 0 0 0 0 0 0 0 0 0 0 0 0 0 0 0 0 0
0.028125 0 0 0 0 0 0 0 0 0 0 0 0 0 0 0 0 0 0 0
0.02875 0 0 0 0 0 0 0 0 0 0 0 0 0 0 0 0 0 0 0
0.029375 0 0 0 0 0 0 0 0 0 0 0 0 0 0 0 0 0 0 0
0.03 0 0 0 0 0 0 0 0 0 0 0 0 0 0 0 0 0 0 0
0.030625 0 0 0 0 0 0 0 0 0 0 0 0 0 0 0 0 0 0 0
0.03125 0 0 0 0 0 0 0 0 0 0 0 0 0 0 0 0 0 0 0
0.031875 0 0 0 0 0 0 0 0 0 0 0 0 0 0 0 0 0 0 0
0.0325 0 0 0 0 0 0 0 0 0 0 0 0 0 0 0 0 0 0 0
0.033125 0 0 0 0 0 0 0 0 0 0 0 0 0 0 0 0 0 0 0
0.03375 0 0 0 0 0 0 0 0 0 0 0 0 0 0 0 0 0 0 0
0.034375 0 0 0 0 0 0 0 0 0 0 0 0 0 0 0 0 0 0 0
0.035 0 0 0 0 0 0 0 0 0 0 0 0 0 0 0 0 0 0 0
0.035625 0 0 0 0 0 0 0 0 0 0 0 0 0 0 0 0 0 0 0
0.03625 0 0 0 0 0 0 0 0 0 0 0 0 0 0 0 0 0 0 0
0.036875 0 0 0 0 0 0 0 0 0 0 0 0 0 0 0 0 0 0 0
0.0375 0 0 0 0 0 0 0 0 0 0 0 0 0 0 0 0 0 0 0
0.038125 0 0 0 0 0 0 0 0 0 0 0 0 0 0 0 0 0 0 0
0.03875 0 0 0 0 0 0 0 0 0 0 0 0 0 0 0 0 0 0 0
0.039375 0 0 0 0 0 0 0 0 0 0 0 0 0 0 0 0 0 0 0
0.04 0 0 0 0 0 0 0 0 0 0 0 0 0 0 0 0 0 0 0
0.040625 0 0 0 0 0 0 0 0 0 0 0 0 0 0 0 0 0 0 0
0.04125 0 0 0 0 0 0 0 0 0 0 0 0 0 0 0 0 0 0 0
0.041875 0 0 0 0 0 0 0 0 0 0 0 0 0 0 0 0 0 0 0
0.0425 0 0 0 0 0 0 0 0 0 0 0 0 0 0 0 0 0 0 0
0.043125 0 0 0 0 0 0 0 0 0 0 0 0 0 0 0 0 0 0 0
0.04375 0 0 0 0 0 0 0 0 0 0 0 0 0 0 0 0 0 0 0
0.044375 0 0 0 0 0 0 0 0 0 0 0 0 0 0 0 0 0 0 0
0.045 0 0 0 0 0 0 0 0 0 0 0 0 0 0 0 0 0 0 0
0.045625 0 0 0 0 0 0 0 0 0 0 0 0 0 0 0 0 0 0 0
0.04625 0 0 0 0 0 0 0 0 0 0 0 0 0 0 0 0 0 0 0
0.046875 0 0 0 0 0 0 0 0 0 0 0 0 0 0 0 0 0 0 0
0.0475 0 0 0 0 0 0 0 0 0 0 0 0 0 0 0 0 0 0 0
0.048125 0 0 0 0 0 0 0 0 0 0 0 0 0 0 0 0 0 0 0
0.04875 0 0 0 0 0 0 0 0 0 0 0 0 0 0 0 0 0 0 0
0.049375 0 0 0 0 0 0 0 0 0 0 0 0 0 0 0 0 0 0 0
0.05 0 0 0 0 0 0 0 0 0 0 0 0 0 0 0 0 0 0 0
0.050625 0 0 0 0 0 0 0 0 0 0 0 0 0 0 0 0 0 0 0
0.05125 0 0 0 0 0 0 0 0 0 0 0 0 0 0 0 0 0 0 0
0.051875 0 0 0 0 0 0 0 0 0 0 0 0 0 0 0 0 0 0 0
0.0525 0 0 0 0 0 0 0 0 0 0 0 0 0 0 0 0 0 0 0
0.053125 0 0 0 0 0 0 0 0 0 0 0 0 0 0 0 0 0 0 0
0.05375 0 0 0 0 0 0 0 0 0 0 0 0 0 0 0 0 0 0 0
0.054375 0 0 0 0 0 0 0 0 0 0 0 0 0 0 0 0 0 0 0
0.055 0 0 0 0 0 0 0 0 0 0 0 0 0 0 0 0 0 0 0
0.055625 0 0 0 0 0 0 0 0 0 0 0 0 0 0 0 0 0 0 0
0.05625 0 0 0 0 0 0 0 0 0 0 0 0 0 0 0 0 0 0 0
0.056875 0 0 0 0 0 0 0 0 0 0 0 0 0 0 0 0 0 0 0
0.0575 0 0 0 0 0 0 0 0 0 0 0 0 0 0 0 0 0 0 0
0.058125 0 0 0 0 0 0 0 0 0 0 0 0 0 0 0 0 0 0 0
0.05875 0 0 0 0 0 0 0 0 0 0 0 0 0 0 0 0 0 0 0
0.059375 0 0 0 0 0 0 0 0 0 0 0 0 0 0 0 0 0 0 0
0.06 0 0 0 0 0 0 0 0 0 0 0 0 0 0 0 0 0 0 0
0.060625 0 0 0 0 0 0 0 0 0 0 0 0 0 0 0 0 0 0 0
0.06125 0 0 0 0 0 0 0 0 0 0 0 0 0 0 0 0 0 0 0
0.061875 0 0 0 0 0 0 0 0 0 0 0 0 0 0 0 0 0 0 0
0.0625 0 0 0 0 0 0 0 0 0 0 0 0 0 0 0 0 0 0 0
0.063125 0 0 0 0 0 0 0 0 0 0 0 0 0 0 0 0 0 0 0
0.06375 0 0 0 0 0 0 0 0 0 0 0 0 0 0 0 0 0 0 0
0.064375 0 0 0 0 0 0 0 0 0 0 0 0 0 0 0 0 0 0 0
0.065 0 0 0 0 0 0 0 0 0 0 0 0 0 0 0 0 0 0 0
0.065625 0 0 0 0 0 0 0 0 0 0 0 0 0 0 0 0 0 0 0
0.06625 0 0 0 0 0 0 0 0 0 0 0 0 0 0 0 0 0 0 0
0.066875 0 0 0 0 0 0 0 0 0 0 0 0 0 0 0 0 0 0 0
0.0675 0 0 0 0 0 0 0 0 0 0 0 0 0 0 0 0 0 0 0
0.068125 0 0 0 0 0 0 0 0 0 0 0 0 0 0 0 0 0 0 0
0.06875 0 0 0 0 0 0 0 0 0 0 0 0 0 0 0 0 0 0 0
0.069375 0 0 0 0 0 0 0 0 0 0 0 0 0 0 0 0 0 0 0
0.07 0 0 0 0 0 0 0 0 0 0 0 0 0 0 0 0 0 0 0
0.070625 0 0 0 0 0 0 0 0 0 0 0 0 0 0 0 0 0 0 0
0.07125 0 0 0 0 0 0 0 0 0 0 0 0 0 0 0 0 0 0 0
0.071875 0 0 0 0 0 0 0 0 0 0 0 0 0 0 0 0 0 0 0
0.0725 0 0 0 0 0 0 0 0 0 0 0 0 0 0 0 0 0 0 0
0.073125 0 0 0 0 0 0 0 0 0 0 0 0 0 0 0 0 0 0 0
0.07375 0 0 0 0 0 0 0 0 0 0 0 0 0 0 0 0 0 0 0
0.074375 0 0 0 0 0 0 0 0 0 0 0 0 0 0 0 0 0 0 0
0.075 0 0 0 0 0 0 0 0 0 0 0 0 0 0 0 0 0 0 0
0.075625 0 0 0 0 0 0 0 0 0 0 0 0 0 0 0 0 0 0 0
0.07625 0 0 0 0 0 0 0 0 0 0 0 0 0 0 0 0 0 0 0
0.076875 0 0 0 0 0 0 0 0 0 0 0 0 0 0 0 0 0 0 0
0.0775 0 0 0 0 0 0 0 0 0 0 0 0 0 0 0 0 0 0 0
0.078125 0 0 0 0 0 0 0 0 0 0 0 0 0 0 0 0 0 0 0
0.07875 0 0 0 0 0 0 0 0 0 0 0 0 0 0 0 0 0 0 0
0.079375 0 0 0 0 0 0 0 0 0 0 0 0 0 0 0 0 0 0 0
0.08 0 0 0 0 0 0 0 0 0 0 0 0 0 0 0 0 0 0 0
0.080625 0 0 0 0 0 0 0 0 0 0 0 0 0 0 0 0 0 0 0
0.08125 0 0 0 0 0 0 0 0 0 0 0 0 0 0 0 0 0 0 0
0.081875 0 0 0 0 0 0 0 0 0 0 0 0 0 0 0 0 0 0 0
0.0825 0 0 0 0 0 0 0 0 0 0 0 0 0 0 0 0 0 0 0
0.083125 0 0 0 0 0 0 0 0 0 0 0 0 0 0 0 0 0 0 0
0.08375 0 0 0 0 0 0 0 0 0 0 0 0 0 0 0 0 0 0 0
0.084375 0 0 0 0 0 0 0 0 0 0 0 0 0 0 0 0 0 0 0
0.085 0 0 0 0 0 0 0 0 0 0 0 0 0 0 0 0 0 0 0
0.085625 0 0 0 0 0 0 0 0 0 0 0 0 0 0 0 0 0 0 0
0.08625 0 0 0 0 0 0 0 0 0 0 0 0 0 0 0 0 0 0 0
0.086875 0 0 0 0 0 0 0 0 0 0 0 0 0 0 0 0 0 0 0
0.0875 0 0 0 0 0 0 0 0 0 0 0 0 0 0 0 0 0 0 0
0.088125 0 0 0 0 0 0 0 0 0 0 0 0 0 0 0 0 0 0 0
0.08875 0 0 0 0 0 0 0 0 0 0 0 0 0 0 0 0 0 0 0
0.089375 0 0 0 0 0 0 0 0 0 0 0 0 0 0 0 0 0 0 0
0.09 0 0 0 0 0 0 0 0 0 0 0 0 0 0 0 0 0 0 0
0.090625 0 0 0 0 0 0 0 0 0 0 0 0 0 0 0 0 0 0 0
0.09125 0 0 0 0 0 0 0 0 0 0 0 0 0 0 0 0 0 0 0
0.091875 0 0 0 0 0 0 0 0 0 0 0 0 0 0 0 0 0 0 0
0.0925 0 0 0 0 0 0 0 0 0 0 0 0 0 0 0 0 0 0 0
0.093125 0 0 0 0 0 0 0 0 0 0 0 0 0 0 0 0 0 0 0
0.09375 0 0 0 0 0 0 0 0 0 0 0 0 0 0 0 0 0 0 0
0.094375 0 0 0 0 0 0 0 0 0 0 0 0 0 0 0 0 0 0 0
0.095 0 0 0 0 0 0 0 0 0 0 0 0 0 0 0 0 0 0 0
0.095625 0 0 0 0 0 0 0 0 0 0 0 0 0 0 0 0 0 0 0
0.09625 0 0 0 0 0 0 0 0 0 0 0 0 0 0 0 0 0 0 0
0.096875 0 0 0 0 0 0 0 0 0 0 0 0 0 0 0 0 0 0 0
0.0975 0 0 0 0 0 0 0 0 0 0 0 0 0 0 0 0 0 0 0
0.098125 0 0 0 0 0 0 0 0 0 0 0 0 0 0 0 0 0 0 0
0.09875 0 0 0 0 0 0 0 0 0 0 0 0 0 0 0 0 0 0 0
0.099375 0 0 0 0 0 0 0 0 0 0 0 0 0 0 0 0 0 0 0
0.1 0 0 0 0 0 0 0 0 0 0 0 0 0 0 0 0 0 0 0
0.100625 0 0 0 0 0 0 0 0 0 0 0 0 0 0 0 0 0 0 0
0.10125 0 0 0 0 0 0 0 0 0 0 0 0 0 0 0 0 0 0 0
0.101875 0 0 0 0 0 0 0 0 0 0 0 0 0 0 0 0 0 0 0
0.1025 0 0 0 0 0 0 0 0 0 0 0 0 0 0 0 0 0 0 0
0.103125 0 0 0 0 0 0 0 0 0 0 0 0 0 0 0 0 0 0 0
0.10375 0 0 0 0 0 0 0 0 0 0 0 0 0 0 0 0 0 0 0
0.104375 0 0 0 0 0 0 0 0 0 0 0 0 0 0 0 0 0 0 0
0.105 0 0 0 0 0 0 0 0 0 0 0 0 0 0 0 0 0 0 0
0.105625 0 0 0 0 0 0 0 0 0 0 0 0 0 0 0 0 0 0 0
0.10625 0 0 0 0 0 0 0 0 0 0 0 0 0 0 0 0 0 0 0
0.106875 0 0 0 0 0 0 0 0 0 0 0 0 0 0 0 0 0 0 0
0.1075 0 0 0 0 0 0 0 0 0 0 0 0 0 0 0 0 0 0 0
0.108125 0 0 0 0 0 0 0 0 0 0 0 0 0 0 0 0 0 0 0
0.10875 0 0 0 0 0 0 0 0 0 0 0 0 0 0 0 0 0 0 0
0.109375 0 0 0 0 0 0 0 0 0 0 0 0 0 0 0 0 0 0 0
0.11 0 0 0 0 0 0 0 0 0 0 0 0 0 0 0 0 0 0 0
0.110625 0 0 0 0 0 0 0 0 0 0 0 0 0 0 0 0 0 0 0
0.11125 0 0 0 0 0 0 0 0 0 0 0 0 0 0 0 0 0 0 0
0.111875 0 0 0 0 0 0 0 0 0 0 0 0 0 0 0 0 0 0 0
0.1125 0 0 0 0 0 0 0 0 0 0 0 0 0 0 0 0 0 0 0
0.113125 0 0 0 0 0 0 0 0 0 0 0 0 0 0 0 0 0 0 0
0.11375 0 0 0 0 0 0 0 0 0 0 0 0 0 0 0 0 0 0 0
0.114375 0 0 0 0 0 0 0 0 0 0 0 0 0 0 0 0 0 0 0
0.115 0 0 0 0 0 0 0 0 0 0 0 0 0 0 0 0 0 0 0
0.115625 0 0 0 0 0 0 0 0 0 0 0 0 0 0 0 0 0 0 0
0.11625 0 0 0 0 0 0 0 0 0 0 0 0 0 0 0 0 0 0 0
0.116875 0 0 0 0 0 0 0 0 0 0 0 0 0 0 0 0 0 0 0
0.1175 0 0 0 0 0 0 0 0 0 0 0 0 0 0 0 0 0 0 0
0.118125 0 0 0 0 0 0 0 0 0 0 0 0 0 0 0 0 0 0 0
0.11875 0 0 0 0 0 0 0 0 0 0 0 0 0 0 0 0 0 0 0
0.119375 0 0 0 0 0 0 0 0 0 0 0 0 0 0 0 0 0 0 0
0.12 0 0 0 0 0 0 0 0 0 0 0 0 0 0 0 0 0 0 0
0.120625 0 0 0 0 0 0 0 0 0 0 0 0 0 0 0 0 0 0 0
0.12125 0 0 0 0 0 0 0 0 0 0 0 0 0 0 0 0 0 0 0
0.121875 0 0 0 0 0 0 0 0 0 0 0 0 0 0 0 0 0 0 0
0.1225 0 0 0 0 0 0 0 0 0 0 0 0 0 0 0 0 0 0 0
0.123125 0 0 0 0 0 0 0 0 0 0 0 0 0 0 0 0 0 0 0
0.12375 0 0 0 0 0 0 0 0 0 0 0 0 0 0 0 0 0 0 0
0.124375 0 0 0 0 0 0 0 0 0 0 0 0 0 0 0 0 0 0 0
0.125 0 0 0 0 0 0 0 0 0 0 0 0 0 0 0 0 0 0 0
0.125625 0 0 0 0 0 0 0 0 0 0 0 0 0 0 0 0 0 0 0
0.12625 0 0 0 0 0 0 0 0 0 0 0 0 0 0 0 0 0 0 0
0.126875 0 0 0 0 0 0 0 0 0 0 0 0 0 0 0 0 0 0 0
0.1275 0 0 0 0 0 0 0 0 0 0 0 0 0 0 0 0 0 0 0
0.128125 0 0 0 0 0 0 0 0 0 0 0 0 0 0 0 0 0 0 0
0.12875 0 0 0 0 0 0 0 0 0 0 0 0 0 0 0 0 0 0 0
0.129375 0 0 0 0 0 0 0 0 0 0 0 0 0 0 0 0 0 0 0
0.13 0 0 0 0 0 0 0 0 0 0 0 0 0 0 0 0 0 0 0
0.130625 0 0 0 0 0 0 0 0 0 0 0 0 0 0 0 0 0 0 0
0.13125 0 0 0 0 0 0 0 0 0 0 0 0 0 0 0 0 0 0 0
0.131875 0 0 0 0 0 0 0 0 0 0 0 0 0 0 0 0 0 0 0
0.1325 0 0 0 0 0 0 0 0 0 0 0 0 0 0 0 0 0 0 0
0.133125 0 0 0 0 0 0 0 0 0 0 0 0 0 0 0 0 0 0 0
0.13375 0 0 0 0 0 0 0 0 0 0 0 0 0 0 0 0 0 0 0
0.134375 0 0 0 0 0 0 0 0 0 0 0 0 0 0 0 0 0 0 0
0.135 0 0 0 0 0 0 0 0 0 0 0 0 0 0 0 0 0 0 0
0.135625 0 0 0 0 0 0 0 0 0 0 0 0 0 0 0 0 0 0 0
0.13625 0 0 0 0 0 0 0 0 0 0 0 0 0 0 0 0 0 0 0
0.136875 0 0 0 0 0 0 0 0 0 0 0 0 0 0 0 0 0 0 0
0.1375 0 0 0 0 0 0 0 0 0 0 0 0 0 0 0 0 0 0 0
0.138125 0 0 0 0 0 0 0 0 0 0 0 0 0 0 0 0 0 0 0
0.13875 0 0 0 0 0 0 0 0 0 0 0 0 0 0 0 0 0 0 0
0.139375 0 0 0 0 0 0 0 0 0 0 0 0 0 0 0 0 0 0 0
0.14 0 0 0 0 0 0 0 0 0 0 0 0 0 0 0 0 0 0 0
0.140625 0 0 0 0 0 0 0 0 0 0 0 0 0 0 0 0 0 0 0
0.14125 0 0 0 0 0 0 0 0 0 0 0 0 0 0 0 0 0 0 0
0.141875 0 0 0 0 0 0 0 0 0 0 0 0 0 0 0 0 0 0 0
0.1425 0 0 0 0 0 0 0 0 0 0 0 0 0 0 0 0 0 0 0
0.143125 0 0 0 0 0 0 0 0 0 0 0 0 0 0 0 0 0 0 0
0.14375 0 0 0 0 0 0 0 0 0 0 0 0 0 0 0 0 0 0 0
0.144375 0 0 0 0 0 0 0 0 0 0 0 0 0 0 0 0 0 0 0
0.145 0 0 0 0 0 0 0 0 0 0 0 0 0 0 0 0 0 0 0
0.145625 0 0 0 0 0 0 0 0 0 0 0 0 0 0 0 0 0 0 0
0.14625 0 0 0 0 0 0 0 0 0 0 0 0 0 0 0 0 0 0 0
0.146875 0 0 0 0 0 0 0 0 0 0 0 0 0 0 0 0 0 0 0
0.1475 0 0 0 0 0 0 0 0 0 0 0 0 0 0 0 0 0 0 0
0.148125 0 0 0 0 0 0 0 0 0 0 0 0 0 0 0 0 0 0 0
0.14875 0 0 0 0 0 0 0 0 0 0 0 0 0 0 0 0 0 0 0
0.149375 0 0 0 0 0 0 0 0 0 0 0 0 0 0 0 0 0 0 0
0.15 0 0 0 0 0 0 0 0 0 0 0 0 0 0 0 0 0 0 0
0.150625 0 0 0 0 0 0 0 0 0 0 0 0 0 0 0 0 0 0 0
0.15125 0 0 0 0 0 0 0 0 0 0 0 0 0 0 0 0 0 0 0
0.151875 0 0 0 0 0 0 0 0 0 0 0 0 0 0 0 0 0 0 0
0.1525 0 0 0 0 0 0 0 0 0 0 0 0 0 0 0 0 0 0 0
0.153125 0 0 0 0 0 0 0 0 0 0 0 0 0 0 0 0 0 0 0
0.15375 0 0 0 0 0 0 0 0 0 0 0 0 0 0 0 0 0 0 0
0.154375 0 0 0 0 0 0 0 0 0 0 0 0 0 0 0 0 0 0 0
0.155 0 0 0 0 0 0 0 0 0 0 0 0 0 0 0 0 0 0 0
0.155625 0 0 0 0 0 0 0 0 0 0 0 0 0 0 0 0 0 0 0
0.15625 0 0 0 0 0 0 0 0 0 0 0 0 0 0 0 0 0 0 0
0.156875 0 0 0 0 0 0 0 0 0 0 0 0 0 0 0 0 0 0 0
0.1575 0 0 0 0 0 0 0 0 0 0 0 0 0 0 0 0 0 0 0
0.158125 0 0 0 0 0 0 0 0 0 0 0 0 0 0 0 0 0 0 0
0.15875 0 0 0 0 0 0 0 0 0 0 0 0 0 0 0 0 0 0 0
0.159375 0 0 0 0 0 0 0 0 0 0 0 0 0 0 0 0 0 0 0
0.16 0 0 0 0 0 0 0 0 0 0 0 0 0 0 0 0 0 0 0
0.160625 0 0 0 0 0 0 0 0 0 0 0 0 0 0 0 0 0 0 0
0.16125 0 0 0 0 0 0 0 0 0 0 0 0 0 0 0 0 0 0 0
0.161875 0 0 0 0 0 0 0 0 0 0 0 0 0 0 0 0 0 0 0
0.1625 0 0 0 0 0 0 0 0 0 0 0 0 0 0 0 0 0 0 0
0.163125 0 0 0 0 0 0 0 0 0 0 0 0 0 0 0 0 0 0 0
0.16375 0 0 0 0 0 0 0 0 0 0 0 0 0 0 0 0 0 0 0
0.164375 0 0 0 0 0 0 0 0 0 0 0 0 0 0 0 0 0 0 0
0.165 0 0 0 0 0 0 0 0 0 0 0 0 0 0 0 0 0 0 0
0.165625 0 0 0 0 0 0 0 0 0 0 0 0 0 0 0 0 0 0 0
0.16625 0 0 0 0 0 0 0 0 0 0 0 0 0 0 0 0 0 0 0
0.166875 0 0 0 0 0 0 0 0 0 0 0 0 0 0 0 0 0 0 0
0.1675 0 0 0 0 0 0 0 0 0 0 0 0 0 0 0 0 0 0 0
0.168125 0 0 0 0 0 0 0 0 0 0 0 0 0 0 0 0 0 0 0
0.16875 0 0 0 0 0 0 0 0 0 0 0 0 0 0 0 0 0 0 0
0.169375 0 0 0 0 0 0 0 0 0 0 0 0 0 0 0 0 0 0 0
0.17 0 0 0 0 0 0 0 0 0 0 0 0 0 0 0 0 0 0 0
0.170625 0 0 0 0 0 0 0 0 0 0 0 0 0 0 0 0 0 0 0
0.17125 0 0 0 0 0 0 0 0 0 0 0 0 0 0 0 0 0 0 0
0.171875 0 0 0 0 0 0 0 0 0 0 0 0 0 0 0 0 0 0 0
0.1725 0 0 0 0 0 0 0 0 0 0 0 0 0 0 0 0 0 0 0
0.173125 0 0 0 0 0 0 0 0 0 0 0 0 0 0 0 0 0 0 0
0.17375 0 0 0 0 0 0 0 0 0 0 0 0 0 0 0 0 0 0 0
0.174375 0 0 0 0 0 0 0 0 0 0 0 0 0 0 0 0 0 0 0
0.175 0 0 0 0 0 0 0 0 0 0 0 0 0 0 0 0 0 0 0
0.175625 0 0 0 0 0 0 0 0 0 0 0 0 0 0 0 0 0 0 0
0.17625 0 0 0 0 0 0 0 0 0 0 0 0 0 0 0 0 0 0 0
0.176875 0 0 0 0 0 0 0 0 0 0 0 0 0 0 0 0 0 0 0
0.1775 0 0 0 0 0 0 0 0 0 0 0 0 0 0 0 0 0 0 0
0.178125 0 0 0 0 0 0 0 0 0 0 0 0 0 0 0 0 0 0 0
0.17875 0 0 0 0 0 0 0 0 0 0 0 0 0 0 0 0 0 0 0
0.179375 0 0 0 0 0 0 0 0 0 0 0 0 0 0 0 0 0 0 0
0.18 0 0 0 0 0 0 0 0 0 0 0 0 0 0 0 0 0 0 0
0.180625 0 0 0 0 0 0 0 0 0 0 0 0 0 0 0 0 0 0 0
0.18125 0 0 0 0 0 0 0 0 0 0 0 0 0 0 0 0 0 0 0
0.181875 0 0 0 0 0 0 0 0 0 0 0 0 0 0 0 0 0 0 0
0.1825 0 0 0 0 0 0 0 0 0 0 0 0 0 0 0 0 0 0 0
0.183125 0 0 0 0 0 0 0 0 0 0 0 0 0 0 0 0 0 0 0
0.18375 0 0 0 0 0 0 0 0 0 0 0 0 0 0 0 0 0 0 0
0.184375 0 0 0 0 0 0 0 0 0 0 0 0 0 0 0 0 0 0 0
0.185 0 0 0 0 0 0 0 0 0 0 0 0 0 0 0 0 0 0 0
0.185625 0 0 0 0 0 0 0 0 0 0 0 0 0 0 0 0 0 0 0
0.18625 0 0 0 0 0 0 0 0 0 0 0 0 0 0 0 0 0 0 0
0.186875 0 0 0 0 0 0 0 0 0 0 0 0 0 0 0 0 0 0 0
0.1875 0 0 0 0 0 0 0 0 0 0 0 0 0 0 0 0 0 0 0
0.188125 0 0 0 0 0 0 0 0 0 0 0 0 0 0 0 0 0 0 0
0.18875 0 0 0 0 0 0 0 0 0 0 0 0 0 0 0 0 0 0 0
0.189375 0 0 0 0 0 0 0 0 0 0 0 0 0 0 0 0 0 0 0
0.19 0 0 0 0 0 0 0 0 0 0 0 0 0 0 0 0 0 0 0
0.190625 0 0 0 0 0 0 0 0 0 0 0 0 0 0 0 0 0 0 0
0.19125 0 0 0 0 0 0 0 0 0 0 0 0 0 0 0 0 0 0 0
0.191875 0 0 0 0 0 0 0 0 0 0 0 0 0 0 0 0 0 0 0
0.1925 0 0 0 0 0 0 0 0 0 0 0 0 0 0 0 0 0 0 0
0.193125 0 0 0 0 0 0 0 0 0 0 0 0 0 0 0 0 0 0 0
0.19375 0 0 0 0 0 0 0 0 0 0 0 0 0 0 0 0 0 0 0
0.194375 0 0 0 0 0 0 0 0 0 0 0 0 0 0 0 0 0 0 0
0.195 0 0 0 0 0 0 0 0 0 0 0 0 0 0 0 0 0 0 0
0.195625 0 0 0 0 0 0 0 0 0 0 0 0 0 0 0 0 0 0 0
0.19625 0 0 0 0 0 0 0 0 0 0 0 0 0 0 0 0 0 0 0
0.196875 0 0 0 0 0 0 0 0 0 0 0 0 0 0 0 0 0 0 0
0.1975 0 0 0 0 0 0 0 0 0 0 0 0 0 0 0 0 0 0 0
0.198125 0 0 0 0 0 0 0 0 0 0 0 0 0 0 0 0 0 0 0
0.19875 0 0 0 0 0 0 0 0 0 0 0 0 0 0 0 0 0 0 0
0.199375 0 0 0 0 0 0 0 0 0 0 0 0 0 0 0 0 0 0 0
0.2 0 0 0 0 0 0 0 0 0 0 0 0 0 0 0 0 0 0 0
0.200625 0 0 0 0 0 0 0 0 0 0 0 0 0 0 0 0 0 0 0
0.20125 0 0 0 0 0 0 0 0 0 0 0 0 0 0 0 0 0 0 0
0.201875 0 0 0 0 0 0 0 0 0 0 0 0 0 0 0 0 0 0 0
0.2025 0 0 0 0 0 0 0 0 0 0 0 0 0 0 0 0 0 0 0
0.203125 0 0 0 0 0 0 0 0 0 0 0 0 0 0 0 0 0 0 0
0.20375 0 0 0 0 0 0 0 0 0 0 0 0 0 0 0 0 0 0 0
0.204375 0 0 0 0 0 0 0 0 0 0 0 0 0 0 0 0 0 0 0
0.205 0 0 0 0 0 0 0 0 0 0 0 0 0 0 0 0 0 0 0
0.205625 0 0 0 0 0 0 0 0 0 0 0 0 0 0 0 0 0 0 0
0.20625 0 0 0 0 0 0 0 0 0 0 0 0 0 0 0 0 0 0 0
0.206875 0 0 0 0 0 0 0 0 0 0 0 0 0 0 0 0 0 0 0
0.2075 0 0 0 0 0 0 0 0 0 0 0 0 0 0 0 0 0 0 0
0.208125 0 0 0 0 0 0 0 0 0 0 0 0 0 0 0 0 0 0 0
0.20875 0 0 0 0 0 0 0 0 0 0 0 0 0 0 0 0 0 0 0
0.209375 0 0 0 0 0 0 0 0 0 0 0 0 0 0 0 0 0 0 0
0.21 0 0 0 0 0 0 0 0 0 0 0 0 0 0 0 0 0 0 0
0.210625 0 0 0 0 0 0 0 0 0 0 0 0 0 0 0 0 0 0 0
0.21125 0 0 0 0 0 0 0 0 0 0 0 0 0 0 0 0 0 0 0
0.211875 0 0 0 0 0 0 0 0 0 0 0 0 0 0 0 0 0 0 0
0.2125 0 0 0 0 0 0 0 0 0 0 0 0 0 0 0 0 0 0 0
0.213125 0 0 0 0 0 0 0 0 0 0 0 0 0 0 0 0 0 0 0
0.21375 0 0 0 0 0 0 0 0 0 0 0 0 0 0 0 0 0 0 0
0.214375 0 0 0 0 0 0 0 0 0 0 0 0 0 0 0 0 0 0 0
0.215 0 0 0 0 0 0 0 0 0 0 0 0 0 0 0 0 0 0 0
0.215625 0 0 0 0 0 0 0 0 0 0 0 0 0 0 0 0 0 0 0
0.21625 0 0 0 0 0 0 0 0 0 0 0 0 0 0 0 0 0 0 0
0.216875 0 0 0 0 0 0 0 0 0 0 0 0 0 0 0 0 0 0 0
0.2175 0 0 0 0 0 0 0 0 0 0 0 0 0 0 0 0 0 0 0
0.218125 0 0 0 0 0 0 0 0 0 0 0 0 0 0 0 0 0 0 0
0.21875 0 0 0 0 0 0 0 0 0 0 0 0 0 0 0 0 0 0 0
0.219375 0 0 0 0 0 0 0 0 0 0 0 0 0 0 0 0 0 0 0
0.22 0 0 0 0 0 0 0 0 0 0 0 0 0 0 0 0 0 0 0
0.220625 0 0 0 0 0 0 0 0 0 0 0 0 0 0 0 0 0 0 0
0.22125 0 0 0 0 0 0 0 0 0 0 0 0 0 0 0 0 0 0 0
0.221875 0 0 0 0 0 0 0 0 0 0 0 0 0 0 0 0 0 0 0
0.2225 0 0 0 0 0 0 0 0 0 0 0 0 0 0 0 0 0 0 0
0.223125 0 0 0 0 0 0 0 0 0 0 0 0 0 0 0 0 0 0 0
0.22375 0 0 0 0 0 0 0 0 0 0 0 0 0 0 0 0 0 0 0
0.224375 0 0 0 0 0 0 0 0 0 0 0 0 0 0 0 0 0 0 0
0.225 0 0 0 0 0 0 0 0 0 0 0 0 0 0 0 0 0 0 0
0.225625 0 0 0 0 0 0 0 0 0 0 0 0 0 0 0 0 0 0 0
0.22625 0 0 0 0 0 0 0 0 0 0 0 0 0 0 0 0 0 0 0
0.226875 0 0 0 0 0 0 0 0 0 0 0 0 0 0 0 0 0 0 0
0.2275 0 0 0 0 0 0 0 0 0 0 0 0 0 0 0 0 0 0 0
0.228125 0 0 0 0 0 0 0 0 0 0 0 0 0 0 0 0 0 0 0
0.22875 0 0 0 0 0 0 0 0 0 0 0 0 0 0 0 0 0 0 0
0.229375 0 0 0 0 0 0 0 0 0 0 0 0 0 0 0 0 0 0 0
0.23 0 0 0 0 0 0 0 0 0 0 0 0 0 0 0 0 0 0 0
0.230625 0 0 0 0 0 0 0 0 0 0 0 0 0 0 0 0 0 0 0
0.23125 0 0 0 0 0 0 0 0 0 0 0 0 0 0 0 0 0 0 0
0.231875 0 0 0 0 0 0 0 0 0 0 0 0 0 0 0 0 0 0 0
0.2325 0 0 0 0 0 0 0 0 0 0 0 0 0 0 0 0 0 0 0
0.233125 0 0 0 0 0 0 0 0 0 0 0 0 0 0 0 0 0 0 0
0.23375 0 0 0 0 0 0 0 0 0 0 0 0 0 0 0 0 0 0 0
0.234375 0 0 0 0 0 0 0 0 0 0 0 0 0 0 0 0 0 0 0
0.235 0 0 0 0 0 0 0 0 0 0 0 0 0 0 0 0 0 0 0
0.235625 0 0 0 0 0 0 0 0 0 0 0 0 0 0 0 0 0 0 0
0.23625 0 0 0 0 0 0 0 0 0 0 0 0 0 0 0 0 0 0 0
0.236875 0 0 0 0 0 0 0 0 0 0 0 0 0 0 0 0 0 0 0
0.2375 0 0 0 0 0 0 0 0 0 0 0 0 0 0 0 0 0 0 0
0.238125 0 0 0 0 0 0 0 0 0 0 0 0 0 0 0 0 0 0 0
0.23875 0 0 0 0 0 0 0 0 0 0 0 0 0 0 0 0 0 0 0
0.239375 0 0 0 0 0 0 0 0 0 0 0 0 0 0 0 0 0 0 0
0.24 0 0 0 0 0 0 0 0 0 0 0 0 0 0 0 0 0 0 0
0.240625 0 0 0 0 0 0 0 0 0 0 0 0 0 0 0 0 0 0 0
0.24125 0 0 0 0 0 0 0 0 0 0 0 0 0 0 0 0 0 0 0
0.241875 0 0 0 0 0 0 0 0 0 0 0 0 0 0 0 0 0 0 0
0.2425 0 0 0 0 0 0 0 0 0 0 0 0 0 0 0 0 0 0 0
0.243125 0 0 0 0 0 0 0 0 0 0 0 0 0 0 0 0 0 0 0
0.24375 0 0 0 0 0 0 0 0 0 0 0 0 0 0 0 0 0 0 0
0.244375 0 0 0 0 0 0 0 0 0 0 0 0 0 0 0 0 0 0 0
0.245 0 0 0 0 0 0 0 0 0 0 0 0 0 0 0 0 0 0 0
0.245625 0 0 0 0 0 0 0 0 0 0 0 0 0 0 0 0 0 0 0
0.24625 0 0 0 0 0 0 0 0 0 0 0 0 0 0 0 0 0 0 0
0.246875 0 0 0 0 0 0 0 0 0 0 0 0 0 0 0 0 0 0 0
0.2475 0 0 0 0 0 0 0 0 0 0 0 0 0 0 0 0 0 0 0
0.248125 0 0 0 0 0 0 0 0 0 0 0 0 0 0 0 0 0 0 0
0.24875 0 0 0 0 0 0 0 0 0 0 0 0 0 0 0 0 0 0 0
0.249375 0 0 0 0 0 0 0 0 0 0 0 0 0 0 0 0 0 0 0
0.25 0 0 0 0 0 0 0 0 0 0 0 0 0 0 0 0 0 0 0
0.250625 0 0.01 0 0 0 0 0 0.01 0 0 0 0 0 0 0 0 0 0 0
0.25125 0 0.02 0 0 0 0 0 0.02 0 0 0 0 0 0 0 0 0 0 0
0.251875 0 0.03 0 0 0 0 0 0.03 0 0 0 0 0 0 0 0 0 0 0
0.2525 0 0.04 0 0 0 0 0 0.04 0 0 0 0 0 0 0 0 0 0 0
0.253125 0 0.05 0 0 0 0 0 0.05 0 0 0 0 0 0 0 0 0 0 0
0.25375 0 0.06 0 0 0 0 0 0.06 0 0 0 0 0 0 0 0 0 0 0
0.254375 0 0.07 0 0 0 0 0 0.07 0 0 0 0 0 0 0 0 0 0 0
0.255 0 0.08 0 0 0 0 0 0.08 0 0 0 0 0 0 0 0 0 0 0
0.255625 0 0.09 0 0 0 0 0 0.09 0 0 0 0 0 0 0 0 0 0 0
0.25625 0 0.1 0 0 0 0 0 0.1 0 0 0 0 0 0 0 0 0 0 0
0.256875 0 0.11 0 0 0 0 0 0.11 0 0 0 0 0 0 0 0 0 0 0
0.2575 0 0.12 0 0 0 0 0 0.12 0 0 0 0 0 0 0 0 0 0 0
0.258125 0 0.13 0 0 0 0 0 0.13 0 0 0 0 0 0 0 0 0 0 0
0.25875 0 0.14 0 0 0 0 0 0.14 0 0 0 0 0 0 0 0 0 0 0
0.259375 0 0.15 0 0 0 0 0 0.15 0 0 0 0 0 0 0 0 0 0 0
0.26 0 0.16 0 0 0 0 0 0.16 0 0 0 0 0 0 0 0 0 0 0
0.260625 0 0.17 0 0 0 0 0 0.17 0 0 0 0 0 0 0 0 0 0 0
0.26125 0 0.18 0 0 0 0 0 0.18 0 0 0 0 0 0 0 0 0 0 0
0.261875 0 0.19 0 0 0 0 0 0.19 0 0 0 0 0 0 0 0 0 0 0
0.2625 0 0.2 0 0 0 0 0 0.2 0 0 0 0 0 0 0 0 0 0 0
0.263125 0 0.21 0 0 0 0 0 0.21 0 0 0 0 0 0 0 0 0 0 0
0.26375 0 0.22 0 0 0 0 0 0.22 0 0 0 0 0 0 0 0 0 0 0
0.264375 0 0.23 0 0 0 0 0 0.23 0 0 0 0 0 0 0 0 0 0 0
0.265 0 0.24 0 0 0 0 0 0.24 0 0 0 0 0 0 0 0 0 0 0
0.265625 0 0.25 0 0 0 0 0 0.25 0 0 0 0 0 0 0 0 0 0 0
0.26625 0 0.26 0 0 0 0 0 0.26 0 0 0 0 0 0 0 0 0 0 0
0.266875 0 0.27 0 0 0 0 0 0.27 0 0 0 0 0 0 0 0 0 0 0
0.2675 0 0.28 0 0 0 0 0 0.28 0 0 0 0 0 0 0 0 0 0 0
0.268125 0 0.29 0 0 0 0 0 0.29 0 0 0 0 0 0 0 0 0 0 0
0.26875 0 0.3 0 0 0 0 0 0.3 0 0 0 0 0 0 0 0 0 0 0
0.269375 0 0.31 0 0 0 0 0 0.31 0 0 0 0 0 0 0 0 0 0 0
0.27 0 0.32 0 0 0 0 0 0.32 0 0 0 0 0 0 0 0 0 0 0
0.270625 0 0.33 0 0 0 0 0 0.33 0 0 0 0 0 0 0 0 0 0 0
0.27125 0 0.34 0 0 0 0 0 0.34 0 0 0 0 0 0 0 0 0 0 0
0.271875 0 0.35 0 0 0 0 0 0.35 0 0 0 0 0 0 0 0 0 0 0
0.2725 0 0.36 0 0 0 0 0 0.36 0 0 0 0 0 0 0 0 0 0 0
0.273125 0 0.37 0 0 0 0 0 0.37 0 0 0 0 0 0 0 0 0 0 0
0.27375 0 0.38 0 0 0 0 0 0.38 0 0 0 0 0 0 0 0 0 0 0
0.274375 0 0.39 0 0 0 0 0 0.39 0 0 0 0 0 0 0 0 0 0 0
0.275 0 0.4 0 0 0 0 0 0.4 0 0 0 0 0 0 0 0 0 0 0
0.275625 0 0.41 0 0 0 0 0 0.41 0 0 0 0 0 0 0 0 0 0 0
0.27625 0 0.42 0 0 0 0 0 0.42 0 0 0 0 0 0 0 0 0 0 0
0.276875 0 0.43 0 0 0 0 0 0.43 0 0 0 0 0 0 0 0 0 0 0
0.2775 0 0.44 0 0 0 0 0 0.44 0 0 0 0 0 0 0 0 0 0 0
0.278125 0 0.45 0 0 0 0 0 0.45 0 0 0 0 0 0 0 0 0 0 0
0.27875 0 0.46 0 0 0 0 0 0.46 0 0 0 0 0 0 0 0 0 0 0
0.279375 0 0.47 0 0 0 0 0 0.47 0 0 0 0 0 0 0 0 0 0 0
0.28 0 0.48 0 0 0 0 0 0.48 0 0 0 0 0 0 0 0 0 0 0
0.280625 0 0.49 0 0 0 0 0 0.49 0 0 0 0 0 0 0 0 0 0 0
0.28125 0 0.5 0 0 0 0 0 0.5 0 0 0 0 0 0 0 0 0 0 0
0.281875 0 0.51 0 0 0 0 0 0.51 0 0 0 0 0 0 0 0 0 0 0
0.2825 0 0.52 0 0 0 0 0 0.52 0 0 0 0 0 0 0 0 0 0 0
0.283125 0 0.53 0 0 0 0 0 0.53 0 0 0 0 0 0 0 0 0 0 0
0.28375 0 0.54 0 0 0 0 0 0.54 0 0 0 0 0 0 0 0 0 0 0
0.284375 0 0.55 0 0 0 0 0 0.55 0 0 0 0 0 0 0 0 0 0 0
0.285 0 0.56 0 0 0 0 0 0.56 0 0 0 0 0 0 0 0 0 0 0
0.285625 0 0.57 0 0 0 0 0 0.57 0 0 0 0 0 0 0 0 0 0 0
0.28625 0 0.58 0 0 0 0 0 0.58 0 0 0 0 0 0 0 0 0 0 0
0.286875 0 0.59 0 0 0 0 0 0.59 0 0 0 0 0 0 0 0 0 0 0
0.2875 0 0.6 0 0 0 0 0 0.6 0 0 0 0 0 0 0 0 0 0 0
0.288125 0 0.61 0 0 0 0 0 0.61 0 0 0 0 0 0 0 0 0 0 0
0.28875 0 0.62 0 0 0 0 0 0.62 0 0 0 0 0 0 0 0 0 0 0
0.289375 0 0.63 0 0 0 0 0 0.63 0 0 0 0 0 0 0 0 0 0 0
0.29 0 0.64 0 0 0 0 0 0.64 0 0 0 0 0 0 0 0 0 0 0
0.290625 0 0.65 0 0 0 0 0 0.65 0 0 0 0 0 0 0 0 0 0 0
0.29125 0 0.66 0 0 0 0 0 0.66 0 0 0 0 0 0 0 0 0 0 0
0.291875 0 0.67 0 0 0 0 0 0.67 0 0 0 0 0 0 0 0 0 0 0
0.2925 0 0.68 0 0 0 0 0 0.68 0 0 0 0 0 0 0 0 0 0 0
0.293125 0 0.69 0 0 0 0 0 0.69 0 0 0 0 0 0 0 0 0 0 0
0.29375 0 0.7 0 0 0 0 0 0.7 0 0 0 0 0 0 0 0 0 0 0
0.294375 0 0.71 0 0 0 0 0 0.71 0 0 0 0 0 0 0 0 0 0 0
0.295 0 0.72 0 0 0 0 0 0.72 0 0 0 0 0 0 0 0 0 0 0
0.295625 0 0.73 0 0 0 0 0 0.73 0 0 0 0 0 0 0 0 0 0 0
0.29625 0 0.74 0 0 0 0 0 0.74 0 0 0 0 0 0 0 0 0 0 0
0.296875 0 0.75 0 0 0 0 0 0.75 0 0 0 0 0 0 0 0 0 0 0
0.2975 0 0.76 0 0 0 0 0 0.76 0 0 0 0 0 0 0 0 0 0 0
0.298125 0 0.77 0 0 0 0 0 0.77 0 0 0 0 0 0 0 0 0 0 0
0.29875 0 0.78 0 0 0 0 0 0.78 0 0 0 0 0 0 0 0 0 0 0
0.299375 0 0.79 0 0 0 0 0 0.79 0 0 0 0 0 0 0 0 0 0 0
0.3 1 0.8 0 0 0 0 0 0.8 0 0 0 0 0 0 0 0 0 0 0
0.300625 1 0.81 0 0 0 0 0 0.81 0 0 0 0 0 0 0 0 0 0 0
0.30125 1 0.82 0 0 0 0 0 0.82 0 0 0 0 0 0 0 0 0 0 0
0.301875 1 0.83 0 0 0 0 0 0.83 0 0 0 0 0 0 0 0 0 0 0
0.3025 1 0.84 0 0 0 0 0 0.84 0 0 0 0 0 0 0 0 0 0 0
0.303125 1 0.85 0 0 0 0 0 0.85 0 0 0 0 0 0 0 0 0 0 0
0.30375 1 0.86 0 0 0 0 0 0.86 0 0 0 0 0 0 0 0 0 0 0
0.304375 1 0.87 0 0 0 0 0 0.87 0 0 0 0 0 0 0 0 0 0 0
0.305 1 0.88 0 0 0 0 0 0.88 0 0 0 0 0 0 0 0 0 0 0
0.305625 1 0.89 0 0 0 0 0 0.89 0 0 0 0 0 0 0 0 0 0 0
0.30625 1 0.9 0 0 0 0 0 0.9 0 0 0 0 0 0 0 0 0 0 0
0.306875 1 0.91 0 0 0 0 0 0.91 0 0 0 0 0 0 0 0 0 0 0
0.3075 1 0.92 0 0 0 0 0 0.92 0 0 0 0 0 0 0 0 0 0 0
0.308125 1 0.93 0 0 0 0 0 0.93 0 0 0 0 0 0 0 0 0 0 0
0.30875 1 0.94 0 0 0 0 0 0.94 0 0 0 0 0 0 0 0 0 0 0
0.309375 1 0.95 0 0 0 0 0 0.95 0 0 0 0 0 0 0 0 0 0 0
0.31 1 0.96 0 0 0 0 0 0.96 0 0 0 0 0 0 0 0 0 0 0
0.310625 1 0.97 0 0 0 0 0 0.97 0 0 0 0 0 0 0 0 0 0 0
0.31125 1 0.98 0 0 0 0 0 0.98 0 0 0 0 0 0 0 0 0 0 0
0.311875 1 0.99 0 0 0 0 0 0.99 0 0 0 0 0 0 0 0 0 0 0
0.3125 1 1 0 0 0 0 0 1 0 0 0 0 0 0 0 0 0 0 0
0.313125 1 1 0 0 0 0 0 0.99 0.01 0 0 0 0 0 0 0 0 0 0
0.31375 1 1 0 0 0 0 0 0.98 0.02 0 0 0 0 0 0 0 0 0 0
0.314375 1 1 0 0 0 0 0 0.97 0.03 0 0 0 0 0 0 0 0 0 0
0.315 1 1 0 0 0 0 0 0.96 0.04 0 0 0 0 0 0 0 0 0 0
0.315625 1 1 0 0 0 0 0 0.95 0.05 0 0 0 0 0 0 0 0 0 0
0.31625 1 1 0 0 0 0 0 0.94 0.06 0 0 0 0 0 0 0 0 0 0
0.316875 1 1 0 0 0 0 0 0.93 0.07 0 0 0 0 0 0 0 0 0 0
0.3175 1 1 0 0 0 0 0 0.92 0.08 0 0 0 0 0 0 0 0 0 0
0.318125 1 1 0 0 0 0 0 0.91 0.09 0 0 0 0 0 0 0 0 0 0
0.31875 1 1 0 0 0 0 0 0.9 0.1 0 0 0 0 0 0 0 0 0 0
0.319375 1 1 0 0 0 0 0 0.89 0.11 0 0 0 0 0 0 0 0 0 0
0.32 1 1 0 0 0 0 0 0.88 0.12 0 0 0 0 0 0 0 0 0 0
0.320625 1 1 0 0 0 0 0 0.87 0.13 0 0 0 0 0 0 0 0 0 0
0.32125 1 1 0 0 0 0 0 0.86 0.14 0 0 0 0 0 0 0 0 0 0
0.321875 1 1 0 0 0 0 0 0.85 0.15 0 0 0 0 0 0 0 0 0 0
0.3225 1 1 0 0 0 0 0 0.84 0.16 0 0 0 0 0 0 0 0 0 0
0.323125 1 1 0 0 0 0 0 0.83 0.17 0 0 0 0 0 0 0 0 0 0
0.32375 1 1 0 0 0 0 0 0.82 0.18 0 0 0 0 0 0 0 0 0 0
0.324375 1 1 0 0 0 0 0 0.81 0.19 0 0 0 0 0 0 0 0 0 0
0.325 1 1 0 0 0 0 0 0.8 0.2 0 0 0 0 0 0 0 0 0 0
0.325625 1 1 0 0 0 0 0 0.79 0.21 0 0 0 0 0 0 0 0 0 0
0.32625 1 1 0 0 0 0 0 0.78 0.22 0 0 0 0 0 0 0 0 0 0
0.326875 1 1 0 0 0 0 0 0.77 0.23 0 0 0 0 0 0 0 0 0 0
0.3275 1 1 0 0 0 0 0 0.76 0.24 0 0 0 0 0 0 0 0 0 0
0.328125 1 1 0 0 0 0 0 0.75 0.25 0 0 0 0 0 0 0 0 0 0
0.32875 1 1 0 0 0 0 0 0.74 0.26 0 0 0 0 0 0 0 0 0 0
0.329375 1 1 0 0 0 0 0 0.73 0.27 0 0 0 0 0 0 0 0 0 0
0.33 1 1 0 0 0 0 0 0.72 0.28 0 0 0 0 0 0 0 0 0 0
0.330625 1 1 0 0 0 0 0 0.71 0.29 0 0 0 0 0 0 0 0 0 0
0.33125 1 1 0 0 0 0 0 0.7 0.3 0 0 0 0 0 0 0 0 0 0
0.331875 1 1 0 0 0 0 0 0.69 0.31 0 0 0 0 0 0 0 0 0 0
0.3325 1 1 0 0 0 0 0 0.68 0.32 0 0 0 0 0 0 0 0 0 0
0.333125 1 1 0 0 0 0 0 0.67 0.33 0 0 0 0 0 0 0 0 0 0
0.33375 1 1 0 0 0 0 0 0.66 0.34 0 0 0 0 0 0 0 0 0 0
0.334375 1 1 0 0 0 0 0 0.65 0.35 0 0 0 0 0 0 0 0 0 0
0.335 1 1 0 0 0 0 0 0.64 0.36 0 0 0 0 0 0 0 0 0 0
0.335625 1 1 0 0 0 0 0 0.63 0.37 0 0 0 0 0 0 0 0 0 0
0.33625 1 1 0 0 0 0 0 0.62 0.38 0 0 0 0 0 0 0 0 0 0
0.336875 1 1 0 0 0 0 0 0.61 0.39 0 0 0 0 0 0 0 0 0 0
0.3375 1 1 0 0 0 0 0 0.6 0.4 0 0 0 0 0 0 0 0 0 0
0.338125 1 1 0 0 0 0 0 0.59 0.41 0 0 0 0 0 0 0 0 0 0
0.33875 1 1 0 0 0 0 0 0.58 0.42 0 0 0 0 0 0 0 0 0 0
0.339375 1 1 0 0 0 0 0 0.57 0.43 0 0 0 0 0 0 0 0 0 0
0.34 1 1 0 0 0 0 0 0.56 0.44 0 0 0 0 0 0 0 0 0 0
0.340625 1 1 0 0 0 0 0 0.55 0.45 0 0 0 0 0 0 0 0 0 0
0.34125 1 1 0 0 0 0 0 0.54 0.46 0 0 0 0 0 0 0 0 0 0
0.341875 1 1 0 0 0 0 0 0.53 0.47 0 0 0 0 0 0 0 0 0 0
0.3425 1 1 0 0 0 0 0 0.52 0.48 0 0 0 0 0 0 0 0 0 0
0.343125 1 1 0 0 0 0 0 0.51 0.49 0 0 0 0 0 0 0 0 0 0
0.34375 1 1 0 0 0 0 0 0.5 0.5 0 0 0 0 0 0 0 0 0 0
0.344375 1 1 0 0 0 0 0 0.49 0.51 0 0 0 0 0 0 0 0 0 0
0.345 1 1 0 0 0 0 0 0.48 0.52 0 0 0 0 0 0 0 0 0 0
0.345625 1 1 0 0 0 0 0 0.47 0.53 0 0 0 0 0 0 0 0 0 0
0.34625 1 1 0 0 0 0 0 0.46 0.54 0 0 0 0 0 0 0 0 0 0
0.346875 1 1 0 0 0 0 0 0.45 0.55 0 0 0 0 0 0 0 0 0 0
0.3475 1 1 0 0 0 0 0 0.44 0.56 0 0 0 0 0 0 0 0 0 0
0.348125 1 1 0 0 0 0 0 0.43 0.57 0 0 0 0 0 0 0 0 0 0
0.34875 1 1 0 0 0 0 0 0.42 0.58 0 0 0 0 0 0 0 0 0 0
0.349375 1 1 0 0 0 0 0 0.41 0.59 0 0 0 0 0 0 0 0 0 0
0.35 1 1 0 0 0 0 0 0.4 0.6 0 0 0 0 0 0 0 0 0 0
0.350625 1 1 0 0 0 0 0 0.39 0.61 0 0 0 0 0 0 0 0 0 0
0.35125 1 1 0 0 0 0 0 0.38 0.62 0 0 0 0 0 0 0 0 0 0
0.351875 1 1 0 0 0 0 0 0.37 0.63 0 0 0 0 0 0 0 0 0 0
0.3525 1 1 0 0 0 0 0 0.36 0.64 0 0 0 0 0 0 0 0 0 0
0.353125 1 1 0 0 0 0 0 0.35 0.65 0 0 0 0 0 0 0 0 0 0
0.35375 1 1 0 0 0 0 0 0.34 0.66 0 0 0 0 0 0 0 0 0 0
0.354375 1 1 0 0 0 0 0 0.33 0.67 0 0 0 0 0 0 0 0 0 0
0.355 1 1 0 0 0 0 0 0.32 0.68 0 0 0 0 0 0 0 0 0 0
0.355625 1 1 0 0 0 0 0 0.31 0.69 0 0 0 0 0 0 0 0 0 0
0.35625 1 1 0 0 0 0 0 0.3 0.7 0 0 0 0 0 0 0 0 0 0
0.356875 1 1 0 0 0 0 0 0.29 0.71 0 0 0 0 0 0 0 0 0 0
0.3575 1 1 0 0 0 0 0 0.28 0.72 0 0 0 0 0 0 0 0 0 0
0.358125 1 1 0 0 0 0 0 0.27 0.73 0 0 0 0 0 0 0 0 0 0
0.35875 1 1 0 0 0 0 0 0.26 0.74 0 0 0 0 0 0 0 0 0 0
0.359375 1 1 0 0 0 0 0 0.25 0.75 0 0 0 0 0 0 0 0 0 0
0.36 1 1 0 0 0 0 0 0.24 0.76 0 0 0 0 0 0 0 0 0 0
0.360625 1 1 0 0 0 0 0 0.23 0.77 0 0 0 0 0 0 0 0 0 0
0.36125 1 1 0 0 0 0 0 0.22 0.78 0 0 0 0 0 0 0 0 0 0
0.361875 1 1 0 0 0 0 0 0.21 0.79 0 0 0 0 0 0 0 0 0 0
0.3625 1 1 0 0 0 0 0 0.2 0.8 0 0 0 0 0 0 0 0 0 0
0.363125 1 1 0 0 0 0 0 0.19 0.81 0 0 0 0 0 0 0 0 0 0
0.36375 1 1 0 0 0 0 0 0.18 0.82 0 0 0 0 0 0 0 0 0 0
0.364375 1 1 0 0 0 0 0 0.17 0.83 0 0 0 0 0 0 0 0 0 0
0.365 1 1 0 0 0 0 0 0.16 0.84 0 0 0 0 0 0 0 0 0 0
0.365625 1 1 0 0 0 0 0 0.15 0.85 0 0 0 0 0 0 0 0 0 0
0.36625 1 1 0 0 0 0 0 0.14 0.86 0 0 0 0 0 0 0 0 0 0
0.366875 1 1 0 0 0 0 0 0.13 0.87 0 0 0 0 0 0 0 0 0 0
0.3675 1 1 0 0 0 0 0 0.12 0.88 0 0 0 0 0 0 0 0 0 0
0.368125 1 1 0 0 0 0 0 0.11 0.89 0 0 0 0 0 0 0 0 0 0
0.36875 1 1 0 0 0 0 0 0.1 0.9 0 0 0 0 0 0 0 0 0 0
0.369375 1 1 0 0 0 0 0 0.09 0.91 0 0 0 0 0 0 0 0 0 0
0.37 1 1 0 0 0 0 0 0.08 0.92 0 0 0 0 0 0 0 0 0 0
0.370625 1 1 0 0 0 0 0 0.07 0.93 0 0 0 0 0 0 0 0 0 0
0.37125 1 1 0 0 0 0 0 0.06 0.94 0 0 0 0 0 0 0 0 0 0
0.371875 1 1 0 0 0 0 0 0.05 0.95 0 0 0 0 0 0 0 0 0 0
0.3725 1 1 0 0 0 0 0 0.04 0.96 0 0 0 0 0 0 0 0 0 0
0.373125 1 1 0 0 0 0 0 0.03 0.97 0 0 0 0 0 0 0 0 0 0
0.37375 1 1 0 0 0 0 0 0.02 0.98 0 0 0 0 0 0 0 0 0 0
0.374375 1 1 0 0 0 0 0 0.01 0.99 0 0 0 0 0 0 0 0 0 0
0.375 1 1 0 0 0 0 0 0 1 0 0 0 0 0 0 0 0 0 0
0.375625 1 1 0 0 0 0 0 0 0.99 0.01 0 0 0 0 0 0 0 0 0
0.37625 1 1 0 0 0 0 0 0 0.98 0.02 0 0 0 0 0 0 0 0 0
0.376875 1 1 0 0 0 0 0 0 0.97 0.03 0 0 0 0 0 0 0 0 0
0.3775 1 1 0 0 0 0 0 0 0.96 0.04 0 0 0 0 0 0 0 0 0
0.378125 1 1 0 0 0 0 0 0 0.95 0.05 0 0 0 0 0 0 0 0 0
0.37875 1 1 0 0 0 0 0 0 0.94 0.06 0 0 0 0 0 0 0 0 0
0.379375 1 1 0 0 0 0 0 0 0.93 0.07 0 0 0 0 0 0 0 0 0
0.38 1 1 0 0 0 0 0 0 0.92 0.08 0 0 0 0 0 0 0 0 0
0.380625 1 1 0 0 0 0 0 0 0.91 0.09 0 0 0 0 0 0 0 0 0
0.38125 1 1 0 0 0 0 0 0 0.9 0.1 0 0 0 0 0 0 0 0 0
0.381875 1 1 0 0 0 0 0 0 0.89 0.11 0 0 0 0 0 0 0 0 0
0.3825 1 1 0 0 0 0 0 0 0.88 0.12 0 0 0 0 0 0 0 0 0
0.383125 1 1 0 0 0 0 0 0 0.87 0.13 0 0 0 0 0 0 0 0 0
0.38375 1 1 0 0 0 0 0 0 0.86 0.14 0 0 0 0 0 0 0 0 0
0.384375 1 1 0 0 0 0 0 0 0.85 0.15 0 0 0 0 0 0 0 0 0
0.385 1 1 0 0 0 0 0 0 0.84 0.16 0 0 0 0 0 0 0 0 0
0.385625 1 1 0 0 0 0 0 0 0.83 0.17 0 0 0 0 0 0 0 0 0
0.38625 1 1 0 0 0 0 0 0 0.82 0.18 0 0 0 0 0 0 0 0 0
0.386875 1 1 0 0 0 0 0 0 0.81 0.19 0 0 0 0 0 0 0 0 0
0.3875 1 1 0 0 0 0 0 0 0.8 0.2 0 0 0 0 0 0 0 0 0
0.388125 1 1 0 0 0 0 0 0 0.79 0.21 0 0 0 0 0 0 0 0 0
0.38875 1 1 0 0 0 0 0 0 0.78 0.22 0 0 0 0 0 0 0 0 0
0.389375 1 1 0 0 0 0 0 0 0.77 0.23 0 0 0 0 0 0 0 0 0
0.39 1 1 0 0 0 0 0 0 0.76 0.24 0 0 0 0 0 0 0 0 0
0.390625 1 1 0 0 0 0 0 0 0.75 0.25 0 0 0 0 0 0 0 0 0
0.39125 1 1 0 0 0 0 0 0 0.74 0.26 0 0 0 0 0 0 0 0 0
0.391875 1 1 0 0 0 0 0 0 0.73 0.27 0 0 0 0 0 0 0 0 0
0.3925 1 1 0 0 0 0 0 0 0.72 0.28 0 0 0 0 0 0 0 0 0
0.393125 1 1 0 0 0 0 0 0 0.71 0.29 0 0 0 0 0 0 0 0 0
0.39375 1 1 0 0 0 0 0 0 0.7 0.3 0 0 0 0 0 0 0 0 0
0.394375 1 1 0 0 0 0 0 0 0.69 0.31 0 0 0 0 0 0 0 0 0
0.395 1 1 0 0 0 0 0 0 0.68 0.32 0 0 0 0 0 0 0 0 0
0.395625 1 1 0 0 0 0 0 0 0.67 0.33 0 0 0 0 0 0 0 0 0
0.39625 1 1 0 0 0 0 0 0 0.66 0.34 0 0 0 0 0 0 0 0 0
0.396875 1 1 0 0 0 0 0 0 0.65 0.35 0 0 0 0 0 0 0 0 0
0.3975 1 1 0 0 0 0 0 0 0.64 0.36 0 0 0 0 0 0 0 0 0
0.398125 1 1 0 0 0 0 0 0 0.63 0.37 0 0 0 0 0 0 0 0 0
0.39875 1 1 0 0 0 0 0 0 0.62 0.38 0 0 0 0 0 0 0 0 0
0.399375 1 1 0 0 0 0 0 0 0.61 0.39 0 0 0 0 0 0 0 0 0
0.4 1 1 0 0 0 0 0 0 0.6 0.4 0 0 0 0 0 0 0 0 0
0.400625 1 1 0 0 0 0 0 0 0.59 0.41 0 0 0 0 0 0 0 0 0
0.40125 1 1 0 0 0 0 0 0 0.58 0.42 0 0 0 0 0 0 0 0 0
0.401875 1 1 0 0 0 0 0 0 0.57 0.43 0 0 0 0 0 0 0 0 0
0.4025 1 1 0 0 0 0 0 0 0.56 0.44 0 0 0 0 0 0 0 0 0
0.403125 1 1 0 0 0 0 0 0 0.55 0.45 0 0 0 0 0 0 0 0 0
0.40375 1 1 0 0 0 0 0 0 0.54 0.46 0 0 0 0 0 0 0 0 0
0.404375 1 1 0 0 0 0 0 0 0.53 0.47 0 0 0 0 0 0 0 0 0
0.405 1 1 0 0 0 0 0 0 0.52 0.48 0 0 0 0 0 0 0 0 0
0.405625 1 1 0 0 0 0 0 0 0.51 0.49 0 0 0 0 0 0 0 0 0
0.40625 1 1 0 0 0 0 0 0 0.5 0.5 0 0 0 0 0 0 0 0 0
0.406875 1 1 0 0 0 0 0 0 0.49 0.51 0 0 0 0 0 0 0 0 0
0.4075 1 1 0 0 0 0 0 0 0.48 0.52 0 0 0 0 0 0 0 0 0
0.408125 1 1 0 0 0 0 0 0 0.47 0.53 0 0 0 0 0 0 0 0 0
0.40875 1 1 0 0 0 0 0 0 0.46 0.54 0 0 0 0 0 0 0 0 0
0.409375 1 1 0 0 0 0 0 0 0.45 0.55 0 0 0 0 0 0 0 0 0
0.41 1 1 0 0 0 0 0 0 0.44 0.56 0 0 0 0 0 0 0 0 0
0.410625 1 1 0 0 0 0 0 0 0.43 0.57 0 0 0 0 0 0 0 0 0
0.41125 1 1 0 0 0 0 0 0 0.42 0.58 0 0 0 0 0 0 0 0 0
0.411875 1 1 0 0 0 0 0 0 0.41 0.59 0 0 0 0 0 0 0 0 0
0.4125 1 1 0 0 0 0 0 0 0.4 0.6 0 0 0 0 0 0 0 0 0
0.413125 1 1 0 0 0 0 0 0 0.39 0.61 0 0 0 0 0 0 0 0 0
0.41375 1 1 0 0 0 0 0 0 0.38 0.62 0 0 0 0 0 0 0 0 0
0.414375 1 1 0 0 0 0 0 0 0.37 0.63 0 0 0 0 0 0 0 0 0
0.415 1 1 0 0 0 0 0 0 0.36 0.64 0 0 0 0 0 0 0 0 0
0.415625 1 1 0 0 0 0 0 0 0.35 0.65 0 0 0 0 0 0 0 0 0
0.41625 1 1 0 0 0 0 0 0 0.34 0.66 0 0 0 0 0 0 0 0 0
0.416875 1 1 0 0 0 0 0 0 0.33 0.67 0 0 0 0 0 0 0 0 0
0.4175 1 1 0 0 0 0 0 0 0.32 0.68 0 0 0 0 0 0 0 0 0
0.418125 1 1 0 0 0 0 0 0 0.31 0.69 0 0 0 0 0 0 0 0 0
0.41875 1 1 0 0 0 0 0 0 0.3 0.7 0 0 0 0 0 0 0 0 0
0.419375 1 1 0 0 0 0 0 0 0.29 0.71 0 0 0 0 0 0 0 0 0
0.42 1 1 0 0 0 0 0 0 0.28 0.72 0 0 0 0 0 0 0 0 0
0.420625 1 1 0 0 0 0 0 0 0.27 0.73 0 0 0 0 0 0 0 0 0
0.42125 1 1 0 0 0 0 0 0 0.26 0.74 0 0 0 0 0 0 0 0 0
0.421875 1 1 0 0 0 0 0 0 0.25 0.75 0 0 0 0 0 0 0 0 0
0.4225 1 1 0 0 0 0 0 0 0.24 0.76 0 0 0 0 0 0 0 0 0
0.423125 1 1 0 0 0 0 0 0 0.23 0.77 0 0 0 0 0 0 0 0 0
0.42375 1 1 0 0 0 0 0 0 0.22 0.78 0 0 0 0 0 0 0 0 0
0.424375 1 1 0 0 0 0 0 0 0.21 0.79 0 0 0 0 0 0 0 0 0
0.425 1 1 0 0 0 0 0 0 0.2 0.8 0 0 0 0 0 0 0 0 0
0.425625 1 1 0 0 0 0 0 0 0.19 0.81 0 0 0 0 0 0 0 0 0
0.42625 1 1 0 0 0 0 0 0 0.18 0.82 0 0 0 0 0 0 0 0 0
0.426875 1 1 0 0 0 0 0 0 0.17 0.83 0 0 0 0 0 0 0 0 0
0.4275 1 1 0 0 0 0 0 0 0.16 0.84 0 0 0 0 0 0 0 0 0
0.428125 1 1 0 0 0 0 0 0 0.15 0.85 0 0 0 0 0 0 0 0 0
0.42875 1 1 0 0 0 0 0 0 0.14 0.86 0 0 0 0 0 0 0 0 0
0.429375 1 1 0 0 0 0 0 0 0.13 0.87 0 0 0 0 0 0 0 0 0
0.43 1 1 0 0 0 0 0 0 0.12 0.88 0 0 0 0 0 0 0 0 0
0.430625 1 1 0 0 0 0 0 0 0.11 0.89 0 0 0 0 0 0 0 0 0
0.43125 1 1 0 0 0 0 0 0 0.1 0.9 0 0 0 0 0 0 0 0 0
0.431875 1 1 0 0 0 0 0 0 0.09 0.91 0 0 0 0 0 0 0 0 0
0.4325 1 1 0 0 0 0 0 0 0.08 0.92 0 0 0 0 0 0 0 0 0
0.433125 1 1 0 0 0 0 0 0 0.07 0.93 0 0 0 0 0 0 0 0 0
0.43375 1 1 0 0 0 0 0 0 0.06 0.94 0 0 0 0 0 0 0 0 0
0.434375 1 1 0 0 0 0 0 0 0.05 0.95 0 0 0 0 0 0 0 0 0
0.435 1 1 0 0 0 0 0 0 0.04 0.96 0 0 0 0 0 0 0 0 0
0.435625 1 1 0 0 0 0 0 0 0.03 0.97 0 0 0 0 0 0 0 0 0
0.43625 1 1 0 0 0 0 0 0 0.02 0.98 0 0 0 0 0 0 0 0 0
0.436875 1 1 0 0 0 0 0 0 0.01 0.99 0 0 0 0 0 0 0 0 0
0.4375 1 1 0 0 0 0 0 0 0 1 0 0 0 0 0 0 0 0 0
0.438125 1 1 0 0 0 0 0 0 0 0.99 0.01 0 0 0 0 0 0 0 0
0.43875 1 1 0 0 0 0 0 0 0 0.98 0.02 0 0 0 0 0 0 0 0
0.439375 1 1 0 0 0 0 0 0 0 0.97 0.03 0 0 0 0 0 0 0 0
0.44 1 1 0 0 0 0 0 0 0 0.96 0.04 0 0 0 0 0 0 0 0
0.440625 1 1 0 0 0 0 0 0 0 0.95 0.05 0 0 0 0 0 0 0 0
0.44125 1 1 0 0 0 0 0 0 0 0.94 0.06 0 0 0 0 0 0 0 0
0.441875 1 1 0 0 0 0 0 0 0 0.93 0.07 0 0 0 0 0 0 0 0
0.4425 1 1 0 0 0 0 0 0 0 0.92 0.08 0 0 0 0 0 0 0 0
0.443125 1 1 0 0 0 0 0 0 0 0.91 0.09 0 0 0 0 0 0 0 0
0.44375 1 1 0 0 0 0 0 0 0 0.9 0.1 0 0 0 0 0 0 0 0
0.444375 1 1 0 0 0 0 0 0 0 0.89 0.11 0 0 0 0 0 0 0 0
0.445 1 1 0 0 0 0 0 0 0 0.88 0.12 0 0 0 0 0 0 0 0
0.445625 1 1 0 0 0 0 0 0 0 0.87 0.13 0 0 0 0 0 0 0 0
0.44625 1 1 0 0 0 0 0 0 0 0.86 0.14 0 0 0 0 0 0 0 0
0.446875 1 1 0 0 0 0 0 0 0 0.85 0.15 0 0 0 0 0 0 0 0
0.4475 1 1 0 0 0 0 0 0 0 0.84 0.16 0 0 0 0 0 0 0 0
0.448125 1 1 0 0 0 0 0 0 0 0.83 0.17 0 0 0 0 0 0 0 0
0.44875 1 1 0 0 0 0 0 0 0 0.82 0.18 0 0 0 0 0 0 0 0
0.449375 1 1 0 0 0 0 0 0 0 0.81 0.19 0 0 0 0 0 0 0 0
0.45 1 1 0 0 0 0 0 0 0 0.8 0.2 0 0 0 0 0 0 0 0
0.450625 1 1 0 0 0 0 0 0 0 0.79 0.21 0 0 0 0 0 0 0 0
0.45125 1 1 0 0 0 0 0 0 0 0.78 0.22 0 0 0 0 0 0 0 0
0.451875 1 1 0 0 0 0 0 0 0 0.77 0.23 0 0 0 0 0 0 0 0
0.4525 1 1 0 0 0 0 0 0 0 0.76 0.24 0 0 0 0 0 0 0 0
0.453125 1 1 0 0 0 0 0 0 0 0.75 0.25 0 0 0 0 0 0 0 0
0.45375 1 1 0 0 0 0 0 0 0 0.74 0.26 0 0 0 0 0 0 0 0
0.454375 1 1 0 0 0 0 0 0 0 0.73 0.27 0 0 0 0 0 0 0 0
0.455 1 1 0 0 0 0 0 0 0 0.72 0.28 0 0 0 0 0 0 0 0
0.455625 1 1 0 0 0 0 0 0 0 0.71 0.29 0 0 0 0 0 0 0 0
0.45625 1 1 0 0 0 0 0 0 0 0.7 0.3 0 0 0 0 0 0 0 0
0.456875 1 1 0 0 0 0 0 0 0 0.69 0.31 0 0 0 0 0 0 0 0
0.4575 1 1 0 0 0 0 0 0 0 0.68 0.32 0 0 0 0 0 0 0 0
0.458125 1 1 0 0 0 0 0 0 0 0.67 0.33 0 0 0 0 0 0 0 0
0.45875 1 1 0 0 0 0 0 0 0 0.66 0.34 0 0 0 0 0 0 0 0
0.459375 1 1 0 0 0 0 0 0 0 0.65 0.35 0 0 0 0 0 0 0 0
0.46 1 1 0 0 0 0 0 0 0 0.64 0.36 0 0 0 0 0 0 0 0
0.460625 1 1 0 0 0 0 0 0 0 0.63 0.37 0 0 0 0 0 0 0 0
0.46125 1 1 0 0 0 0 0 0 0 0.62 0.38 0 0 0 0 0 0 0 0
0.461875 1 1 0 0 0 0 0 0 0 0.61 0.39 0 0 0 0 0 0 0 0
0.4625 1 1 0 0 0 0 0 0 0 0.6 0.4 0 0 0 0 0 0 0 0
0.463125 1 1 0 0 0 0 0 0 0 0.59 0.41 0 0 0 0 0 0 0 0
0.46375 1 1 0 0 0 0 0 0 0 0.58 0.42 0 0 0 0 0 0 0 0
0.464375 1 1 0 0 0 0 0 0 0 0.57 0.43 0 0 0 0 0 0 0 0
0.465 1 1 0 0 0 0 0 0 0 0.56 0.44 0 0 0 0 0 0 0 0
0.465625 1 1 0 0 0 0 0 0 0 0.55 0.45 0 0 0 0 0 0 0 0
0.46625 1 1 0 0 0 0 0 0 0 0.54 0.46 0 0 0 0 0 0 0 0
0.466875 1 1 0 0 0 0 0 0 0 0.53 0.47 0 0 0 0 0 0 0 0
0.4675 1 1 0 0 0 0 0 0 0 0.52 0.48 0 0 0 0 0 0 0 0
0.468125 1 1 0 0 0 0 0 0 0 0.51 0.49 0 0 0 0 0 0 0 0
0.46875 1 1 0 0 0 0 0 0 0 0.5 0.5 0 0 0 0 0 0 0 0
0.469375 1 1 0 0 0 0 0 0 0 0.49 0.51 0 0 0 0 0 0 0 0
0.47 1 1 0 0 0 0 0 0 0 0.48 0.52 0 0 0 0 0 0 0 0
0.470625 1 1 0 0 0 0 0 0 0 0.47 0.53 0 0 0 0 0 0 0 0
0.47125 1 1 0 0 0 0 0 0 0 0.46 0.54 0 0 0 0 0 0 0 0
0.471875 1 1 0 0 0 0 0 0 0 0.45 0.55 0 0 0 0 0 0 0 0
0.4725 1 1 0 0 0 0 0 0 0 0.44 0.56 0 0 0 0 0 0 0 0
0.473125 1 1 0 0 0 0 0 0 0 0.43 0.57 0 0 0 0 0 0 0 0
0.47375 1 1 0 0 0 0 0 0 0 0.42 0.58 0 0 0 0 0 0 0 0
0.474375 1 1 0 0 0 0 0 0 0 0.41 0.59 0 0 0 0 0 0 0 0
0.475 1 1 0 0 0 0 0 0 0 0.4 0.6 0 0 0 0 0 0 0 0
0.475625 1 1 0 0 0 0 0 0 0 0.39 0.61 0 0 0 0 0 0 0 0
0.47625 1 1 0 0 0 0 0 0 0 0.38 0.62 0 0 0 0 0 0 0 0
0.476875 1 1 0 0 0 0 0 0 0 0.37 0.63 0 0 0 0 0 0 0 0
0.4775 1 1 0 0 0 0 0 0 0 0.36 0.64 0 0 0 0 0 0 0 0
0.478125 1 1 0 0 0 0 0 0 0 0.35 0.65 0 0 0 0 0 0 0 0
0.47875 1 1 0 0 0 0 0 0 0 0.34 0.66 0 0 0 0 0 0 0 0
0.479375 1 1 0 0 0 0 0 0 0 0.33 0.67 0 0 0 0 0 0 0 0
0.48 1 1 0 0 0 0 0 0 0 0.32 0.68 0 0 0 0 0 0 0 0
0.480625 1 1 0 0 0 0 0 0 0 0.31 0.69 0 0 0 0 0 0 0 0
0.48125 1 1 0 0 0 0 0 0 0 0.3 0.7 0 0 0 0 0 0 0 0
0.481875 1 1 0 0 0 0 0 0 0 0.29 0.71 0 0 0 0 0 0 0 0
0.4825 1 1 0 0 0 0 0 0 0 0.28 0.72 0 0 0 0 0 0 0 0
0.483125 1 1 0 0 0 0 0 0 0 0.27 0.73 0 0 0 0 0 0 0 0
0.48375 1 1 0 0 0 0 0 0 0 0.26 0.74 0 0 0 0 0 0 0 0
0.484375 1 1 0 0 0 0 0 0 0 0.25 0.75 0 0 0 0 0 0 0 0
0.485 1 1 0 0 0 0 0 0 0 0.24 0.76 0 0 0 0 0 0 0 0
0.485625 1 1 0 0 0 0 0 0 0 0.23 0.77 0 0 0 0 0 0 0 0
0.48625 1 1 0 0 0 0 0 0 0 0.22 0.78 0 0 0 0 0 0 0 0
0.486875 1 1 0 0 0 0 0 0 0 0.21 0.79 0 0 0 0 0 0 0 0
0.4875 1 1 0 0 0 0 0 0 0 0.2 0.8 0 0 0 0 0 0 0 0
0.488125 1 1 0 0 0 0 0 0 0 0.19 0.81 0 0 0 0 0 0 0 0
0.48875 1 1 0 0 0 0 0 0 0 0.18 0.82 0 0 0 0 0 0 0 0
0.489375 1 1 0 0 0 0 0 0 0 0.17 0.83 0 0 0 0 0 0 0 0
0.49 1 1 0 0 0 0 0 0 0 0.16 0.84 0 0 0 0 0 0 0 0
0.490625 1 1 0 0 0 0 0 0 0 0.15 0.85 0 0 0 0 0 0 0 0
0.49125 1 1 0 0 0 0 0 0 0 0.14 0.86 0 0 0 0 0 0 0 0
0.491875 1 1 0 0 0 0 0 0 0 0.13 0.87 0 0 0 0 0 0 0 0
0.4925 1 1 0 0 0 0 0 0 0 0.12 0.88 0 0 0 0 0 0 0 0
0.493125 1 1 0 0 0 0 0 0 0 0.11 0.89 0 0 0 0 0 0 0 0
0.49375 1 1 0 0 0 0 0 0 0 0.1 0.9 0 0 0 0 0 0 0 0
0.494375 1 1 0 0 0 0 0 0 0 0.09 0.91 0 0 0 0 0 0 0 0
0.495 1 1 0 0 0 0 0 0 0 0.08 0.92 0 0 0 0 0 0 0 0
0.495625 1 1 0 0 0 0 0 0 0 0.07 0.93 0 0 0 0 0 0 0 0
0.49625 1 1 0 0 0 0 0 0 0 0.06 0.94 0 0 0 0 0 0 0 0
0.496875 1 1 0 0 0 0 0 0 0 0.05 0.95 0 0 0 0 0 0 0 0
0.4975 1 1 0 0 0 0 0 0 0 0.04 0.96 0 0 0 0 0 0 0 0
0.498125 1 1 0 0 0 0 0 0 0 0.03 0.97 0 0 0 0 0 0 0 0
0.49875 1 1 0 0 0 0 0 0 0 0.02 0.98 0 0 0 0 0 0 0 0
0.499375 1 1 0 0 0 0 0 0 0 0.01 0.99 0 0 0 0 0 0 0 0
0.5 1 1 0 0 0 0 0 0 0 0 1 0 0 0 0 0 0 0 0
0.500625 1 1 0 0 0 0 0 0 0 0 0.99 0.01 0 0 0 0 0 0 0
0.50125 1 1 0 0 0 0 0 0 0 0 0.98 0.02 0 0 0 0 0 0 0
0.501875 1 1 0 0 0 0 0 0 0 0 0.97 0.03 0 0 0 0 0 0 0
0.5025 1 1 0 0 0 0 0 0 0 0 0.96 0.04 0 0 0 0 0 0 0
0.503125 1 1 0 0 0 0 0 0 0 0 0.95 0.05 0 0 0 0 0 0 0
0.50375 1 1 0 0 0 0 0 0 0 0 0.94 0.06 0 0 0 0 0 0 0
0.504375 1 1 0 0 0 0 0 0 0 0 0.93 0.07 0 0 0 0 0 0 0
0.505 1 1 0 0 0 0 0 0 0 0 0.92 0.08 0 0 0 0 0 0 0
0.505625 1 1 0 0 0 0 0 0 0 0 0.91 0.09 0 0 0 0 0 0 0
0.50625 1 1 0 0 0 0 0 0 0 0 0.9 0.1 0 0 0 0 0 0 0
0.506875 1 1 0 0 0 0 0 0 0 0 0.89 0.11 0 0 0 0 0 0 0
0.5075 1 1 0 0 0 0 0 0 0 0 0.88 0.12 0 0 0 0 0 0 0
0.508125 1 1 0 0 0 0 0 0 0 0 0.87 0.13 0 0 0 0 0 0 0
0.50875 1 1 0 0 0 0 0 0 0 0 0.86 0.14 0 0 0 0 0 0 0
0.509375 1 1 0 0 0 0 0 0 0 0 0.85 0.15 0 0 0 0 0 0 0
0.51 1 1 0 0 0 0 0 0 0 0 0.84 0.16 0 0 0 0 0 0 0
0.510625 1 1 0 0 0 0 0 0 0 0 0.83 0.17 0 0 0 0 0 0 0
0.51125 1 1 0 0 0 0 0 0 0 0 0.82 0.18 0 0 0 0 0 0 0
0.511875 1 1 0 0 0 0 0 0 0 0 0.81 0.19 0 0 0 0 0 0 0
0.5125 1 1 0 0 0 0 0 0 0 0 0.8 0.2 0 0 0 0 0 0 0
0.513125 1 1 0 0 0 0 0 0 0 0 0.79 0.21 0 0 0 0 0 0 0
0.51375 1 1 0 0 0 0 0 0 0 0 0.78 0.22 0 0 0 0 0 0 0
0.514375 1 1 0 0 0 0 0 0 0 0 0.77 0.23 0 0 0 0 0 0 0
0.515 1 1 0 0 0 0 0 0 0 0 0.76 0.24 0 0 0 0 0 0 0
0.515625 1 1 0 0 0 0 0 0 0 0 0.75 0.25 0 0 0 0 0 0 0
0.51625 1 1 0 0 0 0 0 0 0 0 0.74 0.26 0 0 0 0 0 0 0
0.516875 1 1 0 0 0 0 0 0 0 0 0.73 0.27 0 0 0 0 0 0 0
0.5175 1 1 0 0 0 0 0 0 0 0 0.72 0.28 0 0 0 0 0 0 0
0.518125 1 1 0 0 0 0 0 0 0 0 0.71 0.29 0 0 0 0 0 0 0
0.51875 1 1 0 0 0 0 0 0 0 0 0.7 0.3 0 0 0 0 0 0 0
0.519375 1 1 0 0 0 0 0 0 0 0 0.69 0.31 0 0 0 0 0 0 0
0.52 1 1 0 0 0 0 0 0 0 0 0.68 0.32 0 0 0 0 0 0 0
0.520625 1 1 0 0 0 0 0 0 0 0 0.67 0.33 0 0 0 0 0 0 0
0.52125 1 1 0 0 0 0 0 0 0 0 0.66 0.34 0 0 0 0 0 0 0
0.521875 1 1 0 0 0 0 0 0 0 0 0.65 0.35 0 0 0 0 0 0 0
0.5225 1 1 0 0 0 0 0 0 0 0 0.64 0.36 0 0 0 0 0 0 0
0.523125 1 1 0 0 0 0 0 0 0 0 0.63 0.37 0 0 0 0 0 0 0
0.52375 1 1 0 0 0 0 0 0 0 0 0.62 0.38 0 0 0 0 0 0 0
0.524375 1 1 0 0 0 0 0 0 0 0 0.61 0.39 0 0 0 0 0 0 0
0.525 1 1 0 0 0 0 0 0 0 0 0.6 0.4 0 0 0 0 0 0 0
0.525625 1 1 0 0 0 0 0 0 0 0 0.59 0.41 0 0 0 0 0 0 0
0.52625 1 1 0 0 0 0 0 0 0 0 0.58 0.42 0 0 0 0 0 0 0
0.526875 1 1 0 0 0 0 0 0 0 0 0.57 0.43 0 0 0 0 0 0 0
0.5275 1 1 0 0 0 0 0 0 0 0 0.56 0.44 0 0 0 0 0 0 0
0.528125 1 1 0 0 0 0 0 0 0 0 0.55 0.45 0 0 0 0 0 0 0
0.52875 1 1 0 0 0 0 0 0 0 0 0.54 0.46 0 0 0 0 0 0 0
0.529375 1 1 0 0 0 0 0 0 0 0 0.53 0.47 0 0 0 0 0 0 0
0.53 1 1 0 0 0 0 0 0 0 0 0.52 0.48 0 0 0 0 0 0 0
0.530625 1 1 0 0 0 0 0 0 0 0 0.51 0.49 0 0 0 0 0 0 0
0.53125 1 1 0 0 0 0 0 0 0 0 0.5 0.5 0 0 0 0 0 0 0
0.531875 1 1 0 0 0 0 0 0 0 0 0.49 0.51 0 0 0 0 0 0 0
0.5325 1 1 0 0 0 0 0 0 0 0 0.48 0.52 0 0 0 0 0 0 0
0.533125 1 1 0 0 0 0 0 0 0 0 0.47 0.53 0 0 0 0 0 0 0
0.53375 1 1 0 0 0 0 0 0 0 0 0.46 0.54 0 0 0 0 0 0 0
0.534375 1 1 0 0 0 0 0 0 0 0 0.45 0.55 0 0 0 0 0 0 0
0.535 1 1 0 0 0 0 0 0 0 0 0.44 0.56 0 0 0 0 0 0 0
0.535625 1 1 0 0 0 0 0 0 0 0 0.43 0.57 0 0 0 0 0 0 0
0.53625 1 1 0 0 0 0 0 0 0 0 0.42 0.58 0 0 0 0 0 0 0
0.536875 1 1 0 0 0 0 0 0 0 0 0.41 0.59 0 0 0 0 0 0 0
0.5375 1 1 0 0 0 0 0 0 0 0 0.4 0.6 0 0 0 0 0 0 0
0.538125 1 1 0 0 0 0 0 0 0 0 0.39 0.61 0 0 0 0 0 0 0
0.53875 1 1 0 0 0 0 0 0 0 0 0.38 0.62 0 0 0 0 0 0 0
0.539375 1 1 0 0 0 0 0 0 0 0 0.37 0.63 0 0 0 0 0 0 0
0.54 1 1 0 0 0 0 0 0 0 0 0.36 0.64 0 0 0 0 0 0 0
0.540625 1 1 0 0 0 0 0 0 0 0 0.35 0.65 0 0 0 0 0 0 0
0.54125 1 1 0 0 0 0 0 0 0 0 0.34 0.66 0 0 0 0 0 0 0
0.541875 1 1 0 0 0 0 0 0 0 0 0.33 0.67 0 0 0 0 0 0 0
0.5425 1 1 0 0 0 0 0 0 0 0 0.32 0.68 0 0 0 0 0 0 0
0.543125 1 1 0 0 0 0 0 0 0 0 0.31 0.69 0 0 0 0 0 0 0
0.54375 1 1 0 0 0 0 0 0 0 0 0.3 0.7 0 0 0 0 0 0 0
0.544375 1 1 0 0 0 0 0 0 0 0 0.29 0.71 0 0 0 0 0 0 0
0.545 1 1 0 0 0 0 0 0 0 0 0.28 0.72 0 0 0 0 0 0 0
0.545625 1 1 0 0 0 0 0 0 0 0 0.27 0.73 0 0 0 0 0 0 0
0.54625 1 1 0 0 0 0 0 0 0 0 0.26 0.74 0 0 0 0 0 0 0
0.546875 1 1 0 0 0 0 0 0 0 0 0.25 0.75 0 0 0 0 0 0 0
0.5475 1 1 0 0 0 0 0 0 0 0 0.24 0.76 0 0 0 0 0 0 0
0.548125 1 1 0 0 0 0 0 0 0 0 0.23 0.77 0 0 0 0 0 0 0
0.54875 1 1 0 0 0 0 0 0 0 0 0.22 0.78 0 0 0 0 0 0 0
0.549375 1 1 0 0 0 0 0 0 0 0 0.21 0.79 0 0 0 0 0 0 0
0.55 1 1 0 0 0 0 0 0 0 0 0.2 0.8 0 0 0 0 0 0 0
0.550625 1 1 0 0 0 0 0 0 0 0 0.19 0.81 0 0 0 0 0 0 0
0.55125 1 1 0 0 0 0 0 0 0 0 0.18 0.82 0 0 0 0 0 0 0
0.551875 1 1 0 0 0 0 0 0 0 0 0.17 0.83 0 0 0 0 0 0 0
0.5525 1 1 0 0 0 0 0 0 0 0 0.16 0.84 0 0 0 0 0 0 0
0.553125 1 1 0 0 0 0 0 0 0 0 0.15 0.85 0 0 0 0 0 0 0
0.55375 1 1 0 0 0 0 0 0 0 0 0.14 0.86 0 0 0 0 0 0 0
0.554375 1 1 0 0 0 0 0 0 0 0 0.13 0.87 0 0 0 0 0 0 0
0.555 1 1 0 0 0 0 0 0 0 0 0.12 0.88 0 0 0 0 0 0 0
0.555625 1 1 0 0 0 0 0 0 0 0 0.11 0.89 0 0 0 0 0 0 0
0.55625 1 1 0 0 0 0 0 0 0 0 0.1 0.9 0 0 0 0 0 0 0
0.556875 1 1 0 0 0 0 0 0 0 0 0.09 0.91 0 0 0 0 0 0 0
0.5575 1 1 0 0 0 0 0 0 0 0 0.08 0.92 0 0 0 0 0 0 0
0.558125 1 1 0 0 0 0 0 0 0 0 0.07 0.93 0 0 0 0 0 0 0
0.55875 1 1 0 0 0 0 0 0 0 0 0.06 0.94 0 0 0 0 0 0 0
0.559375 1 1 0 0 0 0 0 0 0 0 0.05 0.95 0 0 0 0 0 0 0
0.56 1 1 0 0 0 0 0 0 0 0 0.04 0.96 0 0 0 0 0 0 0
0.560625 1 1 0 0 0 0 0 0 0 0 0.03 0.97 0 0 0 0 0 0 0
0.56125 1 1 0 0 0 0 0 0 0 0 0.02 0.98 0 0 0 0 0 0 0
0.561875 1 1 0 0 0 0 0 0 0 0 0.01 0.99 0 0 0 0 0 0 0
0.5625 1 1 0 0 0 0 0 0 0 0 0 1 0 0 0 0 0 0 0
0.563125 1 1 0 0 0 0 0 0 0 0 0 0.99 0.01 0 0 0 0 0 0
0.56375 1 1 0 0 0 0 0 0 0 0 0 0.98 0.02 0 0 0 0 0 0
0.564375 1 1 0 0 0 0 0 0 0 0 0 0.97 0.03 0 0 0 0 0 0
0.565 1 1 0 0 0 0 0 0 0 0 0 0.96 0.04 0 0 0 0 0 0
0.565625 1 1 0 0 0 0 0 0 0 0 0 0.95 0.05 0 0 0 0 0 0
0.56625 1 1 0 0 0 0 0 0 0 0 0 0.94 0.06 0 0 0 0 0 0
0.566875 1 1 0 0 0 0 0 0 0 0 0 0.93 0.07 0 0 0 0 0 0
0.5675 1 1 0 0 0 0 0 0 0 0 0 0.92 0.08 0 0 0 0 0 0
0.568125 1 1 0 0 0 0 0 0 0 0 0 0.91 0.09 0 0 0 0 0 0
0.56875 1 1 0 0 0 0 0 0 0 0 0 0.9 0.1 0 0 0 0 0 0
0.569375 1 1 0 0 0 0 0 0 0 0 0 0.89 0.11 0 0 0 0 0 0
0.57 1 1 0 0 0 0 0 0 0 0 0 0.88 0.12 0 0 0 0 0 0
0.570625 1 1 0 0 0 0 0 0 0 0 0 0.87 0.13 0 0 0 0 0 0
0.57125 1 1 0 0 0 0 0 0 0 0 0 0.86 0.14 0 0 0 0 0 0
0.571875 1 1 0 0 0 0 0 0 0 0 0 0.85 0.15 0 0 0 0 0 0
0.5725 1 1 0 0 0 0 0 0 0 0 0 0.84 0.16 0 0 0 0 0 0
0.573125 1 1 0 0 0 0 0 0 0 0 0 0.83 0.17 0 0 0 0 0 0
0.57375 1 1 0 0 0 0 0 0 0 0 0 0.82 0.18 0 0 0 0 0 0
0.574375 1 1 0 0 0 0 0 0 0 0 0 0.81 0.19 0 0 0 0 0 0
0.575 1 1 0 0 0 0 0 0 0 0 0 0.8 0.2 0 0 0 0 0 0
0.575625 1 1 0 0 0 0 0 0 0 0 0 0.79 0.21 0 0 0 0 0 0
0.57625 1 1 0 0 0 0 0 0 0 0 0 0.78 0.22 0 0 0 0 0 0
0.576875 1 1 0 0 0 0 0 0 0 0 0 0.77 0.23 0 0 0 0 0 0
0.5775 1 1 0 0 0 0 0 0 0 0 0 0.76 0.24 0 0 0 0 0 0
0.578125 1 1 0 0 0 0 0 0 0 0 0 0.75 0.25 0 0 0 0 0 0
0.57875 1 1 0 0 0 0 0 0 0 0 0 0.74 0.26 0 0 0 0 0 0
0.579375 1 1 0 0 0 0 0 0 0 0 0 0.73 0.27 0 0 0 0 0 0
0.58 1 1 0 0 0 0 0 0 0 0 0 0.72 0.28 0 0 0 0 0 0
0.580625 1 1 0 0 0 0 0 0 0 0 0 0.71 0.29 0 0 0 0 0 0
0.58125 1 1 0 0 0 0 0 0 0 0 0 0.7 0.3 0 0 0 0 0 0
0.581875 1 1 0 0 0 0 0 0 0 0 0 0.69 0.31 0 0 0 0 0 0
0.5825 1 1 0 0 0 0 0 0 0 0 0 0.68 0.32 0 0 0 0 0 0
0.583125 1 1 0 0 0 0 0 0 0 0 0 0.67 0.33 0 0 0 0 0 0
0.58375 1 1 0 0 0 0 0 0 0 0 0 0.66 0.34 0 0 0 0 0 0
0.584375 1 1 0 0 0 0 0 0 0 0 0 0.65 0.35 0 0 0 0 0 0
0.585 1 1 0 0 0 0 0 0 0 0 0 0.64 0.36 0 0 0 0 0 0
0.585625 1 1 0 0 0 0 0 0 0 0 0 0.63 0.37 0 0 0 0 0 0
0.58625 1 1 0 0 0 0 0 0 0 0 0 0.62 0.38 0 0 0 0 0 0
0.586875 1 1 0 0 0 0 0 0 0 0 0 0.61 0.39 0 0 0 0 0 0
0.5875 1 1 0 0 0 0 0 0 0 0 0 0.6 0.4 0 0 0 0 0 0
0.588125 1 1 0 0 0 0 0 0 0 0 0 0.59 0.41 0 0 0 0 0 0
0.58875 1 1 0 0 0 0 0 0 0 0 0 0.58 0.42 0 0 0 0 0 0
0.589375 1 1 0 0 0 0 0 0 0 0 0 0.57 0.43 0 0 0 0 0 0
0.59 1 1 0 0 0 0 0 0 0 0 0 0.56 0.44 0 0 0 0 0 0
0.590625 1 1 0 0 0 0 0 0 0 0 0 0.55 0.45 0 0 0 0 0 0
0.59125 1 1 0 0 0 0 0 0 0 0 0 0.54 0.46 0 0 0 0 0 0
0.591875 1 1 0 0 0 0 0 0 0 0 0 0.53 0.47 0 0 0 0 0 0
0.5925 1 1 0 0 0 0 0 0 0 0 0 0.52 0.48 0 0 0 0 0 0
0.593125 1 1 0 0 0 0 0 0 0 0 0 0.51 0.49 0 0 0 0 0 0
0.59375 1 1 0 0 0 0 0 0 0 0 0 0.5 0.5 0 0 0 0 0 0
0.594375 1 1 0 0 0 0 0 0 0 0 0 0.49 0.51 0 0 0 0 0 0
0.595 1 1 0 0 0 0 0 0 0 0 0 0.48 0.52 0 0 0 0 0 0
0.595625 1 1 0 0 0 0 0 0 0 0 0 0.47 0.53 0 0 0 0 0 0
0.59625 1 1 0 0 0 0 0 0 0 0 0 0.46 0.54 0 0 0 0 0 0
0.596875 1 1 0 0 0 0 0 0 0 0 0 0.45 0.55 0 0 0 0 0 0
0.5975 1 1 0 0 0 0 0 0 0 0 0 0.44 0.56 0 0 0 0 0 0
0.598125 1 1 0 0 0 0 0 0 0 0 0 0.43 0.57 0 0 0 0 0 0
0.59875 1 1 0 0 0 0 0 0 0 0 0 0.42 0.58 0 0 0 0 0 0
0.599375 1 1 0 0 0 0 0 0 0 0 0 0.41 0.59 0 0 0 0 0 0
0.6 1 1 0 0 0 0 0 0 0 0 0 0.4 0.6 0 0 0 0 0 0
0.600625 1 1 0 0 0 0 0 0 0 0 0 0.39 0.61 0 0 0 0 0 0
0.60125 1 1 0 0 0 0 0 0 0 0 0 0.38 0.62 0 0 0 0 0 0
0.601875 1 1 0 0 0 0 0 0 0 0 0 0.37 0.63 0 0 0 0 0 0
0.6025 1 1 0 0 0 0 0 0 0 0 0 0.36 0.64 0 0 0 0 0 0
0.603125 1 1 0 0 0 0 0 0 0 0 0 0.35 0.65 0 0 0 0 0 0
0.60375 1 1 0 0 0 0 0 0 0 0 0 0.34 0.66 0 0 0 0 0 0
0.604375 1 1 0 0 0 0 0 0 0 0 0 0.33 0.67 0 0 0 0 0 0
0.605 1 1 0 0 0 0 0 0 0 0 0 0.32 0.68 0 0 0 0 0 0
0.605625 1 1 0 0 0 0 0 0 0 0 0 0.31 0.69 0 0 0 0 0 0
0.60625 1 1 0 0 0 0 0 0 0 0 0 0.3 0.7 0 0 0 0 0 0
0.606875 1 1 0 0 0 0 0 0 0 0 0 0.29 0.71 0 0 0 0 0 0
0.6075 1 1 0 0 0 0 0 0 0 0 0 0.28 0.72 0 0 0 0 0 0
0.608125 1 1 0 0 0 0 0 0 0 0 0 0.27 0.73 0 0 0 0 0 0
0.60875 1 1 0 0 0 0 0 0 0 0 0 0.26 0.74 0 0 0 0 0 0
0.609375 1 1 0 0 0 0 0 0 0 0 0 0.25 0.75 0 0 0 0 0 0
0.61 1 1 0 0 0 0 0 0 0 0 0 0.24 0.76 0 0 0 0 0 0
0.610625 1 1 0 0 0 0 0 0 0 0 0 0.23 0.77 0 0 0 0 0 0
0.61125 1 1 0 0 0 0 0 0 0 0 0 0.22 0.78 0 0 0 0 0 0
0.611875 1 1 0 0 0 0 0 0 0 0 0 0.21 0.79 0 0 0 0 0 0
0.6125 1 1 0 0 0 0 0 0 0 0 0 0.2 0.8 0 0 0 0 0 0
0.613125 1 1 0 0 0 0 0 0 0 0 0 0.19 0.81 0 0 0 0 0 0
0.61375 1 1 0 0 0 0 0 0 0 0 0 0.18 0.82 0 0 0 0 0 0
0.614375 1 1 0 0 0 0 0 0 0 0 0 0.17 0.83 0 0 0 0 0 0
0.615 1 1 0 0 0 0 0 0 0 0 0 0.16 0.84 0 0 0 0 0 0
0.615625 1 1 0 0 0 0 0 0 0 0 0 0.15 0.85 0 0 0 0 0 0
0.61625 1 1 0 0 0 0 0 0 0 0 0 0.14 0.86 0 0 0 0 0 0
0.616875 1 1 0 0 0 0 0 0 0 0 0 0.13 0.87 0 0 0 0 0 0
0.6175 1 1 0 0 0 0 0 0 0 0 0 0.12 0.88 0 0 0 0 0 0
0.618125 1 1 0 0 0 0 0 0 0 0 0 0.11 0.89 0 0 0 0 0 0
0.61875 1 1 0 0 0 0 0 0 0 0 0 0.1 0.9 0 0 0 0 0 0
0.619375 1 1 0 0 0 0 0 0 0 0 0 0.09 0.91 0 0 0 0 0 0
0.62 1 1 0 0 0 0 0 0 0 0 0 0.08 0.92 0 0 0 0 0 0
0.620625 1 1 0 0 0 0 0 0 0 0 0 0.07 0.93 0 0 0 0 0 0
0.62125 1 1 0 0 0 0 0 0 0 0 0 0.06 0.94 0 0 0 0 0 0
0.621875 1 1 0 0 0 0 0 0 0 0 0 0.05 0.95 0 0 0 0 0 0
0.6225 1 1 0 0 0 0 0 0 0 0 0 0.04 0.96 0 0 0 0 0 0
0.623125 1 1 0 0 0 0 0 0 0 0 0 0.03 0.97 0 0 0 0 0 0
0.62375 1 1 0 0 0 0 0 0 0 0 0 0.02 0.98 0 0 0 0 0 0
0.624375 1 1 0 0 0 0 0 0 0 0 0 0.01 0.99 0 0 0 0 0 0
0.625 1 1 0 0 0 0 0 0 0 0 0 0 1 0 0 0 0 0 0
0.625625 1 1 0 0 0 0 0 0 0 0 0 0 0.99 0.01 0 0 0 0 0
0.62625 1 1 0 0 0 0 0 0 0 0 0 0 0.98 0.02 0 0 0 0 0
0.626875 1 1 0 0 0 0 0 0 0 0 0 0 0.97 0.03 0 0 0 0 0
0.6275 1 1 0 0 0 0 0 0 0 0 0 0 0.96 0.04 0 0 0 0 0
0.628125 1 1 0 0 0 0 0 0 0 0 0 0 0.95 0.05 0 0 0 0 0
0.62875 1 1 0 0 0 0 0 0 0 0 0 0 0.94 0.06 0 0 0 0 0
0.629375 1 1 0 0 0 0 0 0 0 0 0 0 0.93 0.07 0 0 0 0 0
0.63 1 1 0 0 0 0 0 0 0 0 0 0 0.92 0.08 0 0 0 0 0
0.630625 1 1 0 0 0 0 0 0 0 0 0 0 0.91 0.09 0 0 0 0 0
0.63125 1 1 0 0 0 0 0 0 0 0 0 0 0.9 0.1 0 0 0 0 0
0.631875 1 1 0 0 0 0 0 0 0 0 0 0 0.89 0.11 0 0 0 0 0
0.6325 1 1 0 0 0 0 0 0 0 0 0 0 0.88 0.12 0 0 0 0 0
0.633125 1 1 0 0 0 0 0 0 0 0 0 0 0.87 0.13 0 0 0 0 0
0.63375 1 1 0 0 0 0 0 0 0 0 0 0 0.86 0.14 0 0 0 0 0
0.634375 1 1 0 0 0 0 0 0 0 0 0 0 0.85 0.15 0 0 0 0 0
0.635 1 1 0 0 0 0 0 0 0 0 0 0 0.84 0.16 0 0 0 0 0
0.635625 1 1 0 0 0 0 0 0 0 0 0 0 0.83 0.17 0 0 0 0 0
0.63625 1 1 0 0 0 0 0 0 0 0 0 0 0.82 0.18 0 0 0 0 0
0.636875 1 1 0 0 0 0 0 0 0 0 0 0 0.81 0.19 0 0 0 0 0
0.6375 1 1 0 0 0 0 0 0 0 0 0 0 0.8 0.2 0 0 0 0 0
0.638125 1 1 0 0 0 0 0 0 0 0 0 0 0.79 0.21 0 0 0 0 0
0.63875 1 1 0 0 0 0 0 0 0 0 0 0 0.78 0.22 0 0 0 0 0
0.639375 1 1 0 0 0 0 0 0 0 0 0 0 0.77 0.23 0 0 0 0 0
0.64 1 1 0 0 0 0 0 0 0 0 0 0 0.76 0.24 0 0 0 0 0
0.640625 1 1 0 0 0 0 0 0 0 0 0 0 0.75 0.25 0 0 0 0 0
0.64125 1 1 0 0 0 0 0 0 0 0 0 0 0.74 0.26 0 0 0 0 0
0.641875 1 1 0 0 0 0 0 0 0 0 0 0 0.73 0.27 0 0 0 0 0
0.6425 1 1 0 0 0 0 0 0 0 0 0 0 0.72 0.28 0 0 0 0 0
0.643125 1 1 0 0 0 0 0 0 0 0 0 0 0.71 0.29 0 0 0 0 0
0.64375 1 1 0 0 0 0 0 0 0 0 0 0 0.7 0.3 0 0 0 0 0
0.644375 1 1 0 0 0 0 0 0 0 0 0 0 0.69 0.31 0 0 0 0 0
0.645 1 1 0 0 0 0 0 0 0 0 0 0 0.68 0.32 0 0 0 0 0
0.645625 1 1 0 0 0 0 0 0 0 0 0 0 0.67 0.33 0 0 0 0 0
0.64625 1 1 0 0 0 0 0 0 0 0 0 0 0.66 0.34 0 0 0 0 0
0.646875 1 1 0 0 0 0 0 0 0 0 0 0 0.65 0.35 0 0 0 0 0
0.6475 1 1 0 0 0 0 0 0 0 0 0 0 0.64 0.36 0 0 0 0 0
0.648125 1 1 0 0 0 0 0 0 0 0 0 0 0.63 0.37 0 0 0 0 0
0.64875 1 1 0 0 0 0 0 0 0 0 0 0 0.62 0.38 0 0 0 0 0
0.649375 1 1 0 0 0 0 0 0 0 0 0 0 0.61 0.39 0 0 0 0 0
0.65 1 1 0 0 0 0 0 0 0 0 0 0 0.6 0.4 0 0 0 0 0
0.650625 1 1 0 0 0 0 0 0 0 0 0 0 0.59 0.41 0 0 0 0 0
0.65125 1 1 0 0 0 0 0 0 0 0 0 0 0.58 0.42 0 0 0 0 0
0.651875 1 1 0 0 0 0 0 0 0 0 0 0 0.57 0.43 0 0 0 0 0
0.6525 1 1 0 0 0 0 0 0 0 0 0 0 0.56 0.44 0 0 0 0 0
0.653125 1 1 0 0 0 0 0 0 0 0 0 0 0.55 0.45 0 0 0 0 0
0.65375 1 1 0 0 0 0 0 0 0 0 0 0 0.54 0.46 0 0 0 0 0
0.654375 1 1 0 0 0 0 0 0 0 0 0 0 0.53 0.47 0 0 0 0 0
0.655 1 1 0 0 0 0 0 0 0 0 0 0 0.52 0.48 0 0 0 0 0
0.655625 1 1 0 0 0 0 0 0 0 0 0 0 0.51 0.49 0 0 0 0 0
0.65625 1 1 0 0 0 0 0 0 0 0 0 0 0.5 0.5 0 0 0 0 0
0.656875 1 1 0 0 0 0 0 0 0 0 0 0 0.49 0.51 0 0 0 0 0
0.6575 1 1 0 0 0 0 0 0 0 0 0 0 0.48 0.52 0 0 0 0 0
0.658125 1 1 0 0 0 0 0 0 0 0 0 0 0.47 0.53 0 0 0 0 0
0.65875 1 1 0 0 0 0 0 0 0 0 0 0 0.46 0.54 0 0 0 0 0
0.659375 1 1 0 0 0 0 0 0 0 0 0 0 0.45 0.55 0 0 0 0 0
0.66 1 1 0 0 0 0 0 0 0 0 0 0 0.44 0.56 0 0 0 0 0
0.660625 1 1 0 0 0 0 0 0 0 0 0 0 0.43 0.57 0 0 0 0 0
0.66125 1 1 0 0 0 0 0 0 0 0 0 0 0.42 0.58 0 0 0 0 0
0.661875 1 1 0 0 0 0 0 0 0 0 0 0 0.41 0.59 0 0 0 0 0
0.6625 1 1 0 0 0 0 0 0 0 0 0 0 0.4 0.6 0 0 0 0 0
0.663125 1 1 0 0 0 0 0 0 0 0 0 0 0.39 0.61 0 0 0 0 0
0.66375 1 1 0 0 0 0 0 0 0 0 0 0 0.38 0.62 0 0 0 0 0
0.664375 1 1 0 0 0 0 0 0 0 0 0 0 0.37 0.63 0 0 0 0 0
0.665 1 1 0 0 0 0 0 0 0 0 0 0 0.36 0.64 0 0 0 0 0
0.665625 1 1 0 0 0 0 0 0 0 0 0 0 0.35 0.65 0 0 0 0 0
0.66625 1 1 0 0 0 0 0 0 0 0 0 0 0.34 0.66 0 0 0 0 0
0.666875 1 1 0 0 0 0 0 0 0 0 0 0 0.33 0.67 0 0 0 0 0
0.6675 1 1 0 0 0 0 0 0 0 0 0 0 0.32 0.68 0 0 0 0 0
0.668125 1 1 0 0 0 0 0 0 0 0 0 0 0.31 0.69 0 0 0 0 0
0.66875 1 1 0 0 0 0 0 0 0 0 0 0 0.3 0.7 0 0 0 0 0
0.669375 1 1 0 0 0 0 0 0 0 0 0 0 0.29 0.71 0 0 0 0 0
0.67 1 1 0 0 0 0 0 0 0 0 0 0 0.28 0.72 0 0 0 0 0
0.670625 1 1 0 0 0 0 0 0 0 0 0 0 0.27 0.73 0 0 0 0 0
0.67125 1 1 0 0 0 0 0 0 0 0 0 0 0.26 0.74 0 0 0 0 0
0.671875 1 1 0 0 0 0 0 0 0 0 0 0 0.25 0.75 0 0 0 0 0
0.6725 1 1 0 0 0 0 0 0 0 0 0 0 0.24 0.76 0 0 0 0 0
0.673125 1 1 0 0 0 0 0 0 0 0 0 0 0.23 0.77 0 0 0 0 0
0.67375 1 1 0 0 0 0 0 0 0 0 0 0 0.22 0.78 0 0 0 0 0
0.674375 1 1 0 0 0 0 0 0 0 0 0 0 0.21 0.79 0 0 0 0 0
0.675 1 1 0 0 0 0 0 0 0 0 0 0 0.2 0.8 0 0 0 0 0
0.675625 1 1 0 0 0 0 0 0 0 0 0 0 0.19 0.81 0 0 0 0 0
0.67625 1 1 0 0 0 0 0 0 0 0 0 0 0.18 0.82 0 0 0 0 0
0.676875 1 1 0 0 0 0 0 0 0 0 0 0 0.17 0.83 0 0 0 0 0
0.6775 1 1 0 0 0 0 0 0 0 0 0 0 0.16 0.84 0 0 0 0 0
0.678125 1 1 0 0 0 0 0 0 0 0 0 0 0.15 0.85 0 0 0 0 0
0.67875 1 1 0 0 0 0 0 0 0 0 0 0 0.14 0.86 0 0 0 0 0
0.679375 1 1 0 0 0 0 0 0 0 0 0 0 0.13 0.87 0 0 0 0 0
0.68 1 1 0 0 0 0 0 0 0 0 0 0 0.12 0.88 0 0 0 0 0
0.680625 1 1 0 0 0 0 0 0 0 0 0 0 0.11 0.89 0 0 0 0 0
0.68125 1 1 0 0 0 0 0 0 0 0 0 0 0.1 0.9 0 0 0 0 0
0.681875 1 1 0 0 0 0 0 0 0 0 0 0 0.09 0.91 0 0 0 0 0
0.6825 1 1 0 0 0 0 0 0 0 0 0 0 0.08 0.92 0 0 0 0 0
0.683125 1 1 0 0 0 0 0 0 0 0 0 0 0.07 0.93 0 0 0 0 0
0.68375 1 1 0 0 0 0 0 0 0 0 0 0 0.06 0.94 0 0 0 0 0
0.684375 1 1 0 0 0 0 0 0 0 0 0 0 0.05 0.95 0 0 0 0 0
0.685 1 1 0 0 0 0 0 0 0 0 0 0 0.04 0.96 0 0 0 0 0
0.685625 1 1 0 0 0 0 0 0 0 0 0 0 0.03 0.97 0 0 0 0 0
0.68625 1 1 0 0 0 0 0 0 0 0 0 0 0.02 0.98 0 0 0 0 0
0.686875 1 1 0 0 0 0 0 0 0 0 0 0 0.01 0.99 0 0 0 0 0
0.6875 1 1 0 0 0 0 0 0 0 0 0 0 0 1 0 0 0 0 0
0.688125 1 0.99 0 0 0 0 0 0 0 0 0 0 0 0.99 0 0 0 0 0
0.68875 1 0.98 0 0 0 0 0 0 0 0 0 0 0 0.98 0 0 0 0 0
0.689375 1 0.97 0 0 0 0 0 0 0 0 0 0 0 0.97 0 0 0 0 0
0.69 1 0.96 0 0 0 0 0 0 0 0 0 0 0 0.96 0 0 0 0 0
0.690625 1 0.95 0 0 0 0 0 0 0 0 0 0 0 0.95 0 0 0 0 0
0.69125 1 0.94 0 0 0 0 0 0 0 0 0 0 0 0.94 0 0 0 0 0
0.691875 1 0.93 0 0 0 0 0 0 0 0 0 0 0 0.93 0 0 0 0 0
0.6925 1 0.92 0 0 0 0 0 0 0 0 0 0 0 0.92 0 0 0 0 0
0.693125 1 0.91 0 0 0 0 0 0 0 0 0 0 0 0.91 0 0 0 0 0
0.69375 1 0.9 0 0 0 0 0 0 0 0 0 0 0 0.9 0 0 0 0 0
0.694375 1 0.89 0 0 0 0 0 0 0 0 0 0 0 0.89 0 0 0 0 0
0.695 1 0.88 0 0 0 0 0 0 0 0 0 0 0 0.88 0 0 0 0 0
0.695625 1 0.87 0 0 0 0 0 0 0 0 0 0 0 0.87 0 0 0 0 0
0.69625 1 0.86 0 0 0 0 0 0 0 0 0 0 0 0.86 0 0 0 0 0
0.696875 1 0.85 0 0 0 0 0 0 0 0 0 0 0 0.85 0 0 0 0 0
0.6975 1 0.84 0 0 0 0 0 0 0 0 0 0 0 0.84 0 0 0 0 0
0.698125 1 0.83 0 0 0 0 0 0 0 0 0 0 0 0.83 0 0 0 0 0
0.69875 1 0.82 0 0 0 0 0 0 0 0 0 0 0 0.82 0 0 0 0 0
0.699375 1 0.81 0 0 0 0 0 0 0 0 0 0 0 0.81 0 0 0 0 0
0.7 0 0.8 0 0 0 0 0 0 0 0 0 0 0 0.8 0 0 0 0 0
0.700625 0 0.79 0 0 0 0 0 0 0 0 0 0 0 0.79 0 0 0 0 0
0.70125 0 0.78 0 0 0 0 0 0 0 0 0 0 0 0.78 0 0 0 0 0
0.701875 0 0.77 0 0 0 0 0 0 0 0 0 0 0 0.77 0 0 0 0 0
0.7025 0 0.76 0 0 0 0 0 0 0 0 0 0 0 0.76 0 0 0 0 0
0.703125 0 0.75 0 0 0 0 0 0 0 0 0 0 0 0.75 0 0 0 0 0
0.70375 0 0.74 0 0 0 0 0 0 0 0 0 0 0 0.74 0 0 0 0 0
0.704375 0 0.73 0 0 0 0 0 0 0 0 0 0 0 0.73 0 0 0 0 0
0.705 0 0.72 0 0 0 0 0 0 0 0 0 0 0 0.72 0 0 0 0 0
0.705625 0 0.71 0 0 0 0 0 0 0 0 0 0 0 0.71 0 0 0 0 0
0.70625 0 0.7 0 0 0 0 0 0 0 0 0 0 0 0.7 0 0 0 0 0
0.706875 0 0.69 0 0 0 0 0 0 0 0 0 0 0 0.69 0 0 0 0 0
0.7075 0 0.68 0 0 0 0 0 0 0 0 0 0 0 0.68 0 0 0 0 0
0.708125 0 0.67 0 0 0 0 0 0 0 0 0 0 0 0.67 0 0 0 0 0
0.70875 0 0.66 0 0 0 0 0 0 0 0 0 0 0 0.66 0 0 0 0 0
0.709375 0 0.65 0 0 0 0 0 0 0 0 0 0 0 0.65 0 0 0 0 0
0.71 0 0.64 0 0 0 0 0 0 0 0 0 0 0 0.64 0 0 0 0 0
0.710625 0 0.63 0 0 0 0 0 0 0 0 0 0 0 0.63 0 0 0 0 0
0.71125 0 0.62 0 0 0 0 0 0 0 0 0 0 0 0.62 0 0 0 0 0
0.711875 0 0.61 0 0 0 0 0 0 0 0 0 0 0 0.61 0 0 0 0 0
0.7125 0 0.6 0 0 0 0 0 0 0 0 0 0 0 0.6 0 0 0 0 0
0.713125 0 0.59 0 0 0 0 0 0 0 0 0 0 0 0.59 0 0 0 0 0
0.71375 0 0.58 0 0 0 0 0 0 0 0 0 0 0 0.58 0 0 0 0 0
0.714375 0 0.57 0 0 0 0 0 0 0 0 0 0 0 0.57 0 0 0 0 0
0.715 0 0.56 0 0 0 0 0 0 0 0 0 0 0 0.56 0 0 0 0 0
0.715625 0 0.55 0 0 0 0 0 0 0 0 0 0 0 0.55 0 0 0 0 0
0.71625 0 0.54 0 0 0 0 0 0 0 0 0 0 0 0.54 0 0 0 0 0
0.716875 0 0.53 0 0 0 0 0 0 0 0 0 0 0 0.53 0 0 0 0 0
0.7175 0 0.52 0 0 0 0 0 0 0 0 0 0 0 0.52 0 0 0 0 0
0.718125 0 0.51 0 0 0 0 0 0 0 0 0 0 0 0.51 0 0 0 0 0
0.71875 0 0.5 0 0 0 0 0 0 0 0 0 0 0 0.5 0 0 0 0 0
0.719375 0 0.49 0 0 0 0 0 0 0 0 0 0 0 0.49 0 0 0 0 0
0.72 0 0.48 0 0 0 0 0 0 0 0 0 0 0 0.48 0 0 0 0 0
0.720625 0 0.47 0 0 0 0 0 0 0 0 0 0 0 0.47 0 0 0 0 0
0.72125 0 0.46 0 0 0 0 0 0 0 0 0 0 0 0.46 0 0 0 0 0
0.721875 0 0.45 0 0 0 0 0 0 0 0 0 0 0 0.45 0 0 0 0 0
0.7225 0 0.44 0 0 0 0 0 0 0 0 0 0 0 0.44 0 0 0 0 0
0.723125 0 0.43 0 0 0 0 0 0 0 0 0 0 0 0.43 0 0 0 0 0
0.72375 0 0.42 0 0 0 0 0 0 0 0 0 0 0 0.42 0 0 0 0 0
0.724375 0 0.41 0 0 0 0 0 0 0 0 0 0 0 0.41 0 0 0 0 0
0.725 0 0.4 0 0 0 0 0 0 0 0 0 0 0 0.4 0 0 0 0 0
0.725625 0 0.39 0 0 0 0 0 0 0 0 0 0 0 0.39 0 0 0 0 0
0.72625 0 0.38 0 0 0 0 0 0 0 0 0 0 0 0.38 0 0 0 0 0
0.726875 0 0.37 0 0 0 0 0 0 0 0 0 0 0 0.37 0 0 0 0 0
0.7275 0 0.36 0 0 0 0 0 0 0 0 0 0 0 0.36 0 0 0 0 0
0.728125 0 0.35 0 0 0 0 0 0 0 0 0 0 0 0.35 0 0 0 0 0
0.72875 0 0.34 0 0 0 0 0 0 0 0 0 0 0 0.34 0 0 0 0 0
0.729375 0 0.33 0 0 0 0 0 0 0 0 0 0 0 0.33 0 0 0 0 0
0.73 0 0.32 0 0 0 0 0 0 0 0 0 0 0 0.32 0 0 0 0 0
0.730625 0 0.31 0 0 0 0 0 0 0 0 0 0 0 0.31 0 0 0 0 0
0.73125 0 0.3 0 0 0 0 0 0 0 0 0 0 0 0.3 0 0 0 0 0
0.731875 0 0.29 0 0 0 0 0 0 0 0 0 0 0 0.29 0 0 0 0 0
0.7325 0 0.28 0 0 0 0 0 0 0 0 0 0 0 0.28 0 0 0 0 0
0.733125 0 0.27 0 0 0 0 0 0 0 0 0 0 0 0.27 0 0 0 0 0
0.73375 0 0.26 0 0 0 0 0 0 0 0 0 0 0 0.26 0 0 0 0 0
0.734375 0 0.25 0 0 0 0 0 0 0 0 0 0 0 0.25 0 0 0 0 0
0.735 0 0.24 0 0 0 0 0 0 0 0 0 0 0 0.24 0 0 0 0 0
0.735625 0 0.23 0 0 0 0 0 0 0 0 0 0 0 0.23 0 0 0 0 0
0.73625 0 0.22 0 0 0 0 0 0 0 0 0 0 0 0.22 0 0 0 0 0
0.736875 0 0.21 0 0 0 0 0 0 0 0 0 0 0 0.21 0 0 0 0 0
0.7375 0 0.2 0 0 0 0 0 0 0 0 0 0 0 0.2 0 0 0 0 0
0.738125 0 0.19 0 0 0 0 0 0 0 0 0 0 0 0.19 0 0 0 0 0
0.73875 0 0.18 0 0 0 0 0 0 0 0 0 0 0 0.18 0 0 0 0 0
0.739375 0 0.17 0 0 0 0 0 0 0 0 0 0 0 0.17 0 0 0 0 0
0.74 0 0.16 0 0 0 0 0 0 0 0 0 0 0 0.16 0 0 0 0 0
0.740625 0 0.15 0 0 0 0 0 0 0 0 0 0 0 0.15 0 0 0 0 0
0.74125 0 0.14 0 0 0 0 0 0 0 0 0 0 0 0.14 0 0 0 0 0
0.741875 0 0.13 0 0 0 0 0 0 0 0 0 0 0 0.13 0 0 0 0 0
0.7425 0 0.12 0 0 0 0 0 0 0 0 0 0 0 0.12 0 0 0 0 0
0.743125 0 0.11 0 0 0 0 0 0 0 0 0 0 0 0.11 0 0 0 0 0
0.74375 0 0.1 0 0 0 0 0 0 0 0 0 0 0 0.1 0 0 0 0 0
0.744375 0 0.09 0 0 0 0 0 0 0 0 0 0 0 0.09 0 0 0 0 0
0.745 0 0.08 0 0 0 0 0 0 0 0 0 0 0 0.08 0 0 0 0 0
0.745625 0 0.07 0 0 0 0 0 0 0 0 0 0 0 0.07 0 0 0 0 0
0.74625 0 0.06 0 0 0 0 0 0 0 0 0 0 0 0.06 0 0 0 0 0
0.746875 0 0.05 0 0 0 0 0 0 0 0 0 0 0 0.05 0 0 0 0 0
0.7475 0 0.04 0 0 0 0 0 0 0 0 0 0 0 0.04 0 0 0 0 0
0.748125 0 0.03 0 0 0 0 0 0 0 0 0 0 0 0.03 0 0 0 0 0
0.74875 0 0.02 0 0 0 0 0 0 0 0 0 0 0 0.02 0 0 0 0 0
0.749375 0 0.01 0 0 0 0 0 0 0 0 0 0 0 0.01 0 0 0 0 0
0.75 0 0 0 0 0 0 0 0 0 0 0 0 0 0 0 0 0 0 0
0.750625 0 0 0 0 0 0 0 0 0 0 0 0 0 0 0 0 0 0 0
0.75125 0 0 0 0 0 0 0 0 0 0 0 0 0 0 0 0 0 0 0
0.751875 0 0 0 0 0 0 0 0 0 0 0 0 0 0 0 0 0 0 0
0.7525 0 0 0 0 0 0 0 0 0 0 0 0 0 0 0 0 0 0 0
0.753125 0 0 0 0 0 0 0 0 0 0 0 0 0 0 0 0 0 0 0
0.75375 0 0 0 0 0 0 0 0 0 0 0 0 0 0 0 0 0 0 0
0.754375 0 0 0 0 0 0 0 0 0 0 0 0 0 0 0 0 0 0 0
0.755 0 0 0 0 0 0 0 0 0 0 0 0 0 0 0 0 0 0 0
0.755625 0 0 0 0 0 0 0 0 0 0 0 0 0 0 0 0 0 0 0
0.75625 0 0 0 0 0 0 0 0 0 0 0 0 0 0 0 0 0 0 0
0.756875 0 0 0 0 0 0 0 0 0 0 0 0 0 0 0 0 0 0 0
0.7575 0 0 0 0 0 0 0 0 0 0 0 0 0 0 0 0 0 0 0
0.758125 0 0 0 0 0 0 0 0 0 0 0 0 0 0 0 0 0 0 0
0.75875 0 0 0 0 0 0 0 0 0 0 0 0 0 0 0 0 0 0 0
0.759375 0 0 0 0 0 0 0 0 0 0 0 0 0 0 0 0 0 0 0
0.76 0 0 0 0 0 0 0 0 0 0 0 0 0 0 0 0 0 0 0
0.760625 0 0 0 0 0 0 0 0 0 0 0 0 0 0 0 0 0 0 0
0.76125 0 0 0 0 0 0 0 0 0 0 0 0 0 0 0 0 0 0 0
0.761875 0 0 0 0 0 0 0 0 0 0 0 0 0 0 0 0 0 0 0
0.7625 0 0 0 0 0 0 0 0 0 0 0 0 0 0 0 0 0 0 0
0.763125 0 0 0 0 0 0 0 0 0 0 0 0 0 0 0 0 0 0 0
0.76375 0 0 0 0 0 0 0 0 0 0 0 0 0 0 0 0 0 0 0
0.764375 0 0 0 0 0 0 0 0 0 0 0 0 0 0 0 0 0 0 0
0.765 0 0 0 0 0 0 0 0 0 0 0 0 0 0 0 0 0 0 0
0.765625 0 0 0 0 0 0 0 0 0 0 0 0 0 0 0 0 0 0 0
0.76625 0 0 0 0 0 0 0 0 0 0 0 0 0 0 0 0 0 0 0
0.766875 0 0 0 0 0 0 0 0 0 0 0 0 0 0 0 0 0 0 0
0.7675 0 0 0 0 0 0 0 0 0 0 0 0 0 0 0 0 0 0 0
0.768125 0 0 0 0 0 0 0 0 0 0 0 0 0 0 0 0 0 0 0
0.76875 0 0 0 0 0 0 0 0 0 0 0 0 0 0 0 0 0 0 0
0.769375 0 0 0 0 0 0 0 0 0 0 0 0 0 0 0 0 0 0 0
0.77 0 0 0 0 0 0 0 0 0 0 0 0 0 0 0 0 0 0 0
0.770625 0 0 0 0 0 0 0 0 0 0 0 0 0 0 0 0 0 0 0
0.77125 0 0 0 0 0 0 0 0 0 0 0 0 0 0 0 0 0 0 0
0.771875 0 0 0 0 0 0 0 0 0 0 0 0 0 0 0 0 0 0 0
0.7725 0 0 0 0 0 0 0 0 0 0 0 0 0 0 0 0 0 0 0
0.773125 0 0 0 0 0 0 0 0 0 0 0 0 0 0 0 0 0 0 0
0.77375 0 0 0 0 0 0 0 0 0 0 0 0 0 0 0 0 0 0 0
0.774375 0 0 0 0 0 0 0 0 0 0 0 0 0 0 0 0 0 0 0
0.775 0 0 0 0 0 0 0 0 0 0 0 0 0 0 0 0 0 0 0
0.775625 0 0 0 0 0 0 0 0 0 0 0 0 0 0 0 0 0 0 0
0.77625 0 0 0 0 0 0 0 0 0 0 0 0 0 0 0 0 0 0 0
0.776875 0 0 0 0 0 0 0 0 0 0 0 0 0 0 0 0 0 0 0
0.7775 0 0 0 0 0 0 0 0 0 0 0 0 0 0 0 0 0 0 0
0.778125 0 0 0 0 0 0 0 0 0 0 0 0 0 0 0 0 0 0 0
0.77875 0 0 0 0 0 0 0 0 0 0 0 0 0 0 0 0 0 0 0
0.779375 0 0 0 0 0 0 0 0 0 0 0 0 0 0 0 0 0 0 0
0.78 0 0 0 0 0 0 0 0 0 0 0 0 0 0 0 0 0 0 0
0.780625 0 0 0 0 0 0 0 0 0 0 0 0 0 0 0 0 0 0 0
0.78125 0 0 0 0 0 0 0 0 0 0 0 0 0 0 0 0 0 0 0
0.781875 0 0 0 0 0 0 0 0 0 0 0 0 0 0 0 0 0 0 0
0.7825 0 0 0 0 0 0 0 0 0 0 0 0 0 0 0 0 0 0 0
0.783125 0 0 0 0 0 0 0 0 0 0 0 0 0 0 0 0 0 0 0
0.78375 0 0 0 0 0 0 0 0 0 0 0 0 0 0 0 0 0 0 0
0.784375 0 0 0 0 0 0 0 0 0 0 0 0 0 0 0 0 0 0 0
0.785 0 0 0 0 0 0 0 0 0 0 0 0 0 0 0 0 0 0 0
0.785625 0 0 0 0 0 0 0 0 0 0 0 0 0 0 0 0 0 0 0
0.78625 0 0 0 0 0 0 0 0 0 0 0 0 0 0 0 0 0 0 0
0.786875 0 0 0 0 0 0 0 0 0 0 0 0 0 0 0 0 0 0 0
0.7875 0 0 0 0 0 0 0 0 0 0 0 0 0 0 0 0 0 0 0
0.788125 0 0 0 0 0 0 0 0 0 0 0 0 0 0 0 0 0 0 0
0.78875 0 0 0 0 0 0 0 0 0 0 0 0 0 0 0 0 0 0 0
0.789375 0 0 0 0 0 0 0 0 0 0 0 0 0 0 0 0 0 0 0
0.79 0 0 0 0 0 0 0 0 0 0 0 0 0 0 0 0 0 0 0
0.790625 0 0 0 0 0 0 0 0 0 0 0 0 0 0 0 0 0 0 0
0.79125 0 0 0 0 0 0 0 0 0 0 0 0 0 0 0 0 0 0 0
0.791875 0 0 0 0 0 0 0 0 0 0 0 0 0 0 0 0 0 0 0
0.7925 0 0 0 0 0 0 0 0 0 0 0 0 0 0 0 0 0 0 0
0.793125 0 0 0 0 0 0 0 0 0 0 0 0 0 0 0 0 0 0 0
0.79375 0 0 0 0 0 0 0 0 0 0 0 0 0 0 0 0 0 0 0
0.794375 0 0 0 0 0 0 0 0 0 0 0 0 0 0 0 0 0 0 0
0.795 0 0 0 0 0 0 0 0 0 0 0 0 0 0 0 0 0 0 0
0.795625 0 0 0 0 0 0 0 0 0 0 0 0 0 0 0 0 0 0 0
0.79625 0 0 0 0 0 0 0 0 0 0 0 0 0 0 0 0 0 0 0
0.796875 0 0 0 0 0 0 0 0 0 0 0 0 0 0 0 0 0 0 0
0.7975 0 0 0 0 0 0 0 0 0 0 0 0 0 0 0 0 0 0 0
0.798125 0 0 0 0 0 0 0 0 0 0 0 0 0 0 0 0 0 0 0
0.79875 0 0 0 0 0 0 0 0 0 0 0 0 0 0 0 0 0 0 0
0.799375 0 0 0 0 0 0 0 0 0 0 0 0 0 0 0 0 0 0 0
0.8 0 0 0 0 0 0 0 0 0 0 0 0 0 0 0 0 0 0 0
0.800625 0 0 0 0 0 0 0 0 0 0 0 0 0 0 0 0 0 0 0
0.80125 0 0 0 0 0 0 0 0 0 0 0 0 0 0 0 0 0 0 0
0.801875 0 0 0 0 0 0 0 0 0 0 0 0 0 0 0 0 0 0 0
0.8025 0 0 0 0 0 0 0 0 0 0 0 0 0 0 0 0 0 0 0
0.803125 0 0 0 0 0 0 0 0 0 0 0 0 0 0 0 0 0 0 0
0.80375 0 0 0 0 0 0 0 0 0 0 0 0 0 0 0 0 0 0 0
0.804375 0 0 0 0 0 0 0 0 0 0 0 0 0 0 0 0 0 0 0
0.805 0 0 0 0 0 0 0 0 0 0 0 0 0 0 0 0 0 0 0
0.805625 0 0 0 0 0 0 0 0 0 0 0 0 0 0 0 0 0 0 0
0.80625 0 0 0 0 0 0 0 0 0 0 0 0 0 0 0 0 0 0 0
0.806875 0 0 0 0 0 0 0 0 0 0 0 0 0 0 0 0 0 0 0
0.8075 0 0 0 0 0 0 0 0 0 0 0 0 0 0 0 0 0 0 0
0.808125 0 0 0 0 0 0 0 0 0 0 0 0 0 0 0 0 0 0 0
0.80875 0 0 0 0 0 0 0 0 0 0 0 0 0 0 0 0 0 0 0
0.809375 0 0 0 0 0 0 0 0 0 0 0 0 0 0 0 0 0 0 0
0.81 0 0 0 0 0 0 0 0 0 0 0 0 0 0 0 0 0 0 0
0.810625 0 0 0 0 0 0 0 0 0 0 0 0 0 0 0 0 0 0 0
0.81125 0 0 0 0 0 0 0 0 0 0 0 0 0 0 0 0 0 0 0
0.811875 0 0 0 0 0 0 0 0 0 0 0 0 0 0 0 0 0 0 0
0.8125 0 0 0 0 0 0 0 0 0 0 0 0 0 0 0 0 0 0 0
0.813125 0 0 0 0 0 0 0 0 0 0 0 0 0 0 0 0 0 0 0
0.81375 0 0 0 0 0 0 0 0 0 0 0 0 0 0 0 0 0 0 0
0.814375 0 0 0 0 0 0 0 0 0 0 0 0 0 0 0 0 0 0 0
0.815 0 0 0 0 0 0 0 0 0 0 0 0 0 0 0 0 0 0 0
0.815625 0 0 0 0 0 0 0 0 0 0 0 0 0 0 0 0 0 0 0
0.81625 0 0 0 0 0 0 0 0 0 0 0 0 0 0 0 0 0 0 0
0.816875 0 0 0 0 0 0 0 0 0 0 0 0 0 0 0 0 0 0 0
0.8175 0 0 0 0 0 0 0 0 0 0 0 0 0 0 0 0 0 0 0
0.818125 0 0 0 0 0 0 0 0 0 0 0 0 0 0 0 0 0 0 0
0.81875 0 0 0 0 0 0 0 0 0 0 0 0 0 0 0 0 0 0 0
0.819375 0 0 0 0 0 0 0 0 0 0 0 0 0 0 0 0 0 0 0
0.82 0 0 0 0 0 0 0 0 0 0 0 0 0 0 0 0 0 0 0
0.820625 0 0 0 0 0 0 0 0 0 0 0 0 0 0 0 0 0 0 0
0.82125 0 0 0 0 0 0 0 0 0 0 0 0 0 0 0 0 0 0 0
0.821875 0 0 0 0 0 0 0 0 0 0 0 0 0 0 0 0 0 0 0
0.8225 0 0 0 0 0 0 0 0 0 0 0 0 0 0 0 0 0 0 0
0.823125 0 0 0 0 0 0 0 0 0 0 0 0 0 0 0 0 0 0 0
0.82375 0 0 0 0 0 0 0 0 0 0 0 0 0 0 0 0 0 0 0
0.824375 0 0 0 0 0 0 0 0 0 0 0 0 0 0 0 0 0 0 0
0.825 0 0 0 0 0 0 0 0 0 0 0 0 0 0 0 0 0 0 0
0.825625 0 0 0 0 0 0 0 0 0 0 0 0 0 0 0 0 0 0 0
0.82625 0 0 0 0 0 0 0 0 0 0 0 0 0 0 0 0 0 0 0
0.826875 0 0 0 0 0 0 0 0 0 0 0 0 0 0 0 0 0 0 0
0.8275 0 0 0 0 0 0 0 0 0 0 0 0 0 0 0 0 0 0 0
0.828125 0 0 0 0 0 0 0 0 0 0 0 0 0 0 0 0 0 0 0
0.82875 0 0 0 0 0 0 0 0 0 0 0 0 0 0 0 0 0 0 0
0.829375 0 0 0 0 0 0 0 0 0 0 0 0 0 0 0 0 0 0 0
0.83 0 0 0 0 0 0 0 0 0 0 0 0 0 0 0 0 0 0 0
0.830625 0 0 0 0 0 0 0 0 0 0 0 0 0 0 0 0 0 0 0
0.83125 0 0 0 0 0 0 0 0 0 0 0 0 0 0 0 0 0 0 0
0.831875 0 0 0 0 0 0 0 0 0 0 0 0 0 0 0 0 0 0 0
0.8325 0 0 0 0 0 0 0 0 0 0 0 0 0 0 0 0 0 0 0
0.833125 0 0 0 0 0 0 0 0 0 0 0 0 0 0 0 0 0 0 0
0.83375 0 0 0 0 0 0 0 0 0 0 0 0 0 0 0 0 0 0 0
0.834375 0 0 0 0 0 0 0 0 0 0 0 0 0 0 0 0 0 0 0
0.835 0 0 0 0 0 0 0 0 0 0 0 0 0 0 0 0 0 0 0
0.835625 0 0 0 0 0 0 0 0 0 0 0 0 0 0 0 0 0 0 0
0.83625 0 0 0 0 0 0 0 0 0 0 0 0 0 0 0 0 0 0 0
0.836875 0 0 0 0 0 0 0 0 0 0 0 0 0 0 0 0 0 0 0
0.8375 0 0 0 0 0 0 0 0 0 0 0 0 0 0 0 0 0 0 0
0.838125 0 0 0 0 0 0 0 0 0 0 0 0 0 0 0 0 0 0 0
0.83875 0 0 0 0 0 0 0 0 0 0 0 0 0 0 0 0 0 0 0
0.839375 0 0 0 0 0 0 0 0 0 0 0 0 0 0 0 0 0 0 0
0.84 0 0 0 0 0 0 0 0 0 0 0 0 0 0 0 0 0 0 0
0.840625 0 0 0 0 0 0 0 0 0 0 0 0 0 0 0 0 0 0 0
0.84125 0 0 0 0 0 0 0 0 0 0 0 0 0 0 0 0 0 0 0
0.841875 0 0 0 0 0 0 0 0 0 0 0 0 0 0 0 0 0 0 0
0.8425 0 0 0 0 0 0 0 0 0 0 0 0 0 0 0 0 0 0 0
0.843125 0 0 0 0 0 0 0 0 0 0 0 0 0 0 0 0 0 0 0
0.84375 0 0 0 0 0 0 0 0 0 0 0 0 0 0 0 0 0 0 0
0.844375 0 0 0 0 0 0 0 0 0 0 0 0 0 0 0 0 0 0 0
0.845 0 0 0 0 0 0 0 0 0 0 0 0 0 0 0 0 0 0 0
0.845625 0 0 0 0 0 0 0 0 0 0 0 0 0 0 0 0 0 0 0
0.84625 0 0 0 0 0 0 0 0 0 0 0 0 0 0 0 0 0 0 0
0.846875 0 0 0 0 0 0 0 0 0 0 0 0 0 0 0 0 0 0 0
0.8475 0 0 0 0 0 0 0 0 0 0 0 0 0 0 0 0 0 0 0
0.848125 0 0 0 0 0 0 0 0 0 0 0 0 0 0 0 0 0 0 0
0.84875 0 0 0 0 0 0 0 0 0 0 0 0 0 0 0 0 0 0 0
0.849375 0 0 0 0 0 0 0 0 0 0 0 0 0 0 0 0 0 0 0
0.85 0 0 0 0 0 0 0 0 0 0 0 0 0 0 0 0 0 0 0
0.850625 0 0 0 0 0 0 0 0 0 0 0 0 0 0 0 0 0 0 0
0.85125 0 0 0 0 0 0 0 0 0 0 0 0 0 0 0 0 0 0 0
0.851875 0 0 0 0 0 0 0 0 0 0 0 0 0 0 0 0 0 0 0
0.8525 0 0 0 0 0 0 0 0 0 0 0 0 0 0 0 0 0 0 0
0.853125 0 0 0 0 0 0 0 0 0 0 0 0 0 0 0 0 0 0 0
0.85375 0 0 0 0 0 0 0 0 0 0 0 0 0 0 0 0 0 0 0
0.854375 0 0 0 0 0 0 0 0 0 0 0 0 0 0 0 0 0 0 0
0.855 0 0 0 0 0 0 0 0 0 0 0 0 0 0 0 0 0 0 0
0.855625 0 0 0 0 0 0 0 0 0 0 0 0 0 0 0 0 0 0 0
0.85625 0 0 0 0 0 0 0 0 0 0 0 0 0 0 0 0 0 0 0
0.856875 0 0 0 0 0 0 0 0 0 0 0 0 0 0 0 0 0 0 0
0.8575 0 0 0 0 0 0 0 0 0 0 0 0 0 0 0 0 0 0 0
0.858125 0 0 0 0 0 0 0 0 0 0 0 0 0 0 0 0 0 0 0
0.85875 0 0 0 0 0 0 0 0 0 0 0 0 0 0 0 0 0 0 0
0.859375 0 0 0 0 0 0 0 0 0 0 0 0 0 0 0 0 0 0 0
0.86 0 0 0 0 0 0 0 0 0 0 0 0 0 0 0 0 0 0 0
0.860625 0 0 0 0 0 0 0 0 0 0 0 0 0 0 0 0 0 0 0
0.86125 0 0 0 0 0 0 0 0 0 0 0 0 0 0 0 0 0 0 0
0.861875 0 0 0 0 0 0 0 0 0 0 0 0 0 0 0 0 0 0 0
0.8625 0 0 0 0 0 0 0 0 0 0 0 0 0 0 0 0 0 0 0
0.863125 0 0 0 0 0 0 0 0 0 0 0 0 0 0 0 0 0 0 0
0.86375 0 0 0 0 0 0 0 0 0 0 0 0 0 0 0 0 0 0 0
0.864375 0 0 0 0 0 0 0 0 0 0 0 0 0 0 0 0 0 0 0
0.865 0 0 0 0 0 0 0 0 0 0 0 0 0 0 0 0 0 0 0
0.865625 0 0 0 0 0 0 0 0 0 0 0 0 0 0 0 0 0 0 0
0.86625 0 0 0 0 0 0 0 0 0 0 0 0 0 0 0 0 0 0 0
0.866875 0 0 0 0 0 0 0 0 0 0 0 0 0 0 0 0 0 0 0
0.8675 0 0 0 0 0 0 0 0 0 0 0 0 0 0 0 0 0 0 0
0.868125 0 0 0 0 0 0 0 0 0 0 0 0 0 0 0 0 0 0 0
0.86875 0 0 0 0 0 0 0 0 0 0 0 0 0 0 0 0 0 0 0
0.869375 0 0 0 0 0 0 0 0 0 0 0 0 0 0 0 0 0 0 0
0.87 0 0 0 0 0 0 0 0 0 0 0 0 0 0 0 0 0 0 0
0.870625 0 0 0 0 0 0 0 0 0 0 0 0 0 0 0 0 0 0 0
0.87125 0 0 0 0 0 0 0 0 0 0 0 0 0 0 0 0 0 0 0
0.871875 0 0 0 0 0 0 0 0 0 0 0 0 0 0 0 0 0 0 0
0.8725 0 0 0 0 0 0 0 0 0 0 0 0 0 0 0 0 0 0 0
0.873125 0 0 0 0 0 0 0 0 0 0 0 0 0 0 0 0 0 0 0
0.87375 0 0 0 0 0 0 0 0 0 0 0 0 0 0 0 0 0 0 0
0.874375 0 0 0 0 0 0 0 0 0 0 0 0 0 0 0 0 0 0 0
0.875 0 0 0 0 0 0 0 0 0 0 0 0 0 0 0 0 0 0 0
0.875625 0 0 0 0 0 0 0 0 0 0 0 0 0 0 0 0 0 0 0
0.87625 0 0 0 0 0 0 0 0 0 0 0 0 0 0 0 0 0 0 0
0.876875 0 0 0 0 0 0 0 0 0 0 0 0 0 0 0 0 0 0 0
0.8775 0 0 0 0 0 0 0 0 0 0 0 0 0 0 0 0 0 0 0
0.878125 0 0 0 0 0 0 0 0 0 0 0 0 0 0 0 0 0 0 0
0.87875 0 0 0 0 0 0 0 0 0 0 0 0 0 0 0 0 0 0 0
0.879375 0 0 0 0 0 0 0 0 0 0 0 0 0 0 0 0 0 0 0
0.88 0 0 0 0 0 0 0 0 0 0 0 0 0 0 0 0 0 0 0
0.880625 0 0 0 0 0 0 0 0 0 0 0 0 0 0 0 0 0 0 0
0.88125 0 0 0 0 0 0 0 0 0 0 0 0 0 0 0 0 0 0 0
0.881875 0 0 0 0 0 0 0 0 0 0 0 0 0 0 0 0 0 0 0
0.8825 0 0 0 0 0 0 0 0 0 0 0 0 0 0 0 0 0 0 0
0.883125 0 0 0 0 0 0 0 0 0 0 0 0 0 0 0 0 0 0 0
0.88375 0 0 0 0 0 0 0 0 0 0 0 0 0 0 0 0 0 0 0
0.884375 0 0 0 0 0 0 0 0 0 0 0 0 0 0 0 0 0 0 0
0.885 0 0 0 0 0 0 0 0 0 0 0 0 0 0 0 0 0 0 0
0.885625 0 0 0 0 0 0 0 0 0 0 0 0 0 0 0 0 0 0 0
0.88625 0 0 0 0 0 0 0 0 0 0 0 0 0 0 0 0 0 0 0
0.886875 0 0 0 0 0 0 0 0 0 0 0 0 0 0 0 0 0 0 0
0.8875 0 0 0 0 0 0 0 0 0 0 0 0 0 0 0 0 0 0 0
0.888125 0 0 0 0 0 0 0 0 0 0 0 0 0 0 0 0 0 0 0
0.88875 0 0 0 0 0 0 0 0 0 0 0 0 0 0 0 0 0 0 0
0.889375 0 0 0 0 0 0 0 0 0 0 0 0 0 0 0 0 0 0 0
0.89 0 0 0 0 0 0 0 0 0 0 0 0 0 0 0 0 0 0 0
0.890625 0 0 0 0 0 0 0 0 0 0 0 0 0 0 0 0 0 0 0
0.89125 0 0 0 0 0 0 0 0 0 0 0 0 0 0 0 0 0 0 0
0.891875 0 0 0 0 0 0 0 0 0 0 0 0 0 0 0 0 0 0 0
0.8925 0 0 0 0 0 0 0 0 0 0 0 0 0 0 0 0 0 0 0
0.893125 0 0 0 0 0 0 0 0 0 0 0 0 0 0 0 0 0 0 0
0.89375 0 0 0 0 0 0 0 0 0 0 0 0 0 0 0 0 0 0 0
0.894375 0 0 0 0 0 0 0 0 0 0 0 0 0 0 0 0 0 0 0
0.895 0 0 0 0 0 0 0 0 0 0 0 0 0 0 0 0 0 0 0
0.895625 0 0 0 0 0 0 0 0 0 0 0 0 0 0 0 0 0 0 0
0.89625 0 0 0 0 0 0 0 0 0 0 0 0 0 0 0 0 0 0 0
0.896875 0 0 0 0 0 0 0 0 0 0 0 0 0 0 0 0 0 0 0
0.8975 0 0 0 0 0 0 0 0 0 0 0 0 0 0 0 0 0 0 0
0.898125 0 0 0 0 0 0 0 0 0 0 0 0 0 0 0 0 0 0 0
0.89875 0 0 0 0 0 0 0 0 0 0 0 0 0 0 0 0 0 0 0
0.899375 0 0 0 0 0 0 0 0 0 0 0 0 0 0 0 0 0 0 0
0.9 0 0 0 0 0 0 0 0 0 0 0 0 0 0 0 0 0 0 0
0.900625 0 0 0 0 0 0 0 0 0 0 0 0 0 0 0 0 0 0 0
0.90125 0 0 0 0 0 0 0 0 0 0 0 0 0 0 0 0 0 0 0
0.901875 0 0 0 0 0 0 0 0 0 0 0 0 0 0 0 0 0 0 0
0.9025 0 0 0 0 0 0 0 0 0 0 0 0 0 0 0 0 0 0 0
0.903125 0 0 0 0 0 0 0 0 0 0 0 0 0 0 0 0 0 0 0
0.90375 0 0 0 0 0 0 0 0 0 0 0 0 0 0 0 0 0 0 0
0.904375 0 0 0 0 0 0 0 0 0 0 0 0 0 0 0 0 0 0 0
0.905 0 0 0 0 0 0 0 0 0 0 0 0 0 0 0 0 0 0 0
0.905625 0 0 0 0 0 0 0 0 0 0 0 0 0 0 0 0 0 0 0
0.90625 0 0 0 0 0 0 0 0 0 0 0 0 0 0 0 0 0 0 0
0.906875 0 0 0 0 0 0 0 0 0 0 0 0 0 0 0 0 0 0 0
0.9075 0 0 0 0 0 0 0 0 0 0 0 0 0 0 0 0 0 0 0
0.908125 0 0 0 0 0 0 0 0 0 0 0 0 0 0 0 0 0 0 0
0.90875 0 0 0 0 0 0 0 0 0 0 0 0 0 0 0 0 0 0 0
0.909375 0 0 0 0 0 0 0 0 0 0 0 0 0 0 0 0 0 0 0
0.91 0 0 0 0 0 0 0 0 0 0 0 0 0 0 0 0 0 0 0
0.910625 0 0 0 0 0 0 0 0 0 0 0 0 0 0 0 0 0 0 0
0.91125 0 0 0 0 0 0 0 0 0 0 0 0 0 0 0 0 0 0 0
0.911875 0 0 0 0 0 0 0 0 0 0 0 0 0 0 0 0 0 0 0
0.9125 0 0 0 0 0 0 0 0 0 0 0 0 0 0 0 0 0 0 0
0.913125 0 0 0 0 0 0 0 0 0 0 0 0 0 0 0 0 0 0 0
0.91375 0 0 0 0 0 0 0 0 0 0 0 0 0 0 0 0 0 0 0
0.914375 0 0 0 0 0 0 0 0 0 0 0 0 0 0 0 0 0 0 0
0.915 0 0 0 0 0 0 0 0 0 0 0 0 0 0 0 0 0 0 0
0.915625 0 0 0 0 0 0 0 0 0 0 0 0 0 0 0 0 0 0 0
0.91625 0 0 0 0 0 0 0 0 0 0 0 0 0 0 0 0 0 0 0
0.916875 0 0 0 0 0 0 0 0 0 0 0 0 0 0 0 0 0 0 0
0.9175 0 0 0 0 0 0 0 0 0 0 0 0 0 0 0 0 0 0 0
0.918125 0 0 0 0 0 0 0 0 0 0 0 0 0 0 0 0 0 0 0
0.91875 0 0 0 0 0 0 0 0 0 0 0 0 0 0 0 0 0 0 0
0.919375 0 0 0 0 0 0 0 0 0 0 0 0 0 0 0 0 0 0 0
0.92 0 0 0 0 0 0 0 0 0 0 0 0 0 0 0 0 0 0 0
0.920625 0 0 0 0 0 0 0 0 0 0 0 0 0 0 0 0 0 0 0
0.92125 0 0 0 0 0 0 0 0 0 0 0 0 0 0 0 0 0 0 0
0.921875 0 0 0 0 0 0 0 0 0 0 0 0 0 0 0 0 0 0 0
0.9225 0 0 0 0 0 0 0 0 0 0 0 0 0 0 0 0 0 0 0
0.923125 0 0 0 0 0 0 0 0 0 0 0 0 0 0 0 0 0 0 0
0.92375 0 0 0 0 0 0 0 0 0 0 0 0 0 0 0 0 0 0 0
0.924375 0 0 0 0 0 0 0 0 0 0 0 0 0 0 0 0 0 0 0
0.925 0 0 0 0 0 0 0 0 0 0 0 0 0 0 0 0 0 0 0
0.925625 0 0 0 0 0 0 0 0 0 0 0 0 0 0 0 0 0 0 0
0.92625 0 0 0 0 0 0 0 0 0 0 0 0 0 0 0 0 0 0 0
0.926875 0 0 0 0 0 0 0 0 0 0 0 0 0 0 0 0 0 0 0
0.9275 0 0 0 0 0 0 0 0 0 0 0 0 0 0 0 0 0 0 0
0.928125 0 0 0 0 0 0 0 0 0 0 0 0 0 0 0 0 0 0 0
0.92875 0 0 0 0 0 0 0 0 0 0 0 0 0 0 0 0 0 0 0
0.929375 0 0 0 0 0 0 0 0 0 0 0 0 0 0 0 0 0 0 0
0.93 0 0 0 0 0 0 0 0 0 0 0 0 0 0 0 0 0 0 0
0.930625 0 0 0 0 0 0 0 0 0 0 0 0 0 0 0 0 0 0 0
0.93125 0 0 0 0 0 0 0 0 0 0 0 0 0 0 0 0 0 0 0
0.931875 0 0 0 0 0 0 0 0 0 0 0 0 0 0 0 0 0 0 0
0.9325 0 0 0 0 0 0 0 0 0 0 0 0 0 0 0 0 0 0 0
0.933125 0 0 0 0 0 0 0 0 0 0 0 0 0 0 0 0 0 0 0
0.93375 0 0 0 0 0 0 0 0 0 0 0 0 0 0 0 0 0 0 0
0.934375 0 0 0 0 0 0 0 0 0 0 0 0 0 0 0 0 0 0 0
0.935 0 0 0 0 0 0 0 0 0 0 0 0 0 0 0 0 0 0 0
0.935625 0 0 0 0 0 0 0 0 0 0 0 0 0 0 0 0 0 0 0
0.93625 0 0 0 0 0 0 0 0 0 0 0 0 0 0 0 0 0 0 0
0.936875 0 0 0 0 0 0 0 0 0 0 0 0 0 0 0 0 0 0 0
0.9375 0 0 0 0 0 0 0 0 0 0 0 0 0 0 0 0 0 0 0
0.938125 0 0 0 0 0 0 0 0 0 0 0 0 0 0 0 0 0 0 0
0.93875 0 0 0 0 0 0 0 0 0 0 0 0 0 0 0 0 0 0 0
0.939375 0 0 0 0 0 0 0 0 0 0 0 0 0 0 0 0 0 0 0
0.94 0 0 0 0 0 0 0 0 0 0 0 0 0 0 0 0 0 0 0
0.940625 0 0 0 0 0 0 0 0 0 0 0 0 0 0 0 0 0 0 0
0.94125 0 0 0 0 0 0 0 0 0 0 0 0 0 0 0 0 0 0 0
0.941875 0 0 0 0 0 0 0 0 0 0 0 0 0 0 0 0 0 0 0
0.9425 0 0 0 0 0 0 0 0 0 0 0 0 0 0 0 0 0 0 0
0.943125 0 0 0 0 0 0 0 0 0 0 0 0 0 0 0 0 0 0 0
0.94375 0 0 0 0 0 0 0 0 0 0 0 0 0 0 0 0 0 0 0
0.944375 0 0 0 0 0 0 0 0 0 0 0 0 0 0 0 0 0 0 0
0.945 0 0 0 0 0 0 0 0 0 0 0 0 0 0 0 0 0 0 0
0.945625 0 0 0 0 0 0 0 0 0 0 0 0 0 0 0 0 0 0 0
0.94625 0 0 0 0 0 0 0 0 0 0 0 0 0 0 0 0 0 0 0
0.946875 0 0 0 0 0 0 0 0 0 0 0 0 0 0 0 0 0 0 0
0.9475 0 0 0 0 0 0 0 0 0 0 0 0 0 0 0 0 0 0 0
0.948125 0 0 0 0 0 0 0 0 0 0 0 0 0 0 0 0 0 0 0
0.94875 0 0 0 0 0 0 0 0 0 0 0 0 0 0 0 0 0 0 0
0.949375 0 0 0 0 0 0 0 0 0 0 0 0 0 0 0 0 0 0 0
0.95 0 0 0 0 0 0 0 0 0 0 0 0 0 0 0 0 0 0 0
0.950625 0 0 0 0 0 0 0 0 0 0 0 0 0 0 0 0 0 0 0
0.95125 0 0 0 0 0 0 0 0 0 0 0 0 0 0 0 0 0 0 0
0.951875 0 0 0 0 0 0 0 0 0 0 0 0 0 0 0 0 0 0 0
0.9525 0 0 0 0 0 0 0 0 0 0 0 0 0 0 0 0 0 0 0
0.953125 0 0 0 0 0 0 0 0 0 0 0 0 0 0 0 0 0 0 0
0.95375 0 0 0 0 0 0 0 0 0 0 0 0 0 0 0 0 0 0 0
0.954375 0 0 0 0 0 0 0 0 0 0 0 0 0 0 0 0 0 0 0
0.955 0 0 0 0 0 0 0 0 0 0 0 0 0 0 0 0 0 0 0
0.955625 0 0 0 0 0 0 0 0 0 0 0 0 0 0 0 0 0 0 0
0.95625 0 0 0 0 0 0 0 0 0 0 0 0 0 0 0 0 0 0 0
0.956875 0 0 0 0 0 0 0 0 0 0 0 0 0 0 0 0 0 0 0
0.9575 0 0 0 0 0 0 0 0 0 0 0 0 0 0 0 0 0 0 0
0.958125 0 0 0 0 0 0 0 0 0 0 0 0 0 0 0 0 0 0 0
0.95875 0 0 0 0 0 0 0 0 0 0 0 0 0 0 0 0 0 0 0
0.959375 0 0 0 0 0 0 0 0 0 0 0 0 0 0 0 0 0 0 0
0.96 0 0 0 0 0 0 0 0 0 0 0 0 0 0 0 0 0 0 0
0.960625 0 0 0 0 0 0 0 0 0 0 0 0 0 0 0 0 0 0 0
0.96125 0 0 0 0 0 0 0 0 0 0 0 0 0 0 0 0 0 0 0
0.961875 0 0 0 0 0 0 0 0 0 0 0 0 0 0 0 0 0 0 0
0.9625 0 0 0 0 0 0 0 0 0 0 0 0 0 0 0 0 0 0 0
0.963125 0 0 0 0 0 0 0 0 0 0 0 0 0 0 0 0 0 0 0
0.96375 0 0 0 0 0 0 0 0 0 0 0 0 0 0 0 0 0 0 0
0.964375 0 0 0 0 0 0 0 0 0 0 0 0 0 0 0 0 0 0 0
0.965 0 0 0 0 0 0 0 0 0 0 0 0 0 0 0 0 0 0 0
0.965625 0 0 0 0 0 0 0 0 0 0 0 0 0 0 0 0 0 0 0
0.96625 0 0 0 0 0 0 0 0 0 0 0 0 0 0 0 0 0 0 0
0.966875 0 0 0 0 0 0 0 0 0 0 0 0 0 0 0 0 0 0 0
0.9675 0 0 0 0 0 0 0 0 0 0 0 0 0 0 0 0 0 0 0
0.968125 0 0 0 0 0 0 0 0 0 0 0 0 0 0 0 0 0 0 0
0.96875 0 0 0 0 0 0 0 0 0 0 0 0 0 0 0 0 0 0 0
0.969375 0 0 0 0 0 0 0 0 0 0 0 0 0 0 0 0 0 0 0
0.97 0 0 0 0 0 0 0 0 0 0 0 0 0 0 0 0 0 0 0
0.970625 0 0 0 0 0 0 0 0 0 0 0 0 0 0 0 0 0 0 0
0.97125 0 0 0 0 0 0 0 0 0 0 0 0 0 0 0 0 0 0 0
0.971875 0 0 0 0 0 0 0 0 0 0 0 0 0 0 0 0 0 0 0
0.9725 0 0 0 0 0 0 0 0 0 0 0 0 0 0 0 0 0 0 0
0.973125 0 0 0 0 0 0 0 0 0 0 0 0 0 0 0 0 0 0 0
0.97375 0 0 0 0 0 0 0 0 0 0 0 0 0 0 0 0 0 0 0
0.974375 0 0 0 0 0 0 0 0 0 0 0 0 0 0 0 0 0 0 0
0.975 0 0 0 0 0 0 0 0 0 0 0 0 0 0 0 0 0 0 0
0.975625 0 0 0 0 0 0 0 0 0 0 0 0 0 0 0 0 0 0 0
0.97625 0 0 0 0 0 0 0 0 0 0 0 0 0 0 0 0 0 0 0
0.976875 0 0 0 0 0 0 0 0 0 0 0 0 0 0 0 0 0 0 0
0.9775 0 0 0 0 0 0 0 0 0 0 0 0 0 0 0 0 0 0 0
0.978125 0 0 0 0 0 0 0 0 0 0 0 0 0 0 0 0 0 0 0
0.97875 0 0 0 0 0 0 0 0 0 0 0 0 0 0 0 0 0 0 0
0.979375 0 0 0 0 0 0 0 0 0 0 0 0 0 0 0 0 0 0 0
0.98 0 0 0 0 0 0 0 0 0 0 0 0 0 0 0 0 0 0 0
0.980625 0 0 0 0 0 0 0 0 0 0 0 0 0 0 0 0 0 0 0
0.98125 0 0 0 0 0 0 0 0 0 0 0 0 0 0 0 0 0 0 0
0.981875 0 0 0 0 0 0 0 0 0 0 0 0 0 0 0 0 0 0 0
0.9825 0 0 0 0 0 0 0 0 0 0 0 0 0 0 0 0 0 0 0
0.983125 0 0 0 0 0 0 0 0 0 0 0 0 0 0 0 0 0 0 0
0.98375 0 0 0 0 0 0 0 0 0 0 0 0 0 0 0 0 0 0 0
0.984375 0 0 0 0 0 0 0 0 0 0 0 0 0 0 0 0 0 0 0
0.985 0 0 0 0 0 0 0 0 0 0 0 0 0 0 0 0 0 0 0
0.985625 0 0 0 0 0 0 0 0 0 0 0 0 0 0 0 0 0 0 0
0.98625 0 0 0 0 0 0 0 0 0 0 0 0 0 0 0 0 0 0 0
0.986875 0 0 0 0 0 0 0 0 0 0 0 0 0 0 0 0 0 0 0
0.9875 0 0 0 0 0 0 0 0 0 0 0 0 0 0 0 0 0 0 0
0.988125 0 0 0 0 0 0 0 0 0 0 0 0 0 0 0 0 0 0 0
0.98875 0 0 0 0 0 0 0 0 0 0 0 0 0 0 0 0 0 0 0
0.989375 0 0 0 0 0 0 0 0 0 0 0 0 0 0 0 0 0 0 0
0.99 0 0 0 0 0 0 0 0 0 0 0 0 0 0 0 0 0 0 0
0.990625 0 0 0 0 0 0 0 0 0 0 0 0 0 0 0 0 0 0 0
0.99125 0 0 0 0 0 0 0 0 0 0 0 0 0 0 0 0 0 0 0
0.991875 0 0 0 0 0 0 0 0 0 0 0 0 0 0 0 0 0 0 0
0.9925 0 0 0 0 0 0 0 0 0 0 0 0 0 0 0 0 0 0 0
0.993125 0 0 0 0 0 0 0 0 0 0 0 0 0 0 0 0 0 0 0
0.99375 0 0 0 0 0 0 0 0 0 0 0 0 0 0 0 0 0 0 0
0.994375 0 0 0 0 0 0 0 0 0 0 0 0 0 0 0 0 0 0 0
0.995 0 0 0 0 0 0 0 0 0 0 0 0 0 0 0 0 0 0 0
0.995625 0 0 0 0 0 0 0 0 0 0 0 0 0 0 0 0 0 0 0
0.99625 0 0 0 0 0 0 0 0 0 0 0 0 0 0 0 0 0 0 0
0.996875 0 0 0 0 0 0 0 0 0 0 0 0 0 0 0 0 0 0 0
0.9975 0 0 0 0 0 0 0 0 0 0 0 0 0 0 0 0 0 0 0
0.998125 0 0 0 0 0 0 0 0 0 0 0 0 0 0 0 0 0 0 0
0.99875 0 0 0 0 0 0 0 0 0 0 0 0 0 0 0 0 0 0 0
0.999375 0 0 0 0 0 0 0 0 0 0 0 0 0 0 0 0 0 0 0
1 0 0 0 0 0 0 0 0 0 0 0 0 0 0 0 0 0 0 0
