x f v h0 h1 h2 h3 h4
0 0 0 0 0 0 0 0
0.000625 0.00431968 0.00276777 0 0.00276777 0 0 0
0.00125 0.00863928 0.00553553 0 0.00553553 0 0 0
0.001875 0.0129587 0.0083033 0 0.0083033 0 0 0
0.0025 0.017278 0.0110711 0 0.0110711 0 0 0
0.003125 0.021597 0.0138388 0 0.0138388 0 0 0
0.00375 0.0259156 0.0166066 0 0.0166066 0 0 0
0.004375 0.0302338 0.0193744 0 0.0193744 0 0 0
0.005 0.0345514 0.0221421 0 0.0221421 0 0 0
0.005625 0.0388686 0.0249099 0 0.0249099 0 0 0
0.00625 0.043185 0.0276777 0 0.0276777 0 0 0
0.006875 0.0475008 0.0304454 0 0.0304454 0 0 0
0.0075 0.0518158 0.0332132 0 0.0332132 0 0 0
0.008125 0.0561299 0.035981 0 0.035981 0 0 0
0.00875 0.0604431 0.0387487 0 0.0387487 0 0 0
0.009375 0.0647553 0.0415165 0 0.0415165 0 0 0
0.01 0.0690665 0.0442843 0 0.0442843 0 0 0
0.010625 0.0733765 0.047052 0 0.047052 0 0 0
0.01125 0.0776853 0.0498198 0 0.0498198 0 0 0
0.011875 0.0819928 0.0525876 0 0.0525876 0 0 0
0.0125 0.086299 0.0553553 0 0.0553553 0 0 0
0.013125 0.0906037 0.0581231 0 0.0581231 0 0 0
0.01375 0.094907 0.0608909 0 0.0608909 0 0 0
0.014375 0.0992087 0.0636586 0 0.0636586 0 0 0
0.015 0.103509 0.0664264 0 0.0664264 0 0 0
0.015625 0.107807 0.0691942 0 0.0691942 0 0 0
0.01625 0.112104 0.0719619 0 0.0719619 0 0 0
0.016875 0.116398 0.0747297 0 0.0747297 0 0 0
0.0175 0.120691 0.0774975 0 0.0774975 0 0 0
0.018125 0.124982 0.0802652 0 0.0802652 0 0 0
0.01875 0.129271 0.083033 0 0.083033 0 0 0
0.019375 0.133558 0.0858008 0 0.0858008 0 0 0
0.02 0.137842 0.0885685 0 0.0885685 0 0 0
0.020625 0.142124 0.0913363 0 0.0913363 0 0 0
0.02125 0.146404 0.0941041 0 0.0941041 0 0 0
0.021875 0.150681 0.0968718 0 0.0968718 0 0 0
0.0225 0.154956 0.0996396 0 0.0996396 0 0 0
0.023125 0.159229 0.102407 0 0.102407 0 0 0
0.02375 0.163499 0.105175 0 0.105175 0 0 0
0.024375 0.167766 0.107943 0 0.107943 0 0 0
0.025 0.17203 0.110711 0 0.110711 0 0 0
0.025625 0.176292 0.113478 0 0.113478 0 0 0
0.02625 0.18055 0.116246 0 0.116246 0 0 0
0.026875 0.184806 0.119014 0 0.119014 0 0 0
0.0275 0.189059 0.121782 0 0.121782 0 0 0
0.028125 0.193308 0.12455 0 0.12455 0 0 0
0.02875 0.197554 0.127317 0 0.127317 0 0 0
0.029375 0.201798 0.130085 0 0.130085 0 0 0
0.03 0.206037 0.132853 0 0.132853 0 0 0
0.030625 0.210274 0.135621 0 0.135621 0 0 0
0.03125 0.214507 0.138388 0 0.138388 0 0 0
0.031875 0.218736 0.141156 0 0.141156 0 0 0
0.0325 0.222962 0.143924 0 0.143924 0 0 0
0.033125 0.227184 0.146692 0 0.146692 0 0 0
0.03375 0.231403 0.149459 0 0.149459 0 0 0
0.034375 0.235617 0.152227 0 0.152227 0 0 0
0.035 0.239828 0.154995 0 0.154995 0 0 0
0.035625 0.244035 0.157763 0 0.157763 0 0 0
0.03625 0.248238 0.16053 0 0.16053 0 0 0
0.036875 0.252437 0.163298 0 0.163298 0 0 0
0.0375 0.256631 0.166066 0 0.166066 0 0 0
0.038125 0.260822 0.168834 0 0.168834 0 0 0
0.03875 0.265008 0.171602 0 0.171602 0 0 0
0.039375 0.26919 0.174369 0 0.174369 0 0 0
0.04 0.273367 0.177137 0 0.177137 0 0 0
0.040625 0.27754 0.179905 0 0.179905 0 0 0
0.04125 0.281709 0.182673 0 0.182673 0 0 0
0.041875 0.285873 0.18544 0 0.18544 0 0 0
0.0425 0.290032 0.188208 0 0.188208 0 0 0
0.043125 0.294186 0.190976 0 0.190976 0 0 0
0.04375 0.298336 0.193744 0 0.193744 0 0 0
0.044375 0.302481 0.196511 0 0.196511 0 0 0
0.045 0.30662 0.199279 0 0.199279 0 0 0
0.045625 0.310755 0.202047 0 0.202047 0 0 0
0.04625 0.314885 0.204815 0 0.204815 0 0 0
0.046875 0.319009 0.207583 0 0.207583 0 0 0
0.0475 0.323129 0.21035 0 0.21035 0 0 0
0.048125 0.327243 0.213118 0 0.213118 0 0 0
0.04875 0.331351 0.215886 0 0.215886 0 0 0
0.049375 0.335455 0.218654 0 0.218654 0 0 0
0.05 0.339552 0.221421 0 0.221421 0 0 0
0.050625 0.343645 0.224189 0 0.224189 0 0 0
0.05125 0.347731 0.226957 0 0.226957 0 0 0
0.051875 0.351812 0.229725 0 0.229725 0 0 0
0.0525 0.355888 0.232492 0 0.232492 0 0 0
0.053125 0.359957 0.23526 0 0.23526 0 0 0
0.05375 0.364021 0.238028 0 0.238028 0 0 0
0.054375 0.368078 0.240796 0 0.240796 0 0 0
0.055 0.37213 0.243563 0 0.243563 0 0 0
0.055625 0.376176 0.246331 0 0.246331 0 0 0
0.05625 0.380215 0.249099 0 0.249099 0 0 0
0.056875 0.384249 0.251867 0 0.251867 0 0 0
0.0575 0.388276 0.254635 0 0.254635 0 0 0
0.058125 0.392296 0.257402 0 0.257402 0 0 0
0.05875 0.396311 0.26017 0 0.26017 0 0 0
0.059375 0.400319 0.262938 0 0.262938 0 0 0
0.06 0.40432 0.265706 0 0.265706 0 0 0
0.060625 0.408315 0.268473 0 0.268473 0 0 0
0.06125 0.412303 0.271241 0 0.271241 0 0 0
0.061875 0.416285 0.274009 0 0.274009 0 0 0
0.0625 0.42026 0.276777 0 0.276777 0 0 0
0.063125 0.424228 0.279544 0 0.279544 0 0 0
0.06375 0.428189 0.282312 0 0.282312 0 0 0
0.064375 0.432143 0.28508 0 0.28508 0 0 0
0.065 0.43609 0.287848 0 0.287848 0 0 0
0.065625 0.44003 0.290616 0 0.290616 0 0 0
0.06625 0.443963 0.293383 0 0.293383 0 0 0
0.066875 0.447889 0.296151 0 0.296151 0 0 0
0.0675 0.451807 0.298919 0 0.298919 0 0 0
0.068125 0.455719 0.301687 0 0.301687 0 0 0
0.06875 0.459622 0.304454 0 0.304454 0 0 0
0.069375 0.463519 0.307222 0 0.307222 0 0 0
0.07 0.467408 0.30999 0 0.30999 0 0 0
0.070625 0.471289 0.312758 0 0.312758 0 0 0
0.07125 0.475163 0.315525 0 0.315525 0 0 0
0.071875 0.479029 0.318293 0 0.318293 0 0 0
0.0725 0.482887 0.321061 0 0.321061 0 0 0
0.073125 0.486738 0.323829 0 0.323829 0 0 0
0.07375 0.49058 0.326597 0 0.326597 0 0 0
0.074375 0.494415 0.329364 0 0.329364 0 0 0
0.075 0.498242 0.332132 0 0.332132 0 0 0
0.075625 0.502061 0.3349 0 0.3349 0 0 0
0.07625 0.505872 0.337668 0 0.337668 0 0 0
0.076875 0.509674 0.340435 0 0.340435 0 0 0
0.0775 0.513469 0.343203 0 0.343203 0 0 0
0.078125 0.517255 0.345971 0 0.345971 0 0 0
0.07875 0.521032 0.348739 0 0.348739 0 0 0
0.079375 0.524802 0.351506 0 0.351506 0 0 0
0.08 0.528563 0.354274 0 0.354274 0 0 0
0.080625 0.532315 0.357042 0 0.357042 0 0 0
0.08125 0.536059 0.35981 0 0.35981 0 0 0
0.081875 0.539795 0.362577 0 0.362577 0 0 0
0.0825 0.543521 0.365345 0 0.365345 0 0 0
0.083125 0.547239 0.368113 0 0.368113 0 0 0
0.08375 0.550948 0.370881 0 0.370881 0 0 0
0.084375 0.554649 0.373649 0 0.373649 0 0 0
0.085 0.55834 0.376416 0 0.376416 0 0 0
0.085625 0.562023 0.379184 0 0.379184 0 0 0
0.08625 0.565696 0.381952 0 0.381952 0 0 0
0.086875 0.569361 0.38472 0 0.38472 0 0 0
0.0875 0.573016 0.387487 0 0.387487 0 0 0
0.088125 0.576663 0.390255 0 0.390255 0 0 0
0.08875 0.5803 0.393023 0 0.393023 0 0 0
0.089375 0.583927 0.395791 0 0.395791 0 0 0
0.09 0.587546 0.398558 0 0.398558 0 0 0
0.090625 0.591155 0.401326 0 0.401326 0 0 0
0.09125 0.594755 0.404094 0 0.404094 0 0 0
0.091875 0.598345 0.406862 0 0.406862 0 0 0
0.0925 0.601925 0.40963 0 0.40963 0 0 0
0.093125 0.605496 0.412397 0 0.412397 0 0 0
0.09375 0.609058 0.415165 0 0.415165 0 0 0
0.094375 0.61261 0.417933 0 0.417933 0 0 0
0.095 0.616152 0.420701 0 0.420701 0 0 0
0.095625 0.619684 0.423468 0 0.423468 0 0 0
0.09625 0.623206 0.426236 0 0.426236 0 0 0
0.096875 0.626719 0.429004 0 0.429004 0 0 0
0.0975 0.630221 0.431772 0 0.431772 0 0 0
0.098125 0.633714 0.434539 0 0.434539 0 0 0
0.09875 0.637196 0.437307 0 0.437307 0 0 0
0.099375 0.640669 0.440075 0 0.440075 0 0 0
0.1 0.644131 0.442843 0 0.442843 0 0 0
0.100625 0.647583 0.44561 0 0.44561 0 0 0
0.10125 0.651025 0.448378 0 0.448378 0 0 0
0.101875 0.654457 0.451146 0 0.451146 0 0 0
0.1025 0.657878 0.453914 0 0.453914 0 0 0
0.103125 0.661289 0.456682 0 0.456682 0 0 0
0.10375 0.664689 0.459449 0 0.459449 0 0 0
0.104375 0.668079 0.462217 0 0.462217 0 0 0
0.105 0.671458 0.464985 0 0.464985 0 0 0
0.105625 0.674827 0.467753 0 0.467753 0 0 0
0.10625 0.678185 0.47052 0 0.47052 0 0 0
0.106875 0.681533 0.473288 0 0.473288 0 0 0
0.1075 0.684869 0.476056 0 0.476056 0 0 0
0.108125 0.688195 0.478824 0 0.478824 0 0 0
0.10875 0.691511 0.481591 0 0.481591 0 0 0
0.109375 0.694815 0.484359 0 0.484359 0 0 0
0.11 0.698108 0.487127 0 0.487127 0 0 0
0.110625 0.701391 0.489895 0 0.489895 0 0 0
0.11125 0.704662 0.492663 0 0.492663 0 0 0
0.111875 0.707923 0.49543 0 0.49543 0 0 0
0.1125 0.711172 0.498198 0 0.498198 0 0 0
0.113125 0.71441 0.500966 0 0.500966 0 0 0
0.11375 0.717637 0.503734 0 0.503734 0 0 0
0.114375 0.720853 0.506501 0 0.506501 0 0 0
0.115 0.724058 0.509269 0 0.509269 0 0 0
0.115625 0.727251 0.512037 0 0.512037 0 0 0
0.11625 0.730433 0.514805 0 0.514805 0 0 0
0.116875 0.733603 0.517572 0 0.517572 0 0 0
0.1175 0.736763 0.52034 0 0.52034 0 0 0
0.118125 0.73991 0.523108 0 0.523108 0 0 0
0.11875 0.743046 0.525876 0 0.525876 0 0 0
0.119375 0.746171 0.528643 0 0.528643 0 0 0
0.12 0.749284 0.531411 0 0.531411 0 0 0
0.120625 0.752385 0.534179 0 0.534179 0 0 0
0.12125 0.755475 0.536947 0 0.536947 0 0 0
0.121875 0.758553 0.539715 0 0.539715 0 0 0
0.1225 0.761619 0.542482 0 0.542482 0 0 0
0.123125 0.764673 0.54525 0 0.54525 0 0 0
0.12375 0.767716 0.548018 0 0.548018 0 0 0
0.124375 0.770747 0.550786 0 0.550786 0 0 0
0.125 0.773765 0.553553 0 0.553553 0 0 0
0.125625 0.776772 0.556321 0 0.556321 0 0 0
0.12625 0.779767 0.559089 0 0.559089 0 0 0
0.126875 0.78275 0.561857 0 0.561857 0 0 0
0.1275 0.78572 0.564624 0 0.564624 0 0 0
0.128125 0.788679 0.567392 0 0.567392 0 0 0
0.12875 0.791626 0.57016 0 0.57016 0 0 0
0.129375 0.79456 0.572928 0 0.572928 0 0 0
0.13 0.797482 0.575696 0 0.575696 0 0 0
0.130625 0.800392 0.578463 0 0.578463 0 0 0
0.13125 0.803289 0.581231 0 0.581231 0 0 0
0.131875 0.806174 0.583999 0 0.583999 0 0 0
0.1325 0.809047 0.586767 0 0.586767 0 0 0
0.133125 0.811908 0.589534 0 0.589534 0 0 0
0.13375 0.814756 0.592302 0 0.592302 0 0 0
0.134375 0.817591 0.59507 0 0.59507 0 0 0
0.135 0.820415 0.597838 0 0.597838 0 0 0
0.135625 0.823225 0.600605 0 0.600605 0 0 0
0.13625 0.826023 0.603373 0 0.603373 0 0 0
0.136875 0.828808 0.606141 0 0.606141 0 0 0
0.1375 0.831581 0.608909 0 0.608909 0 0 0
0.138125 0.834341 0.611676 0 0.611676 0 0 0
0.13875 0.837089 0.614444 0 0.614444 0 0 0
0.139375 0.839823 0.617212 0 0.617212 0 0 0
0.14 0.842545 0.61998 0 0.61998 0 0 0
0.140625 0.845255 0.622748 0 0.622748 0 0 0
0.14125 0.847951 0.625515 0 0.625515 0 0 0
0.141875 0.850634 0.628283 0 0.628283 0 0 0
0.1425 0.853305 0.631051 0 0.631051 0 0 0
0.143125 0.855963 0.633819 0 0.633819 0 0 0
0.14375 0.858607 0.636586 0 0.636586 0 0 0
0.144375 0.861239 0.639354 0 0.639354 0 0 0
0.145 0.863858 0.642122 0 0.642122 0 0 0
0.145625 0.866464 0.64489 0 0.64489 0 0 0
0.14625 0.869056 0.647657 0 0.647657 0 0 0
0.146875 0.871636 0.650425 0 0.650425 0 0 0
0.1475 0.874202 0.653193 0 0.653193 0 0 0
0.148125 0.876756 0.655961 0 0.655961 0 0 0
0.14875 0.879296 0.658729 0 0.658729 0 0 0
0.149375 0.881823 0.661496 0 0.661496 0 0 0
0.15 0.884337 0.664264 0 0.664264 0 0 0
0.150625 0.886837 0.667032 0 0.667032 0 0 0
0.15125 0.889325 0.6698 0 0.6698 0 0 0
0.151875 0.891799 0.672567 0 0.672567 0 0 0
0.1525 0.894259 0.675335 0 0.675335 0 0 0
0.153125 0.896707 0.678103 0 0.678103 0 0 0
0.15375 0.899141 0.680871 0 0.680871 0 0 0
0.154375 0.901561 0.683638 0 0.683638 0 0 0
0.155 0.903968 0.686406 0 0.686406 0 0 0
0.155625 0.906362 0.689174 0 0.689174 0 0 0
0.15625 0.908742 0.691942 0 0.691942 0 0 0
0.156875 0.911109 0.69471 0 0.69471 0 0 0
0.1575 0.913462 0.697477 0 0.697477 0 0 0
0.158125 0.915802 0.700245 0 0.700245 0 0 0
0.15875 0.918128 0.703013 0 0.703013 0 0 0
0.159375 0.920441 0.705781 0 0.705781 0 0 0
0.16 0.922739 0.708548 0 0.708548 0 0 0
0.160625 0.925025 0.711316 0 0.711316 0 0 0
0.16125 0.927296 0.714084 0 0.714084 0 0 0
0.161875 0.929555 0.716852 0 0.716852 0 0 0
0.1625 0.931799 0.719619 0 0.719619 0 0 0
0.163125 0.93403 0.722387 0 0.722387 0 0 0
0.16375 0.936246 0.725155 0 0.725155 0 0 0
0.164375 0.93845 0.727923 0 0.727923 0 0 0
0.165 0.940639 0.73069 0 0.73069 0 0 0
0.165625 0.942815 0.733458 0 0.733458 0 0 0
0.16625 0.944977 0.736226 0 0.736226 0 0 0
0.166875 0.947125 0.738994 0 0.738994 0 0 0
0.1675 0.949259 0.741762 0 0.741762 0 0 0
0.168125 0.951379 0.744529 0 0.744529 0 0 0
0.16875 0.953486 0.747297 0 0.747297 0 0 0
0.169375 0.955578 0.750065 0 0.750065 0 0 0
0.17 0.957657 0.752833 0 0.752833 0 0 0
0.170625 0.959722 0.7556 0 0.7556 0 0 0
0.17125 0.961773 0.758368 0 0.758368 0 0 0
0.171875 0.96381 0.761136 0 0.761136 0 0 0
0.1725 0.965833 0.763904 0 0.763904 0 0 0
0.173125 0.967842 0.766671 0 0.766671 0 0 0
0.17375 0.969837 0.769439 0 0.769439 0 0 0
0.174375 0.971818 0.772207 0 0.772207 0 0 0
0.175 0.973785 0.774975 0 0.774975 0 0 0
0.175625 0.975738 0.777743 0 0.777743 0 0 0
0.17625 0.977677 0.78051 0 0.78051 0 0 0
0.176875 0.979602 0.783278 0 0.783278 0 0 0
0.1775 0.981513 0.786046 0 0.786046 0 0 0
0.178125 0.983409 0.788814 0 0.788814 0 0 0
0.17875 0.985292 0.791581 0 0.791581 0 0 0
0.179375 0.987161 0.794349 0 0.794349 0 0 0
0.18 0.989015 0.797117 0 0.797117 0 0 0
0.180625 0.990856 0.799885 0 0.799885 0 0 0
0.18125 0.992682 0.802652 0 0.802652 0 0 0
0.181875 0.994494 0.80542 0 0.80542 0 0 0
0.1825 0.996292 0.808188 0 0.808188 0 0 0
0.183125 0.998076 0.810956 0 0.810956 0 0 0
0.18375 0.999845 0.813723 0 0.813723 0 0 0
0.184375 1.0016 0.816491 0 0.816491 0 0 0
0.185 1.00334 0.819259 0 0.819259 0 0 0
0.185625 1.00507 0.822027 0 0.822027 0 0 0
0.18625 1.00678 0.824795 0 0.824795 0 0 0
0.186875 1.00848 0.827562 0 0.827562 0 0 0
0.1875 1.01017 0.83033 0 0.83033 0 0 0
0.188125 1.01184 0.833098 0 0.833098 0 0 0
0.18875 1.01349 0.835866 0 0.835866 0 0 0
0.189375 1.01513 0.838633 0 0.838633 0 0 0
0.19 1.01676 0.841401 0 0.841401 0 0 0
0.190625 1.01837 0.844169 0 0.844169 0 0 0
0.19125 1.01997 0.846937 0 0.846937 0 0 0
0.191875 1.02156 0.849704 0 0.849704 0 0 0
0.1925 1.02313 0.852472 0 0.852472 0 0 0
0.193125 1.02468 0.85524 0 0.85524 0 0 0
0.19375 1.02623 0.858008 0 0.858008 0 0 0
0.194375 1.02775 0.860776 0 0.860776 0 0 0
0.195 1.02927 0.863543 0 0.863543 0 0 0
0.195625 1.03077 0.866311 0 0.866311 0 0 0
0.19625 1.03225 0.869079 0 0.869079 0 0 0
0.196875 1.03372 0.871847 0 0.871847 0 0 0
0.1975 1.03518 0.874614 0 0.874614 0 0 0
0.198125 1.03662 0.877382 0 0.877382 0 0 0
0.19875 1.03805 0.88015 0 0.88015 0 0 0
0.199375 1.03946 0.882918 0 0.882918 0 0 0
0.2 1.04086 0.885685 0 0.885685 0 0 0
0.200625 1.04225 0.888453 0 0.888453 0 0 0
0.20125 1.04362 0.891221 0 0.891221 0 0 0
0.201875 1.04497 0.893989 0 0.893989 0 0 0
0.2025 1.04632 0.896756 0 0.896756 0 0 0
0.203125 1.04764 0.899524 0 0.899524 0 0 0
0.20375 1.04896 0.902292 0 0.902292 0 0 0
0.204375 1.05026 0.90506 0 0.90506 0 0 0
0.205 1.05154 0.907828 0 0.907828 0 0 0
0.205625 1.05281 0.910595 0 0.910595 0 0 0
0.20625 1.05407 0.913363 0 0.913363 0 0 0
0.206875 1.05531 0.916131 0 0.916131 0 0 0
0.2075 1.05654 0.918899 0 0.918899 0 0 0
0.208125 1.05775 0.921666 0 0.921666 0 0 0
0.20875 1.05895 0.924434 0 0.924434 0 0 0
0.209375 1.06014 0.927202 0 0.927202 0 0 0
0.21 1.06131 0.92997 0 0.92997 0 0 0
0.210625 1.06247 0.932737 0 0.932737 0 0 0
0.21125 1.06361 0.935505 0 0.935505 0 0 0
0.211875 1.06474 0.938273 0 0.938273 0 0 0
0.2125 1.06585 0.941041 0 0.941041 0 0 0
0.213125 1.06695 0.943809 0 0.943809 0 0 0
0.21375 1.06804 0.946576 0 0.946576 0 0 0
0.214375 1.06911 0.949344 0 0.949344 0 0 0
0.215 1.07017 0.952112 0 0.952112 0 0 0
0.215625 1.07121 0.95488 0 0.95488 0 0 0
0.21625 1.07224 0.957647 0 0.957647 0 0 0
0.216875 1.07325 0.960415 0 0.960415 0 0 0
0.2175 1.07425 0.963183 0 0.963183 0 0 0
0.218125 1.07524 0.965951 0 0.965951 0 0 0
0.21875 1.07621 0.968718 0 0.968718 0 0 0
0.219375 1.07717 0.971486 0 0.971486 0 0 0
0.22 1.07812 0.974254 0 0.974254 0 0 0
0.220625 1.07905 0.977022 0 0.977022 0 0 0
0.22125 1.07996 0.97979 0 0.97979 0 0 0
0.221875 1.08086 0.982557 0 0.982557 0 0 0
0.2225 1.08175 0.985325 0 0.985325 0 0 0
0.223125 1.08262 0.988093 0 0.988093 0 0 0
0.22375 1.08348 0.990861 0 0.990861 0 0 0
0.224375 1.08433 0.993628 0 0.993628 0 0 0
0.225 1.08516 0.996396 0 0.996396 0 0 0
0.225625 1.08598 0.999164 0 0.999164 0 0 0
0.22625 1.08678 1.00193 0 1.00193 0 0 0
0.226875 1.08757 1.0047 0 1.0047 0 0 0
0.2275 1.08835 1.00747 0 1.00747 0 0 0
0.228125 1.08911 1.01023 0 1.01023 0 0 0
0.22875 1.08986 1.013 0 1.013 0 0 0
0.229375 1.09059 1.01577 0 1.01577 0 0 0
0.23 1.09131 1.01854 0 1.01854 0 0 0
0.230625 1.09202 1.02131 0 1.02131 0 0 0
0.23125 1.09271 1.02407 0 1.02407 0 0 0
0.231875 1.09339 1.02684 0 1.02684 0 0 0
0.2325 1.09405 1.02961 0 1.02961 0 0 0
0.233125 1.0947 1.03238 0 1.03238 0 0 0
0.23375 1.09534 1.03514 0 1.03514 0 0 0
0.234375 1.09596 1.03791 0 1.03791 0 0 0
0.235 1.09657 1.04068 0 1.04068 0 0 0
0.235625 1.09717 1.04345 0 1.04345 0 0 0
0.23625 1.09775 1.04622 0 1.04622 0 0 0
0.236875 1.09832 1.04898 0 1.04898 0 0 0
0.2375 1.09887 1.05175 0 1.05175 0 0 0
0.238125 1.09941 1.05452 0 1.05452 0 0 0
0.23875 1.09994 1.05729 0 1.05729 0 0 0
0.239375 1.10045 1.06005 0 1.06005 0 0 0
0.24 1.10095 1.06282 0 1.06282 0 0 0
0.240625 1.10144 1.06559 0 1.06559 0 0 0
0.24125 1.10191 1.06836 0 1.06836 0 0 0
0.241875 1.10237 1.07113 0 1.07113 0 0 0
0.2425 1.10281 1.07389 0 1.07389 0 0 0
0.243125 1.10324 1.07666 0 1.07666 0 0 0
0.24375 1.10366 1.07943 0 1.07943 0 0 0
0.244375 1.10407 1.0822 0 1.0822 0 0 0
0.245 1.10446 1.08496 0 1.08496 0 0 0
0.245625 1.10484 1.08773 0 1.08773 0 0 0
0.24625 1.1052 1.0905 0 1.0905 0 0 0
0.246875 1.10555 1.09327 0 1.09327 0 0 0
0.2475 1.10589 1.09604 0 1.09604 0 0 0
0.248125 1.10621 1.0988 0 1.0988 0 0 0
0.24875 1.10652 1.10157 0 1.10157 0 0 0
0.249375 1.10682 1.10434 0 1.10434 0 0 0
0.25 1.10711 1.10711 0 1.10711 0 0 0
0.250625 1.10738 1.10584 0 1.10434 0.0015 0 0
0.25125 1.10764 1.10457 0 1.10157 0.003 0 0
0.251875 1.10788 1.1033 0 1.0988 0.0045 0 0
0.2525 1.10811 1.10204 0 1.09604 0.006 0 0
0.253125 1.10833 1.10077 0 1.09327 0.0075 0 0
0.25375 1.10854 1.0995 0 1.0905 0.009 0 0
0.254375 1.10873 1.09823 0 1.08773 0.0105 0 0
0.255 1.10891 1.09696 0 1.08496 0.012 0 0
0.255625 1.10907 1.0957 0 1.0822 0.0135 0 0
0.25625 1.10922 1.09443 0 1.07943 0.015 0 0
0.256875 1.10936 1.09316 0 1.07666 0.0165 0 0
0.2575 1.10949 1.09189 0 1.07389 0.018 0 0
0.258125 1.10961 1.09063 0 1.07113 0.0195 0 0
0.25875 1.10971 1.08936 0 1.06836 0.021 0 0
0.259375 1.1098 1.08809 0 1.06559 0.0225 0 0
0.26 1.10987 1.08682 0 1.06282 0.024 0 0
0.260625 1.10993 1.08555 0 1.06005 0.0255 0 0
0.26125 1.10998 1.08429 0 1.05729 0.027 0 0
0.261875 1.11002 1.08302 0 1.05452 0.0285 0 0
0.2625 1.11004 1.08175 0 1.05175 0.03 0 0
0.263125 1.11006 1.08048 0 1.04898 0.0315 0 0
0.26375 1.11005 1.07922 0 1.04622 0.033 0 0
0.264375 1.11004 1.07795 0 1.04345 0.0345 0 0
0.265 1.11001 1.07668 0 1.04068 0.036 0 0
0.265625 1.10997 1.07541 0 1.03791 0.0375 0 0
0.26625 1.10992 1.07414 0 1.03514 0.039 0 0
0.266875 1.10986 1.07288 0 1.03238 0.0405 0 0
0.2675 1.10978 1.07161 0 1.02961 0.042 0 0
0.268125 1.10969 1.07034 0 1.02684 0.0435 0 0
0.26875 1.10959 1.06907 0 1.02407 0.045 0 0
0.269375 1.10948 1.06781 0 1.02131 0.0465 0 0
0.27 1.10935 1.06654 0 1.01854 0.048 0 0
0.270625 1.10921 1.06527 0 1.01577 0.0495 0 0
0.27125 1.10906 1.064 0 1.013 0.051 0 0
0.271875 1.1089 1.06273 0 1.01023 0.0525 0 0
0.2725 1.10872 1.06147 0 1.00747 0.054 0 0
0.273125 1.10854 1.0602 0 1.0047 0.0555 0 0
0.27375 1.10834 1.05893 0 1.00193 0.057 0 0
0.274375 1.10812 1.05766 0 0.999164 0.0585 0 0
0.275 1.1079 1.0564 0 0.996396 0.06 0 0
0.275625 1.10766 1.05513 0 0.993628 0.0615 0 0
0.27625 1.10742 1.05386 0 0.990861 0.063 0 0
0.276875 1.10716 1.05259 0 0.988093 0.0645 0 0
0.2775 1.10688 1.05133 0 0.985325 0.066 0 0
0.278125 1.1066 1.05006 0 0.982557 0.0675 0 0
0.27875 1.1063 1.04879 0 0.97979 0.069 0 0
0.279375 1.106 1.04752 0 0.977022 0.0705 0 0
0.28 1.10568 1.04625 0 0.974254 0.072 0 0
0.280625 1.10534 1.04499 0 0.971486 0.0735 0 0
0.28125 1.105 1.04372 0 0.968718 0.075 0 0
0.281875 1.10465 1.04245 0 0.965951 0.0765 0 0
0.2825 1.10428 1.04118 0 0.963183 0.078 0 0
0.283125 1.1039 1.03992 0 0.960415 0.0795 0 0
0.28375 1.10351 1.03865 0 0.957647 0.081 0 0
0.284375 1.10311 1.03738 0 0.95488 0.0825 0 0
0.285 1.1027 1.03611 0 0.952112 0.084 0 0
0.285625 1.10227 1.03484 0 0.949344 0.0855 0 0
0.28625 1.10184 1.03358 0 0.946576 0.087 0 0
0.286875 1.10139 1.03231 0 0.943809 0.0885 0 0
0.2875 1.10093 1.03104 0 0.941041 0.09 0 0
0.288125 1.10046 1.02977 0 0.938273 0.0915 0 0
0.28875 1.09998 1.02851 0 0.935505 0.093 0 0
0.289375 1.09949 1.02724 0 0.932737 0.0945 0 0
0.29 1.09899 1.02597 0 0.92997 0.096 0 0
0.290625 1.09847 1.0247 0 0.927202 0.0975 0 0
0.29125 1.09795 1.02343 0 0.924434 0.099 0 0
0.291875 1.09741 1.02217 0 0.921666 0.1005 0 0
0.2925 1.09686 1.0209 0 0.918899 0.102 0 0
0.293125 1.0963 1.01963 0 0.916131 0.1035 0 0
0.29375 1.09573 1.01836 0 0.913363 0.105 0 0
0.294375 1.09515 1.0171 0 0.910595 0.1065 0 0
0.295 1.09456 1.01583 0 0.907828 0.108 0 0
0.295625 1.09396 1.01456 0 0.90506 0.1095 0 0
0.29625 1.09334 1.01329 0 0.902292 0.111 0 0
0.296875 1.09272 1.01202 0 0.899524 0.1125 0 0
0.2975 1.09209 1.01076 0 0.896756 0.114 0 0
0.298125 1.09144 1.00949 0 0.893989 0.1155 0 0
0.29875 1.09078 1.00822 0 0.891221 0.117 0 0
0.299375 1.09012 1.00695 0 0.888453 0.1185 0 0
0.3 1.08944 1.00569 0 0.885685 0.12 0 0
0.300625 1.08875 1.00442 0 0.882918 0.1215 0 0
0.30125 1.08805 1.00315 0 0.88015 0.123 0 0
0.301875 1.08734 1.00188 0 0.877382 0.1245 0 0
0.3025 1.08663 1.00061 0 0.874614 0.126 0 0
0.303125 1.0859 0.999347 0 0.871847 0.1275 0 0
0.30375 1.08516 0.998079 0 0.869079 0.129 0 0
0.304375 1.08441 0.996811 0 0.866311 0.1305 0 0
0.305 1.08365 0.995543 0 0.863543 0.132 0 0
0.305625 1.08288 0.994276 0 0.860776 0.1335 0 0
0.30625 1.0821 0.993008 0 0.858008 0.135 0 0
0.306875 1.08131 0.99174 0 0.85524 0.1365 0 0
0.3075 1.08051 0.990472 0 0.852472 0.138 0 0
0.308125 1.07969 0.989204 0 0.849704 0.1395 0 0
0.30875 1.07887 0.987937 0 0.846937 0.141 0 0
0.309375 1.07804 0.986669 0 0.844169 0.1425 0 0
0.31 1.0772 0.985401 0 0.841401 0.144 0 0
0.310625 1.07635 0.984133 0 0.838633 0.1455 0 0
0.31125 1.07549 0.982866 0 0.835866 0.147 0 0
0.311875 1.07462 0.981598 0 0.833098 0.1485 0 0
0.3125 1.07375 0.98033 0 0.83033 0.15 0 0
0.313125 1.07286 0.979062 0 0.827562 0.1515 0 0
0.31375 1.07196 0.977795 0 0.824795 0.153 0 0
0.314375 1.07105 0.976527 0 0.822027 0.1545 0 0
0.315 1.07013 0.975259 0 0.819259 0.156 0 0
0.315625 1.06921 0.973991 0 0.816491 0.1575 0 0
0.31625 1.06827 0.972723 0 0.813723 0.159 0 0
0.316875 1.06733 0.971456 0 0.810956 0.1605 0 0
0.3175 1.06637 0.970188 0 0.808188 0.162 0 0
0.318125 1.06541 0.96892 0 0.80542 0.1635 0 0
0.31875 1.06443 0.967652 0 0.802652 0.165 0 0
0.319375 1.06345 0.966385 0 0.799885 0.1665 0 0
0.32 1.06246 0.965117 0 0.797117 0.168 0 0
0.320625 1.06146 0.963849 0 0.794349 0.1695 0 0
0.32125 1.06045 0.962581 0 0.791581 0.171 0 0
0.321875 1.05943 0.961314 0 0.788814 0.1725 0 0
0.3225 1.0584 0.960046 0 0.786046 0.174 0 0
0.323125 1.05737 0.958778 0 0.783278 0.1755 0 0
0.32375 1.05632 0.95751 0 0.78051 0.177 0 0
0.324375 1.05527 0.956243 0 0.777743 0.1785 0 0
0.325 1.05421 0.954975 0 0.774975 0.18 0 0
0.325625 1.05314 0.953707 0 0.772207 0.1815 0 0
0.32625 1.05206 0.952439 0 0.769439 0.183 0 0
0.326875 1.05097 0.951171 0 0.766671 0.1845 0 0
0.3275 1.04987 0.949904 0 0.763904 0.186 0 0
0.328125 1.04876 0.948636 0 0.761136 0.1875 0 0
0.32875 1.04765 0.947368 0 0.758368 0.189 0 0
0.329375 1.04653 0.9461 0 0.7556 0.1905 0 0
0.33 1.0454 0.944833 0 0.752833 0.192 0 0
0.330625 1.04426 0.943565 0 0.750065 0.1935 0 0
0.33125 1.04311 0.942297 0 0.747297 0.195 0 0
0.331875 1.04196 0.941029 0 0.744529 0.1965 0 0
0.3325 1.04079 0.939762 0 0.741762 0.198 0 0
0.333125 1.03962 0.938494 0 0.738994 0.1995 0 0
0.33375 1.03844 0.937226 0 0.736226 0.201 0 0
0.334375 1.03726 0.935958 0 0.733458 0.2025 0 0
0.335 1.03606 0.93469 0 0.73069 0.204 0 0
0.335625 1.03486 0.933423 0 0.727923 0.2055 0 0
0.33625 1.03365 0.932155 0 0.725155 0.207 0 0
0.336875 1.03243 0.930887 0 0.722387 0.2085 0 0
0.3375 1.0312 0.929619 0 0.719619 0.21 0 0
0.338125 1.02997 0.928352 0 0.716852 0.2115 0 0
0.33875 1.02872 0.927084 0 0.714084 0.213 0 0
0.339375 1.02748 0.925816 0 0.711316 0.2145 0 0
0.34 1.02622 0.924548 0 0.708548 0.216 0 0
0.340625 1.02495 0.923281 0 0.705781 0.2175 0 0
0.34125 1.02368 0.922013 0 0.703013 0.219 0 0
0.341875 1.0224 0.920745 0 0.700245 0.2205 0 0
0.3425 1.02112 0.919477 0 0.697477 0.222 0 0
0.343125 1.01982 0.91821 0 0.69471 0.2235 0 0
0.34375 1.01852 0.916942 0 0.691942 0.225 0 0
0.344375 1.01721 0.915674 0 0.689174 0.2265 0 0
0.345 1.0159 0.914406 0 0.686406 0.228 0 0
0.345625 1.01458 0.913138 0 0.683638 0.2295 0 0
0.34625 1.01325 0.911871 0 0.680871 0.231 0 0
0.346875 1.01191 0.910603 0 0.678103 0.2325 0 0
0.3475 1.01057 0.909335 0 0.675335 0.234 0 0
0.348125 1.00922 0.908067 0 0.672567 0.2355 0 0
0.34875 1.00786 0.9068 0 0.6698 0.237 0 0
0.349375 1.0065 0.905532 0 0.667032 0.2385 0 0
0.35 1.00513 0.904264 0 0.664264 0.24 0 0
0.350625 1.00375 0.902996 0 0.661496 0.2415 0 0
0.35125 1.00236 0.901729 0 0.658729 0.243 0 0
0.351875 1.00097 0.900461 0 0.655961 0.2445 0 0
0.3525 0.999577 0.899193 0 0.653193 0.246 0 0
0.353125 0.998174 0.897925 0 0.650425 0.2475 0 0
0.35375 0.996765 0.896657 0 0.647657 0.249 0 0
0.354375 0.995349 0.89539 0 0.64489 0.2505 0 0
0.355 0.993927 0.894122 0 0.642122 0.252 0 0
0.355625 0.992498 0.892854 0 0.639354 0.2535 0 0
0.35625 0.991064 0.891586 0 0.636586 0.255 0 0
0.356875 0.989623 0.890319 0 0.633819 0.2565 0 0
0.3575 0.988176 0.889051 0 0.631051 0.258 0 0
0.358125 0.986723 0.887783 0 0.628283 0.2595 0 0
0.35875 0.985264 0.886515 0 0.625515 0.261 0 0
0.359375 0.9838 0.885248 0 0.622748 0.2625 0 0
0.36 0.982329 0.88398 0 0.61998 0.264 0 0
0.360625 0.980853 0.882712 0 0.617212 0.2655 0 0
0.36125 0.97937 0.881444 0 0.614444 0.267 0 0
0.361875 0.977882 0.880176 0 0.611676 0.2685 0 0
0.3625 0.976389 0.878909 0 0.608909 0.27 0 0
0.363125 0.97489 0.877641 0 0.606141 0.2715 0 0
0.36375 0.973385 0.876373 0 0.603373 0.273 0 0
0.364375 0.971875 0.875105 0 0.600605 0.2745 0 0
0.365 0.970359 0.873838 0 0.597838 0.276 0 0
0.365625 0.968838 0.87257 0 0.59507 0.2775 0 0
0.36625 0.967311 0.871302 0 0.592302 0.279 0 0
0.366875 0.96578 0.870034 0 0.589534 0.2805 0 0
0.3675 0.964243 0.868767 0 0.586767 0.282 0 0
0.368125 0.962701 0.867499 0 0.583999 0.2835 0 0
0.36875 0.961153 0.866231 0 0.581231 0.285 0 0
0.369375 0.959601 0.864963 0 0.578463 0.2865 0 0
0.37 0.958044 0.863696 0 0.575696 0.288 0 0
0.370625 0.956481 0.862428 0 0.572928 0.2895 0 0
0.37125 0.954914 0.86116 0 0.57016 0.291 0 0
0.371875 0.953342 0.859892 0 0.567392 0.2925 0 0
0.3725 0.951765 0.858624 0 0.564624 0.294 0 0
0.373125 0.950183 0.857357 0 0.561857 0.2955 0 0
0.37375 0.948597 0.856089 0 0.559089 0.297 0 0
0.374375 0.947005 0.854821 0 0.556321 0.2985 0 0
0.375 0.94541 0.853553 0 0.553553 0.3 0 0
0.375625 0.943809 0.852286 0 0.550786 0.3015 0 0
0.37625 0.942205 0.851018 0 0.548018 0.303 0 0
0.376875 0.940595 0.84975 0 0.54525 0.3045 0 0
0.3775 0.938982 0.848482 0 0.542482 0.306 0 0
0.378125 0.937364 0.847215 0 0.539715 0.3075 0 0
0.37875 0.935741 0.845947 0 0.536947 0.309 0 0
0.379375 0.934115 0.844679 0 0.534179 0.3105 0 0
0.38 0.932484 0.843411 0 0.531411 0.312 0 0
0.380625 0.930849 0.842143 0 0.528643 0.3135 0 0
0.38125 0.92921 0.840876 0 0.525876 0.315 0 0
0.381875 0.927567 0.839608 0 0.523108 0.3165 0 0
0.3825 0.92592 0.83834 0 0.52034 0.318 0 0
0.383125 0.92427 0.837072 0 0.517572 0.3195 0 0
0.38375 0.922615 0.835805 0 0.514805 0.321 0 0
0.384375 0.920956 0.834537 0 0.512037 0.3225 0 0
0.385 0.919294 0.833269 0 0.509269 0.324 0 0
0.385625 0.917628 0.832001 0 0.506501 0.3255 0 0
0.38625 0.915958 0.830734 0 0.503734 0.327 0 0
0.386875 0.914285 0.829466 0 0.500966 0.3285 0 0
0.3875 0.912608 0.828198 0 0.498198 0.33 0 0
0.388125 0.910928 0.82693 0 0.49543 0.3315 0 0
0.38875 0.909244 0.825663 0 0.492663 0.333 0 0
0.389375 0.907557 0.824395 0 0.489895 0.3345 0 0
0.39 0.905866 0.823127 0 0.487127 0.336 0 0
0.390625 0.904172 0.821859 0 0.484359 0.3375 0 0
0.39125 0.902475 0.820591 0 0.481591 0.339 0 0
0.391875 0.900774 0.819324 0 0.478824 0.3405 0 0
0.3925 0.899071 0.818056 0 0.476056 0.342 0 0
0.393125 0.897364 0.816788 0 0.473288 0.3435 0 0
0.39375 0.895655 0.81552 0 0.47052 0.345 0 0
0.394375 0.893942 0.814253 0 0.467753 0.3465 0 0
0.395 0.892227 0.812985 0 0.464985 0.348 0 0
0.395625 0.890508 0.811717 0 0.462217 0.3495 0 0
0.39625 0.888787 0.810449 0 0.459449 0.351 0 0
0.396875 0.887063 0.809182 0 0.456682 0.3525 0 0
0.3975 0.885336 0.807914 0 0.453914 0.354 0 0
0.398125 0.883606 0.806646 0 0.451146 0.3555 0 0
0.39875 0.881874 0.805378 0 0.448378 0.357 0 0
0.399375 0.88014 0.80411 0 0.44561 0.3585 0 0
0.4 0.878402 0.802843 0 0.442843 0.36 0 0
0.400625 0.876663 0.801575 0 0.440075 0.3615 0 0
0.40125 0.87492 0.800307 0 0.437307 0.363 0 0
0.401875 0.873176 0.799039 0 0.434539 0.3645 0 0
0.4025 0.871429 0.797772 0 0.431772 0.366 0 0
0.403125 0.86968 0.796504 0 0.429004 0.3675 0 0
0.40375 0.867928 0.795236 0 0.426236 0.369 0 0
0.404375 0.866175 0.793968 0 0.423468 0.3705 0 0
0.405 0.864419 0.792701 0 0.420701 0.372 0 0
0.405625 0.862661 0.791433 0 0.417933 0.3735 0 0
0.40625 0.860902 0.790165 0 0.415165 0.375 0 0
0.406875 0.85914 0.788897 0 0.412397 0.3765 0 0
0.4075 0.857376 0.78763 0 0.40963 0.378 0 0
0.408125 0.855611 0.786362 0 0.406862 0.3795 0 0
0.40875 0.853843 0.785094 0 0.404094 0.381 0 0
0.409375 0.852074 0.783826 0 0.401326 0.3825 0 0
0.41 0.850303 0.782558 0 0.398558 0.384 0 0
0.410625 0.848531 0.781291 0 0.395791 0.3855 0 0
0.41125 0.846757 0.780023 0 0.393023 0.387 0 0
0.411875 0.844981 0.778755 0 0.390255 0.3885 0 0
0.4125 0.843203 0.777487 0 0.387487 0.39 0 0
0.413125 0.841425 0.77622 0 0.38472 0.3915 0 0
0.41375 0.839644 0.774952 0 0.381952 0.393 0 0
0.414375 0.837863 0.773684 0 0.379184 0.3945 0 0
0.415 0.83608 0.772416 0 0.376416 0.396 0 0
0.415625 0.834296 0.771149 0 0.373649 0.3975 0 0
0.41625 0.83251 0.769881 0 0.370881 0.399 0 0
0.416875 0.830724 0.768613 0 0.368113 0.4005 0 0
0.4175 0.828936 0.767345 0 0.365345 0.402 0 0
0.418125 0.827147 0.766077 0 0.362577 0.4035 0 0
0.41875 0.825357 0.76481 0 0.35981 0.405 0 0
0.419375 0.823566 0.763542 0 0.357042 0.4065 0 0
0.42 0.821774 0.762274 0 0.354274 0.408 0 0
0.420625 0.819982 0.761006 0 0.351506 0.4095 0 0
0.42125 0.818188 0.759739 0 0.348739 0.411 0 0
0.421875 0.816393 0.758471 0 0.345971 0.4125 0 0
0.4225 0.814598 0.757203 0 0.343203 0.414 0 0
0.423125 0.812802 0.755935 0 0.340435 0.4155 0 0
0.42375 0.811006 0.754668 0 0.337668 0.417 0 0
0.424375 0.809209 0.7534 0 0.3349 0.4185 0 0
0.425 0.807411 0.752132 0 0.332132 0.42 0 0
0.425625 0.805613 0.750864 0 0.329364 0.4215 0 0
0.42625 0.803814 0.749597 0 0.326597 0.423 0 0
0.426875 0.802015 0.748329 0 0.323829 0.4245 0 0
0.4275 0.800215 0.747061 0 0.321061 0.426 0 0
0.428125 0.798415 0.745793 0 0.318293 0.4275 0 0
0.42875 0.796615 0.744525 0 0.315525 0.429 0 0
0.429375 0.794815 0.743258 0 0.312758 0.4305 0 0
0.43 0.793014 0.74199 0 0.30999 0.432 0 0
0.430625 0.791213 0.740722 0 0.307222 0.4335 0 0
0.43125 0.789412 0.739454 0 0.304454 0.435 0 0
0.431875 0.787612 0.738187 0 0.301687 0.4365 0 0
0.4325 0.785811 0.736919 0 0.298919 0.438 0 0
0.433125 0.78401 0.735651 0 0.296151 0.4395 0 0
0.43375 0.782209 0.734383 0 0.293383 0.441 0 0
0.434375 0.780408 0.733116 0 0.290616 0.4425 0 0
0.435 0.778607 0.731848 0 0.287848 0.444 0 0
0.435625 0.776807 0.73058 0 0.28508 0.4455 0 0
0.43625 0.775007 0.729312 0 0.282312 0.447 0 0
0.436875 0.773207 0.728044 0 0.279544 0.4485 0 0
0.4375 0.771408 0.726777 0 0.276777 0.45 0 0
0.438125 0.769609 0.725509 0 0.274009 0.4515 0 0
0.43875 0.76781 0.724241 0 0.271241 0.453 0 0
0.439375 0.766012 0.722973 0 0.268473 0.4545 0 0
0.44 0.764214 0.721706 0 0.265706 0.456 0 0
0.440625 0.762417 0.720438 0 0.262938 0.4575 0 0
0.44125 0.76062 0.71917 0 0.26017 0.459 0 0
0.441875 0.758825 0.717902 0 0.257402 0.4605 0 0
0.4425 0.757029 0.716635 0 0.254635 0.462 0 0
0.443125 0.755235 0.715367 0 0.251867 0.4635 0 0
0.44375 0.753441 0.714099 0 0.249099 0.465 0 0
0.444375 0.751648 0.712831 0 0.246331 0.4665 0 0
0.445 0.749856 0.711563 0 0.243563 0.468 0 0
0.445625 0.748065 0.710296 0 0.240796 0.4695 0 0
0.44625 0.746275 0.709028 0 0.238028 0.471 0 0
0.446875 0.744486 0.70776 0 0.23526 0.4725 0 0
0.4475 0.742698 0.706492 0 0.232492 0.474 0 0
0.448125 0.740911 0.705225 0 0.229725 0.4755 0 0
0.44875 0.739125 0.703957 0 0.226957 0.477 0 0
0.449375 0.73734 0.702689 0 0.224189 0.4785 0 0
0.45 0.735556 0.701421 0 0.221421 0.48 0 0
0.450625 0.733774 0.700154 0 0.218654 0.4815 0 0
0.45125 0.731993 0.698886 0 0.215886 0.483 0 0
0.451875 0.730213 0.697618 0 0.213118 0.4845 0 0
0.4525 0.728434 0.69635 0 0.21035 0.486 0 0
0.453125 0.726657 0.695083 0 0.207583 0.4875 0 0
0.45375 0.724882 0.693815 0 0.204815 0.489 0 0
0.454375 0.723107 0.692547 0 0.202047 0.4905 0 0
0.455 0.721335 0.691279 0 0.199279 0.492 0 0
0.455625 0.719564 0.690011 0 0.196511 0.4935 0 0
0.45625 0.717794 0.688744 0 0.193744 0.495 0 0
0.456875 0.716026 0.687476 0 0.190976 0.4965 0 0
0.4575 0.71426 0.686208 0 0.188208 0.498 0 0
0.458125 0.712495 0.68494 0 0.18544 0.4995 0 0
0.45875 0.710733 0.683673 0 0.182673 0.501 0 0
0.459375 0.708972 0.682405 0 0.179905 0.5025 0 0
0.46 0.707212 0.681137 0 0.177137 0.504 0 0
0.460625 0.705455 0.679869 0 0.174369 0.5055 0 0
0.46125 0.7037 0.678602 0 0.171602 0.507 0 0
0.461875 0.701946 0.677334 0 0.168834 0.5085 0 0
0.4625 0.700195 0.676066 0 0.166066 0.51 0 0
0.463125 0.698445 0.674798 0 0.163298 0.5115 0 0
0.46375 0.696698 0.67353 0 0.16053 0.513 0 0
0.464375 0.694952 0.672263 0 0.157763 0.5145 0 0
0.465 0.693209 0.670995 0 0.154995 0.516 0 0
0.465625 0.691468 0.669727 0 0.152227 0.5175 0 0
0.46625 0.689729 0.668459 0 0.149459 0.519 0 0
0.466875 0.687992 0.667192 0 0.146692 0.5205 0 0
0.4675 0.686258 0.665924 0 0.143924 0.522 0 0
0.468125 0.684526 0.664656 0 0.141156 0.5235 0 0
0.46875 0.682796 0.663388 0 0.138388 0.525 0 0
0.469375 0.681068 0.662121 0 0.135621 0.5265 0 0
0.47 0.679343 0.660853 0 0.132853 0.528 0 0
0.470625 0.677621 0.659585 0 0.130085 0.5295 0 0
0.47125 0.675901 0.658317 0 0.127317 0.531 0 0
0.471875 0.674183 0.65705 0 0.12455 0.5325 0 0
0.4725 0.672468 0.655782 0 0.121782 0.534 0 0
0.473125 0.670755 0.654514 0 0.119014 0.5355 0 0
0.47375 0.669046 0.653246 0 0.116246 0.537 0 0
0.474375 0.667338 0.651978 0 0.113478 0.5385 0 0
0.475 0.665634 0.650711 0 0.110711 0.54 0 0
0.475625 0.663932 0.649443 0 0.107943 0.5415 0 0
0.47625 0.662233 0.648175 0 0.105175 0.543 0 0
0.476875 0.660536 0.646907 0 0.102407 0.5445 0 0
0.4775 0.658843 0.64564 0 0.0996396 0.546 0 0
0.478125 0.657152 0.644372 0 0.0968718 0.5475 0 0
0.47875 0.655464 0.643104 0 0.0941041 0.549 0 0
0.479375 0.653779 0.641836 0 0.0913363 0.5505 0 0
0.48 0.652097 0.640569 0 0.0885685 0.552 0 0
0.480625 0.650418 0.639301 0 0.0858008 0.5535 0 0
0.48125 0.648742 0.638033 0 0.083033 0.555 0 0
0.481875 0.647069 0.636765 0 0.0802652 0.5565 0 0
0.4825 0.645399 0.635497 0 0.0774975 0.558 0 0
0.483125 0.643732 0.63423 0 0.0747297 0.5595 0 0
0.48375 0.642069 0.632962 0 0.0719619 0.561 0 0
0.484375 0.640408 0.631694 0 0.0691942 0.5625 0 0
0.485 0.63875 0.630426 0 0.0664264 0.564 0 0
0.485625 0.637096 0.629159 0 0.0636586 0.5655 0 0
0.48625 0.635445 0.627891 0 0.0608909 0.567 0 0
0.486875 0.633798 0.626623 0 0.0581231 0.5685 0 0
0.4875 0.632153 0.625355 0 0.0553553 0.57 0 0
0.488125 0.630512 0.624088 0 0.0525876 0.5715 0 0
0.48875 0.628874 0.62282 0 0.0498198 0.573 0 0
0.489375 0.62724 0.621552 0 0.047052 0.5745 0 0
0.49 0.625609 0.620284 0 0.0442843 0.576 0 0
0.490625 0.623982 0.619017 0 0.0415165 0.5775 0 0
0.49125 0.622358 0.617749 0 0.0387487 0.579 0 0
0.491875 0.620737 0.616481 0 0.035981 0.5805 0 0
0.4925 0.61912 0.615213 0 0.0332132 0.582 0 0
0.493125 0.617506 0.613945 0 0.0304454 0.5835 0 0
0.49375 0.615897 0.612678 0 0.0276777 0.585 0 0
0.494375 0.61429 0.61141 0 0.0249099 0.5865 0 0
0.495 0.612688 0.610142 0 0.0221421 0.588 0 0
0.495625 0.611089 0.608874 0 0.0193744 0.5895 0 0
0.49625 0.609493 0.607607 0 0.0166066 0.591 0 0
0.496875 0.607902 0.606339 0 0.0138388 0.5925 0 0
0.4975 0.606314 0.605071 0 0.0110711 0.594 0 0
0.498125 0.60473 0.603803 0 0.0083033 0.5955 0 0
0.49875 0.603149 0.602536 0 0.00553553 0.597 0 0
0.499375 0.601573 0.601268 0 0.00276777 0.5985 0 0
0.5 0.6 0.6 0 0 0.6 0 0
0.500625 0.598431 0.599268 0 0 0.5985 0.000767767 0
0.50125 0.596866 0.598536 0 0 0.597 0.00153553 0
0.501875 0.595305 0.597803 0 0 0.5955 0.0023033 0
0.5025 0.593748 0.597071 0 0 0.594 0.00307107 0
0.503125 0.592195 0.596339 0 0 0.5925 0.00383883 0
0.50375 0.590645 0.595607 0 0 0.591 0.0046066 0
0.504375 0.5891 0.594874 0 0 0.5895 0.00537437 0
0.505 0.587559 0.594142 0 0 0.588 0.00614214 0
0.505625 0.586022 0.59341 0 0 0.5865 0.0069099 0
0.50625 0.584489 0.592678 0 0 0.585 0.00767767 0
0.506875 0.58296 0.591945 0 0 0.5835 0.00844544 0
0.5075 0.581435 0.591213 0 0 0.582 0.0092132 0
0.508125 0.579914 0.590481 0 0 0.5805 0.00998097 0
0.50875 0.578397 0.589749 0 0 0.579 0.0107487 0
0.509375 0.576885 0.589017 0 0 0.5775 0.0115165 0
0.51 0.575377 0.588284 0 0 0.576 0.0122843 0
0.510625 0.573873 0.587552 0 0 0.5745 0.013052 0
0.51125 0.572373 0.58682 0 0 0.573 0.0138198 0
0.511875 0.570877 0.586088 0 0 0.5715 0.0145876 0
0.5125 0.569386 0.585355 0 0 0.57 0.0153553 0
0.513125 0.567899 0.584623 0 0 0.5685 0.0161231 0
0.51375 0.566416 0.583891 0 0 0.567 0.0168909 0
0.514375 0.564938 0.583159 0 0 0.5655 0.0176586 0
0.515 0.563464 0.582426 0 0 0.564 0.0184264 0
0.515625 0.561994 0.581694 0 0 0.5625 0.0191942 0
0.51625 0.560529 0.580962 0 0 0.561 0.0199619 0
0.516875 0.559068 0.58023 0 0 0.5595 0.0207297 0
0.5175 0.557612 0.579497 0 0 0.558 0.0214975 0
0.518125 0.55616 0.578765 0 0 0.5565 0.0222652 0
0.51875 0.554712 0.578033 0 0 0.555 0.023033 0
0.519375 0.553269 0.577301 0 0 0.5535 0.0238008 0
0.52 0.551831 0.576569 0 0 0.552 0.0245685 0
0.520625 0.550397 0.575836 0 0 0.5505 0.0253363 0
0.52125 0.548967 0.575104 0 0 0.549 0.0261041 0
0.521875 0.547542 0.574372 0 0 0.5475 0.0268718 0
0.5225 0.546122 0.57364 0 0 0.546 0.0276396 0
0.523125 0.544706 0.572907 0 0 0.5445 0.0284074 0
0.52375 0.543295 0.572175 0 0 0.543 0.0291751 0
0.524375 0.541888 0.571443 0 0 0.5415 0.0299429 0
0.525 0.540486 0.570711 0 0 0.54 0.0307107 0
0.525625 0.539089 0.569978 0 0 0.5385 0.0314784 0
0.52625 0.537696 0.569246 0 0 0.537 0.0322462 0
0.526875 0.536308 0.568514 0 0 0.5355 0.033014 0
0.5275 0.534925 0.567782 0 0 0.534 0.0337817 0
0.528125 0.533546 0.56705 0 0 0.5325 0.0345495 0
0.52875 0.532172 0.566317 0 0 0.531 0.0353173 0
0.529375 0.530803 0.565585 0 0 0.5295 0.036085 0
0.53 0.529438 0.564853 0 0 0.528 0.0368528 0
0.530625 0.528079 0.564121 0 0 0.5265 0.0376206 0
0.53125 0.526724 0.563388 0 0 0.525 0.0383883 0
0.531875 0.525373 0.562656 0 0 0.5235 0.0391561 0
0.5325 0.524028 0.561924 0 0 0.522 0.0399239 0
0.533125 0.522687 0.561192 0 0 0.5205 0.0406916 0
0.53375 0.521352 0.560459 0 0 0.519 0.0414594 0
0.534375 0.520021 0.559727 0 0 0.5175 0.0422272 0
0.535 0.518694 0.558995 0 0 0.516 0.0429949 0
0.535625 0.517373 0.558263 0 0 0.5145 0.0437627 0
0.53625 0.516057 0.55753 0 0 0.513 0.0445305 0
0.536875 0.514745 0.556798 0 0 0.5115 0.0452983 0
0.5375 0.513438 0.556066 0 0 0.51 0.046066 0
0.538125 0.512137 0.555334 0 0 0.5085 0.0468338 0
0.53875 0.51084 0.554602 0 0 0.507 0.0476016 0
0.539375 0.509548 0.553869 0 0 0.5055 0.0483693 0
0.54 0.508261 0.553137 0 0 0.504 0.0491371 0
0.540625 0.506978 0.552405 0 0 0.5025 0.0499049 0
0.54125 0.505701 0.551673 0 0 0.501 0.0506726 0
0.541875 0.504429 0.55094 0 0 0.4995 0.0514404 0
0.5425 0.503161 0.550208 0 0 0.498 0.0522082 0
0.543125 0.501899 0.549476 0 0 0.4965 0.0529759 0
0.54375 0.500642 0.548744 0 0 0.495 0.0537437 0
0.544375 0.499389 0.548011 0 0 0.4935 0.0545115 0
0.545 0.498142 0.547279 0 0 0.492 0.0552792 0
0.545625 0.496899 0.546547 0 0 0.4905 0.056047 0
0.54625 0.495662 0.545815 0 0 0.489 0.0568148 0
0.546875 0.494429 0.545083 0 0 0.4875 0.0575825 0
0.5475 0.493202 0.54435 0 0 0.486 0.0583503 0
0.548125 0.49198 0.543618 0 0 0.4845 0.0591181 0
0.54875 0.490762 0.542886 0 0 0.483 0.0598858 0
0.549375 0.48955 0.542154 0 0 0.4815 0.0606536 0
0.55 0.488343 0.541421 0 0 0.48 0.0614214 0
0.550625 0.48714 0.540689 0 0 0.4785 0.0621891 0
0.55125 0.485943 0.539957 0 0 0.477 0.0629569 0
0.551875 0.484751 0.539225 0 0 0.4755 0.0637247 0
0.5525 0.483564 0.538492 0 0 0.474 0.0644924 0
0.553125 0.482382 0.53776 0 0 0.4725 0.0652602 0
0.55375 0.481205 0.537028 0 0 0.471 0.066028 0
0.554375 0.480033 0.536296 0 0 0.4695 0.0667957 0
0.555 0.478866 0.535563 0 0 0.468 0.0675635 0
0.555625 0.477704 0.534831 0 0 0.4665 0.0683313 0
0.55625 0.476548 0.534099 0 0 0.465 0.069099 0
0.556875 0.475396 0.533367 0 0 0.4635 0.0698668 0
0.5575 0.474249 0.532635 0 0 0.462 0.0706346 0
0.558125 0.473108 0.531902 0 0 0.4605 0.0714023 0
0.55875 0.471972 0.53117 0 0 0.459 0.0721701 0
0.559375 0.470841 0.530438 0 0 0.4575 0.0729379 0
0.56 0.469714 0.529706 0 0 0.456 0.0737056 0
0.560625 0.468593 0.528973 0 0 0.4545 0.0744734 0
0.56125 0.467477 0.528241 0 0 0.453 0.0752412 0
0.561875 0.466367 0.527509 0 0 0.4515 0.0760089 0
0.5625 0.465261 0.526777 0 0 0.45 0.0767767 0
0.563125 0.46416 0.526044 0 0 0.4485 0.0775445 0
0.56375 0.463065 0.525312 0 0 0.447 0.0783122 0
0.564375 0.461974 0.52458 0 0 0.4455 0.07908 0
0.565 0.460889 0.523848 0 0 0.444 0.0798478 0
0.565625 0.459809 0.523116 0 0 0.4425 0.0806155 0
0.56625 0.458734 0.522383 0 0 0.441 0.0813833 0
0.566875 0.457664 0.521651 0 0 0.4395 0.0821511 0
0.5675 0.456599 0.520919 0 0 0.438 0.0829188 0
0.568125 0.455539 0.520187 0 0 0.4365 0.0836866 0
0.56875 0.454485 0.519454 0 0 0.435 0.0844544 0
0.569375 0.453435 0.518722 0 0 0.4335 0.0852221 0
0.57 0.452391 0.51799 0 0 0.432 0.0859899 0
0.570625 0.451351 0.517258 0 0 0.4305 0.0867577 0
0.57125 0.450317 0.516525 0 0 0.429 0.0875254 0
0.571875 0.449288 0.515793 0 0 0.4275 0.0882932 0
0.5725 0.448264 0.515061 0 0 0.426 0.089061 0
0.573125 0.447245 0.514329 0 0 0.4245 0.0898287 0
0.57375 0.446231 0.513597 0 0 0.423 0.0905965 0
0.574375 0.445222 0.512864 0 0 0.4215 0.0913643 0
0.575 0.444219 0.512132 0 0 0.42 0.092132 0
0.575625 0.44322 0.5114 0 0 0.4185 0.0928998 0
0.57625 0.442226 0.510668 0 0 0.417 0.0936676 0
0.576875 0.441238 0.509935 0 0 0.4155 0.0944353 0
0.5775 0.440254 0.509203 0 0 0.414 0.0952031 0
0.578125 0.439276 0.508471 0 0 0.4125 0.0959709 0
0.57875 0.438303 0.507739 0 0 0.411 0.0967386 0
0.579375 0.437335 0.507006 0 0 0.4095 0.0975064 0
0.58 0.436371 0.506274 0 0 0.408 0.0982742 0
0.580625 0.435413 0.505542 0 0 0.4065 0.0990419 0
0.58125 0.43446 0.50481 0 0 0.405 0.0998097 0
0.581875 0.433512 0.504077 0 0 0.4035 0.100577 0
0.5825 0.432569 0.503345 0 0 0.402 0.101345 0
0.583125 0.431631 0.502613 0 0 0.4005 0.102113 0
0.58375 0.430698 0.501881 0 0 0.399 0.102881 0
0.584375 0.42977 0.501149 0 0 0.3975 0.103649 0
0.585 0.428847 0.500416 0 0 0.396 0.104416 0
0.585625 0.427929 0.499684 0 0 0.3945 0.105184 0
0.58625 0.427016 0.498952 0 0 0.393 0.105952 0
0.586875 0.426108 0.49822 0 0 0.3915 0.10672 0
0.5875 0.425205 0.497487 0 0 0.39 0.107487 0
0.588125 0.424306 0.496755 0 0 0.3885 0.108255 0
0.58875 0.423413 0.496023 0 0 0.387 0.109023 0
0.589375 0.422525 0.495291 0 0 0.3855 0.109791 0
0.59 0.421642 0.494558 0 0 0.384 0.110558 0
0.590625 0.420764 0.493826 0 0 0.3825 0.111326 0
0.59125 0.41989 0.493094 0 0 0.381 0.112094 0
0.591875 0.419022 0.492362 0 0 0.3795 0.112862 0
0.5925 0.418158 0.49163 0 0 0.378 0.11363 0
0.593125 0.417299 0.490897 0 0 0.3765 0.114397 0
0.59375 0.416446 0.490165 0 0 0.375 0.115165 0
0.594375 0.415597 0.489433 0 0 0.3735 0.115933 0
0.595 0.414753 0.488701 0 0 0.372 0.116701 0
0.595625 0.413913 0.487968 0 0 0.3705 0.117468 0
0.59625 0.413079 0.487236 0 0 0.369 0.118236 0
0.596875 0.412249 0.486504 0 0 0.3675 0.119004 0
0.5975 0.411425 0.485772 0 0 0.366 0.119772 0
0.598125 0.410605 0.485039 0 0 0.3645 0.120539 0
0.59875 0.40979 0.484307 0 0 0.363 0.121307 0
0.599375 0.40898 0.483575 0 0 0.3615 0.122075 0
0.6 0.408174 0.482843 0 0 0.36 0.122843 0
0.600625 0.407373 0.48211 0 0 0.3585 0.12361 0
0.60125 0.406577 0.481378 0 0 0.357 0.124378 0
0.601875 0.405786 0.480646 0 0 0.3555 0.125146 0
0.6025 0.405 0.479914 0 0 0.354 0.125914 0
0.603125 0.404218 0.479182 0 0 0.3525 0.126682 0
0.60375 0.403441 0.478449 0 0 0.351 0.127449 0
0.604375 0.402669 0.477717 0 0 0.3495 0.128217 0
0.605 0.401901 0.476985 0 0 0.348 0.128985 0
0.605625 0.401138 0.476253 0 0 0.3465 0.129753 0
0.60625 0.40038 0.47552 0 0 0.345 0.13052 0
0.606875 0.399626 0.474788 0 0 0.3435 0.131288 0
0.6075 0.398877 0.474056 0 0 0.342 0.132056 0
0.608125 0.398132 0.473324 0 0 0.3405 0.132824 0
0.60875 0.397393 0.472591 0 0 0.339 0.133591 0
0.609375 0.396657 0.471859 0 0 0.3375 0.134359 0
0.61 0.395927 0.471127 0 0 0.336 0.135127 0
0.610625 0.395201 0.470395 0 0 0.3345 0.135895 0
0.61125 0.394479 0.469663 0 0 0.333 0.136663 0
0.611875 0.393762 0.46893 0 0 0.3315 0.13743 0
0.6125 0.39305 0.468198 0 0 0.33 0.138198 0
0.613125 0.392342 0.467466 0 0 0.3285 0.138966 0
0.61375 0.391638 0.466734 0 0 0.327 0.139734 0
0.614375 0.390939 0.466001 0 0 0.3255 0.140501 0
0.615 0.390245 0.465269 0 0 0.324 0.141269 0
0.615625 0.389554 0.464537 0 0 0.3225 0.142037 0
0.61625 0.388869 0.463805 0 0 0.321 0.142805 0
0.616875 0.388187 0.463072 0 0 0.3195 0.143572 0
0.6175 0.38751 0.46234 0 0 0.318 0.14434 0
0.618125 0.386838 0.461608 0 0 0.3165 0.145108 0
0.61875 0.38617 0.460876 0 0 0.315 0.145876 0
0.619375 0.385506 0.460143 0 0 0.3135 0.146643 0
0.62 0.384846 0.459411 0 0 0.312 0.147411 0
0.620625 0.384191 0.458679 0 0 0.3105 0.148179 0
0.62125 0.38354 0.457947 0 0 0.309 0.148947 0
0.621875 0.382894 0.457215 0 0 0.3075 0.149715 0
0.6225 0.382251 0.456482 0 0 0.306 0.150482 0
0.623125 0.381613 0.45575 0 0 0.3045 0.15125 0
0.62375 0.380979 0.455018 0 0 0.303 0.152018 0
0.624375 0.38035 0.454286 0 0 0.3015 0.152786 0
0.625 0.379724 0.453553 0 0 0.3 0.153553 0
0.625625 0.379103 0.452821 0 0 0.2985 0.154321 0
0.62625 0.378486 0.452089 0 0 0.297 0.155089 0
0.626875 0.377873 0.451357 0 0 0.2955 0.155857 0
0.6275 0.377264 0.450624 0 0 0.294 0.156624 0
0.628125 0.376659 0.449892 0 0 0.2925 0.157392 0
0.62875 0.376058 0.44916 0 0 0.291 0.15816 0
0.629375 0.375461 0.448428 0 0 0.2895 0.158928 0
0.63 0.374869 0.447696 0 0 0.288 0.159696 0
0.630625 0.37428 0.446963 0 0 0.2865 0.160463 0
0.63125 0.373695 0.446231 0 0 0.285 0.161231 0
0.631875 0.373115 0.445499 0 0 0.2835 0.161999 0
0.6325 0.372538 0.444767 0 0 0.282 0.162767 0
0.633125 0.371965 0.444034 0 0 0.2805 0.163534 0
0.63375 0.371396 0.443302 0 0 0.279 0.164302 0
0.634375 0.370831 0.44257 0 0 0.2775 0.16507 0
0.635 0.37027 0.441838 0 0 0.276 0.165838 0
0.635625 0.369713 0.441105 0 0 0.2745 0.166605 0
0.63625 0.369159 0.440373 0 0 0.273 0.167373 0
0.636875 0.36861 0.439641 0 0 0.2715 0.168141 0
0.6375 0.368064 0.438909 0 0 0.27 0.168909 0
0.638125 0.367522 0.438176 0 0 0.2685 0.169676 0
0.63875 0.366984 0.437444 0 0 0.267 0.170444 0
0.639375 0.366449 0.436712 0 0 0.2655 0.171212 0
0.64 0.365918 0.43598 0 0 0.264 0.17198 0
0.640625 0.365391 0.435248 0 0 0.2625 0.172748 0
0.64125 0.364868 0.434515 0 0 0.261 0.173515 0
0.641875 0.364348 0.433783 0 0 0.2595 0.174283 0
0.6425 0.363832 0.433051 0 0 0.258 0.175051 0
0.643125 0.363319 0.432319 0 0 0.2565 0.175819 0
0.64375 0.36281 0.431586 0 0 0.255 0.176586 0
0.644375 0.362305 0.430854 0 0 0.2535 0.177354 0
0.645 0.361803 0.430122 0 0 0.252 0.178122 0
0.645625 0.361304 0.42939 0 0 0.2505 0.17889 0
0.64625 0.360809 0.428657 0 0 0.249 0.179657 0
0.646875 0.360318 0.427925 0 0 0.2475 0.180425 0
0.6475 0.35983 0.427193 0 0 0.246 0.181193 0
0.648125 0.359345 0.426461 0 0 0.2445 0.181961 0
0.64875 0.358864 0.425729 0 0 0.243 0.182729 0
0.649375 0.358386 0.424996 0 0 0.2415 0.183496 0
0.65 0.357912 0.424264 0 0 0.24 0.184264 0
0.650625 0.35744 0.423532 0 0 0.2385 0.185032 0
0.65125 0.356973 0.4228 0 0 0.237 0.1858 0
0.651875 0.356508 0.422067 0 0 0.2355 0.186567 0
0.6525 0.356047 0.421335 0 0 0.234 0.187335 0
0.653125 0.355589 0.420603 0 0 0.2325 0.188103 0
0.65375 0.355134 0.419871 0 0 0.231 0.188871 0
0.654375 0.354682 0.419138 0 0 0.2295 0.189638 0
0.655 0.354233 0.418406 0 0 0.228 0.190406 0
0.655625 0.353788 0.417674 0 0 0.2265 0.191174 0
0.65625 0.353346 0.416942 0 0 0.225 0.191942 0
0.656875 0.352907 0.41621 0 0 0.2235 0.19271 0
0.6575 0.35247 0.415477 0 0 0.222 0.193477 0
0.658125 0.352037 0.414745 0 0 0.2205 0.194245 0
0.65875 0.351607 0.414013 0 0 0.219 0.195013 0
0.659375 0.35118 0.413281 0 0 0.2175 0.195781 0
0.66 0.350756 0.412548 0 0 0.216 0.196548 0
0.660625 0.350335 0.411816 0 0 0.2145 0.197316 0
0.66125 0.349917 0.411084 0 0 0.213 0.198084 0
0.661875 0.349501 0.410352 0 0 0.2115 0.198852 0
0.6625 0.349089 0.409619 0 0 0.21 0.199619 0
0.663125 0.348679 0.408887 0 0 0.2085 0.200387 0
0.66375 0.348272 0.408155 0 0 0.207 0.201155 0
0.664375 0.347868 0.407423 0 0 0.2055 0.201923 0
0.665 0.347467 0.40669 0 0 0.204 0.20269 0
0.665625 0.347068 0.405958 0 0 0.2025 0.203458 0
0.66625 0.346673 0.405226 0 0 0.201 0.204226 0
0.666875 0.346279 0.404494 0 0 0.1995 0.204994 0
0.6675 0.345889 0.403762 0 0 0.198 0.205762 0
0.668125 0.345501 0.403029 0 0 0.1965 0.206529 0
0.66875 0.345116 0.402297 0 0 0.195 0.207297 0
0.669375 0.344733 0.401565 0 0 0.1935 0.208065 0
0.67 0.344353 0.400833 0 0 0.192 0.208833 0
0.670625 0.343976 0.4001 0 0 0.1905 0.2096 0
0.67125 0.3436 0.399368 0 0 0.189 0.210368 0
0.671875 0.343228 0.398636 0 0 0.1875 0.211136 0
0.6725 0.342858 0.397904 0 0 0.186 0.211904 0
0.673125 0.34249 0.397171 0 0 0.1845 0.212671 0
0.67375 0.342125 0.396439 0 0 0.183 0.213439 0
0.674375 0.341762 0.395707 0 0 0.1815 0.214207 0
0.675 0.341401 0.394975 0 0 0.18 0.214975 0
0.675625 0.341043 0.394243 0 0 0.1785 0.215743 0
0.67625 0.340687 0.39351 0 0 0.177 0.21651 0
0.676875 0.340333 0.392778 0 0 0.1755 0.217278 0
0.6775 0.339982 0.392046 0 0 0.174 0.218046 0
0.678125 0.339633 0.391314 0 0 0.1725 0.218814 0
0.67875 0.339286 0.390581 0 0 0.171 0.219581 0
0.679375 0.338941 0.389849 0 0 0.1695 0.220349 0
0.68 0.338598 0.389117 0 0 0.168 0.221117 0
0.680625 0.338258 0.388385 0 0 0.1665 0.221885 0
0.68125 0.337919 0.387652 0 0 0.165 0.222652 0
0.681875 0.337582 0.38692 0 0 0.1635 0.22342 0
0.6825 0.337248 0.386188 0 0 0.162 0.224188 0
0.683125 0.336916 0.385456 0 0 0.1605 0.224956 0
0.68375 0.336585 0.384723 0 0 0.159 0.225723 0
0.684375 0.336256 0.383991 0 0 0.1575 0.226491 0
0.685 0.33593 0.383259 0 0 0.156 0.227259 0
0.685625 0.335605 0.382527 0 0 0.1545 0.228027 0
0.68625 0.335282 0.381795 0 0 0.153 0.228795 0
0.686875 0.334961 0.381062 0 0 0.1515 0.229562 0
0.6875 0.334642 0.38033 0 0 0.15 0.23033 0
0.688125 0.334324 0.379598 0 0 0.1485 0.231098 0
0.68875 0.334009 0.378866 0 0 0.147 0.231866 0
0.689375 0.333695 0.378133 0 0 0.1455 0.232633 0
0.69 0.333383 0.377401 0 0 0.144 0.233401 0
0.690625 0.333072 0.376669 0 0 0.1425 0.234169 0
0.69125 0.332763 0.375937 0 0 0.141 0.234937 0
0.691875 0.332456 0.375204 0 0 0.1395 0.235704 0
0.6925 0.33215 0.374472 0 0 0.138 0.236472 0
0.693125 0.331846 0.37374 0 0 0.1365 0.23724 0
0.69375 0.331543 0.373008 0 0 0.135 0.238008 0
0.694375 0.331242 0.372276 0 0 0.1335 0.238776 0
0.695 0.330942 0.371543 0 0 0.132 0.239543 0
0.695625 0.330644 0.370811 0 0 0.1305 0.240311 0
0.69625 0.330347 0.370079 0 0 0.129 0.241079 0
0.696875 0.330052 0.369347 0 0 0.1275 0.241847 0
0.6975 0.329758 0.368614 0 0 0.126 0.242614 0
0.698125 0.329465 0.367882 0 0 0.1245 0.243382 0
0.69875 0.329173 0.36715 0 0 0.123 0.24415 0
0.699375 0.328883 0.366418 0 0 0.1215 0.244918 0
0.7 0.328594 0.365685 0 0 0.12 0.245685 0
0.700625 0.328307 0.364953 0 0 0.1185 0.246453 0
0.70125 0.32802 0.364221 0 0 0.117 0.247221 0
0.701875 0.327735 0.363489 0 0 0.1155 0.247989 0
0.7025 0.327451 0.362756 0 0 0.114 0.248756 0
0.703125 0.327168 0.362024 0 0 0.1125 0.249524 0
0.70375 0.326886 0.361292 0 0 0.111 0.250292 0
0.704375 0.326605 0.36056 0 0 0.1095 0.25106 0
0.705 0.326325 0.359828 0 0 0.108 0.251828 0
0.705625 0.326046 0.359095 0 0 0.1065 0.252595 0
0.70625 0.325769 0.358363 0 0 0.105 0.253363 0
0.706875 0.325492 0.357631 0 0 0.1035 0.254131 0
0.7075 0.325216 0.356899 0 0 0.102 0.254899 0
0.708125 0.324941 0.356166 0 0 0.1005 0.255666 0
0.70875 0.324666 0.355434 0 0 0.099 0.256434 0
0.709375 0.324393 0.354702 0 0 0.0975 0.257202 0
0.71 0.32412 0.35397 0 0 0.096 0.25797 0
0.710625 0.323849 0.353237 0 0 0.0945 0.258737 0
0.71125 0.323577 0.352505 0 0 0.093 0.259505 0
0.711875 0.323307 0.351773 0 0 0.0915 0.260273 0
0.7125 0.323038 0.351041 0 0 0.09 0.261041 0
0.713125 0.322769 0.350309 0 0 0.0885 0.261809 0
0.71375 0.3225 0.349576 0 0 0.087 0.262576 0
0.714375 0.322233 0.348844 0 0 0.0855 0.263344 0
0.715 0.321965 0.348112 0 0 0.084 0.264112 0
0.715625 0.321699 0.34738 0 0 0.0825 0.26488 0
0.71625 0.321433 0.346647 0 0 0.081 0.265647 0
0.716875 0.321167 0.345915 0 0 0.0795 0.266415 0
0.7175 0.320902 0.345183 0 0 0.078 0.267183 0
0.718125 0.320638 0.344451 0 0 0.0765 0.267951 0
0.71875 0.320374 0.343718 0 0 0.075 0.268718 0
0.719375 0.32011 0.342986 0 0 0.0735 0.269486 0
0.72 0.319846 0.342254 0 0 0.072 0.270254 0
0.720625 0.319583 0.341522 0 0 0.0705 0.271022 0
0.72125 0.319321 0.34079 0 0 0.069 0.27179 0
0.721875 0.319058 0.340057 0 0 0.0675 0.272557 0
0.7225 0.318796 0.339325 0 0 0.066 0.273325 0
0.723125 0.318534 0.338593 0 0 0.0645 0.274093 0
0.72375 0.318272 0.337861 0 0 0.063 0.274861 0
0.724375 0.318011 0.337128 0 0 0.0615 0.275628 0
0.725 0.317749 0.336396 0 0 0.06 0.276396 0
0.725625 0.317488 0.335664 0 0 0.0585 0.277164 0
0.72625 0.317227 0.334932 0 0 0.057 0.277932 0
0.726875 0.316965 0.334199 0 0 0.0555 0.278699 0
0.7275 0.316704 0.333467 0 0 0.054 0.279467 0
0.728125 0.316443 0.332735 0 0 0.0525 0.280235 0
0.72875 0.316182 0.332003 0 0 0.051 0.281003 0
0.729375 0.315921 0.33127 0 0 0.0495 0.28177 0
0.73 0.31566 0.330538 0 0 0.048 0.282538 0
0.730625 0.315398 0.329806 0 0 0.0465 0.283306 0
0.73125 0.315137 0.329074 0 0 0.045 0.284074 0
0.731875 0.314875 0.328342 0 0 0.0435 0.284842 0
0.7325 0.314613 0.327609 0 0 0.042 0.285609 0
0.733125 0.314352 0.326877 0 0 0.0405 0.286377 0
0.73375 0.314089 0.326145 0 0 0.039 0.287145 0
0.734375 0.313827 0.325413 0 0 0.0375 0.287913 0
0.735 0.313564 0.32468 0 0 0.036 0.28868 0
0.735625 0.313301 0.323948 0 0 0.0345 0.289448 0
0.73625 0.313038 0.323216 0 0 0.033 0.290216 0
0.736875 0.312774 0.322484 0 0 0.0315 0.290984 0
0.7375 0.31251 0.321751 0 0 0.03 0.291751 0
0.738125 0.312245 0.321019 0 0 0.0285 0.292519 0
0.73875 0.31198 0.320287 0 0 0.027 0.293287 0
0.739375 0.311715 0.319555 0 0 0.0255 0.294055 0
0.74 0.311449 0.318823 0 0 0.024 0.294823 0
0.740625 0.311183 0.31809 0 0 0.0225 0.29559 0
0.74125 0.310916 0.317358 0 0 0.021 0.296358 0
0.741875 0.310648 0.316626 0 0 0.0195 0.297126 0
0.7425 0.31038 0.315894 0 0 0.018 0.297894 0
0.743125 0.310111 0.315161 0 0 0.0165 0.298661 0
0.74375 0.309842 0.314429 0 0 0.015 0.299429 0
0.744375 0.309572 0.313697 0 0 0.0135 0.300197 0
0.745 0.309301 0.312965 0 0 0.012 0.300965 0
0.745625 0.309029 0.312232 0 0 0.0105 0.301732 0
0.74625 0.308757 0.3115 0 0 0.009 0.3025 0
0.746875 0.308484 0.310768 0 0 0.0075 0.303268 0
0.7475 0.30821 0.310036 0 0 0.006 0.304036 0
0.748125 0.307936 0.309303 0 0 0.0045 0.304803 0
0.74875 0.30766 0.308571 0 0 0.003 0.305571 0
0.749375 0.307384 0.307839 0 0 0.0015 0.306339 0
0.75 0.307107 0.307107 0 0 0 0.307107 0
0.750625 0.306829 0.306339 0 0 0 0.306339 1.83697e-19
0.75125 0.30655 0.305571 0 0 0 0.305571 3.67394e-19
0.751875 0.306269 0.304803 0 0 0 0.304803 5.51091e-19
0.7525 0.305988 0.304036 0 0 0 0.304036 7.34788e-19
0.753125 0.305706 0.303268 0 0 0 0.303268 9.18485e-19
0.75375 0.305423 0.3025 0 0 0 0.3025 1.10218e-18
0.754375 0.305139 0.301732 0 0 0 0.301732 1.28588e-18
0.755 0.304854 0.300965 0 0 0 0.300965 1.46958e-18
0.755625 0.304567 0.300197 0 0 0 0.300197 1.65327e-18
0.75625 0.30428 0.299429 0 0 0 0.299429 1.83697e-18
0.756875 0.303991 0.298661 0 0 0 0.298661 2.02067e-18
0.7575 0.303701 0.297894 0 0 0 0.297894 2.20436e-18
0.758125 0.30341 0.297126 0 0 0 0.297126 2.38806e-18
0.75875 0.303118 0.296358 0 0 0 0.296358 2.57176e-18
0.759375 0.302824 0.29559 0 0 0 0.29559 2.75546e-18
0.76 0.30253 0.294823 0 0 0 0.294823 2.93915e-18
0.760625 0.302234 0.294055 0 0 0 0.294055 3.12285e-18
0.76125 0.301936 0.293287 0 0 0 0.293287 3.30655e-18
0.761875 0.301637 0.292519 0 0 0 0.292519 3.49024e-18
0.7625 0.301337 0.291751 0 0 0 0.291751 3.67394e-18
0.763125 0.301035 0.290984 0 0 0 0.290984 3.85764e-18
0.76375 0.300732 0.290216 0 0 0 0.290216 4.04133e-18
0.764375 0.300428 0.289448 0 0 0 0.289448 4.22503e-18
0.765 0.300122 0.28868 0 0 0 0.28868 4.40873e-18
0.765625 0.299815 0.287913 0 0 0 0.287913 4.59243e-18
0.76625 0.299506 0.287145 0 0 0 0.287145 4.77612e-18
0.766875 0.299195 0.286377 0 0 0 0.286377 4.95982e-18
0.7675 0.298884 0.285609 0 0 0 0.285609 5.14352e-18
0.768125 0.29857 0.284842 0 0 0 0.284842 5.32721e-18
0.76875 0.298255 0.284074 0 0 0 0.284074 5.51091e-18
0.769375 0.297938 0.283306 0 0 0 0.283306 5.69461e-18
0.77 0.29762 0.282538 0 0 0 0.282538 5.8783e-18
0.770625 0.2973 0.28177 0 0 0 0.28177 6.062e-18
0.77125 0.296978 0.281003 0 0 0 0.281003 6.2457e-18
0.771875 0.296655 0.280235 0 0 0 0.280235 6.4294e-18
0.7725 0.296329 0.279467 0 0 0 0.279467 6.61309e-18
0.773125 0.296002 0.278699 0 0 0 0.278699 6.79679e-18
0.77375 0.295674 0.277932 0 0 0 0.277932 6.98049e-18
0.774375 0.295343 0.277164 0 0 0 0.277164 7.16418e-18
0.775 0.295011 0.276396 0 0 0 0.276396 7.34788e-18
0.775625 0.294677 0.275628 0 0 0 0.275628 7.53158e-18
0.77625 0.294341 0.274861 0 0 0 0.274861 7.71527e-18
0.776875 0.294003 0.274093 0 0 0 0.274093 7.89897e-18
0.7775 0.293664 0.273325 0 0 0 0.273325 8.08267e-18
0.778125 0.293322 0.272557 0 0 0 0.272557 8.26637e-18
0.77875 0.292979 0.27179 0 0 0 0.27179 8.45006e-18
0.779375 0.292633 0.271022 0 0 0 0.271022 8.63376e-18
0.78 0.292286 0.270254 0 0 0 0.270254 8.81746e-18
0.780625 0.291936 0.269486 0 0 0 0.269486 9.00115e-18
0.78125 0.291585 0.268718 0 0 0 0.268718 9.18485e-18
0.781875 0.291231 0.267951 0 0 0 0.267951 9.36855e-18
0.7825 0.290876 0.267183 0 0 0 0.267183 9.55225e-18
0.783125 0.290518 0.266415 0 0 0 0.266415 9.73594e-18
0.78375 0.290159 0.265647 0 0 0 0.265647 9.91964e-18
0.784375 0.289797 0.26488 0 0 0 0.26488 1.01033e-17
0.785 0.289433 0.264112 0 0 0 0.264112 1.0287e-17
0.785625 0.289067 0.263344 0 0 0 0.263344 1.04707e-17
0.78625 0.288699 0.262576 0 0 0 0.262576 1.06544e-17
0.786875 0.288328 0.261809 0 0 0 0.261809 1.08381e-17
0.7875 0.287956 0.261041 0 0 0 0.261041 1.10218e-17
0.788125 0.287581 0.260273 0 0 0 0.260273 1.12055e-17
0.78875 0.287204 0.259505 0 0 0 0.259505 1.13892e-17
0.789375 0.286825 0.258737 0 0 0 0.258737 1.15729e-17
0.79 0.286443 0.25797 0 0 0 0.25797 1.17566e-17
0.790625 0.28606 0.257202 0 0 0 0.257202 1.19403e-17
0.79125 0.285673 0.256434 0 0 0 0.256434 1.2124e-17
0.791875 0.285285 0.255666 0 0 0 0.255666 1.23077e-17
0.7925 0.284894 0.254899 0 0 0 0.254899 1.24914e-17
0.793125 0.284501 0.254131 0 0 0 0.254131 1.26751e-17
0.79375 0.284106 0.253363 0 0 0 0.253363 1.28588e-17
0.794375 0.283708 0.252595 0 0 0 0.252595 1.30425e-17
0.795 0.283308 0.251828 0 0 0 0.251828 1.32262e-17
0.795625 0.282905 0.25106 0 0 0 0.25106 1.34099e-17
0.79625 0.2825 0.250292 0 0 0 0.250292 1.35936e-17
0.796875 0.282092 0.249524 0 0 0 0.249524 1.37773e-17
0.7975 0.281682 0.248756 0 0 0 0.248756 1.3961e-17
0.798125 0.28127 0.247989 0 0 0 0.247989 1.41447e-17
0.79875 0.280855 0.247221 0 0 0 0.247221 1.43284e-17
0.799375 0.280437 0.246453 0 0 0 0.246453 1.45121e-17
0.8 0.280017 0.245685 0 0 0 0.245685 1.46958e-17
0.800625 0.279594 0.244918 0 0 0 0.244918 1.48795e-17
0.80125 0.279169 0.24415 0 0 0 0.24415 1.50632e-17
0.801875 0.278741 0.243382 0 0 0 0.243382 1.52469e-17
0.8025 0.278311 0.242614 0 0 0 0.242614 1.54305e-17
0.803125 0.277878 0.241847 0 0 0 0.241847 1.56142e-17
0.80375 0.277442 0.241079 0 0 0 0.241079 1.57979e-17
0.804375 0.277004 0.240311 0 0 0 0.240311 1.59816e-17
0.805 0.276563 0.239543 0 0 0 0.239543 1.61653e-17
0.805625 0.27612 0.238776 0 0 0 0.238776 1.6349e-17
0.80625 0.275674 0.238008 0 0 0 0.238008 1.65327e-17
0.806875 0.275225 0.23724 0 0 0 0.23724 1.67164e-17
0.8075 0.274773 0.236472 0 0 0 0.236472 1.69001e-17
0.808125 0.274319 0.235704 0 0 0 0.235704 1.70838e-17
0.80875 0.273862 0.234937 0 0 0 0.234937 1.72675e-17
0.809375 0.273402 0.234169 0 0 0 0.234169 1.74512e-17
0.81 0.272939 0.233401 0 0 0 0.233401 1.76349e-17
0.810625 0.272474 0.232633 0 0 0 0.232633 1.78186e-17
0.81125 0.272006 0.231866 0 0 0 0.231866 1.80023e-17
0.811875 0.271535 0.231098 0 0 0 0.231098 1.8186e-17
0.8125 0.271061 0.23033 0 0 0 0.23033 1.83697e-17
0.813125 0.270585 0.229562 0 0 0 0.229562 1.85534e-17
0.81375 0.270106 0.228795 0 0 0 0.228795 1.87371e-17
0.814375 0.269623 0.228027 0 0 0 0.228027 1.89208e-17
0.815 0.269138 0.227259 0 0 0 0.227259 1.91045e-17
0.815625 0.26865 0.226491 0 0 0 0.226491 1.92882e-17
0.81625 0.26816 0.225723 0 0 0 0.225723 1.94719e-17
0.816875 0.267666 0.224956 0 0 0 0.224956 1.96556e-17
0.8175 0.267169 0.224188 0 0 0 0.224188 1.98393e-17
0.818125 0.26667 0.22342 0 0 0 0.22342 2.0023e-17
0.81875 0.266167 0.222652 0 0 0 0.222652 2.02067e-17
0.819375 0.265662 0.221885 0 0 0 0.221885 2.03904e-17
0.82 0.265154 0.221117 0 0 0 0.221117 2.05741e-17
0.820625 0.264642 0.220349 0 0 0 0.220349 2.07578e-17
0.82125 0.264128 0.219581 0 0 0 0.219581 2.09415e-17
0.821875 0.263611 0.218814 0 0 0 0.218814 2.11252e-17
0.8225 0.263091 0.218046 0 0 0 0.218046 2.13089e-17
0.823125 0.262567 0.217278 0 0 0 0.217278 2.14926e-17
0.82375 0.262041 0.21651 0 0 0 0.21651 2.16762e-17
0.824375 0.261512 0.215743 0 0 0 0.215743 2.18599e-17
0.825 0.26098 0.214975 0 0 0 0.214975 2.20436e-17
0.825625 0.260444 0.214207 0 0 0 0.214207 2.22273e-17
0.82625 0.259906 0.213439 0 0 0 0.213439 2.2411e-17
0.826875 0.259365 0.212671 0 0 0 0.212671 2.25947e-17
0.8275 0.25882 0.211904 0 0 0 0.211904 2.27784e-17
0.828125 0.258273 0.211136 0 0 0 0.211136 2.29621e-17
0.82875 0.257722 0.210368 0 0 0 0.210368 2.31458e-17
0.829375 0.257169 0.2096 0 0 0 0.2096 2.33295e-17
0.83 0.256612 0.208833 0 0 0 0.208833 2.35132e-17
0.830625 0.256052 0.208065 0 0 0 0.208065 2.36969e-17
0.83125 0.255489 0.207297 0 0 0 0.207297 2.38806e-17
0.831875 0.254923 0.206529 0 0 0 0.206529 2.40643e-17
0.8325 0.254354 0.205762 0 0 0 0.205762 2.4248e-17
0.833125 0.253781 0.204994 0 0 0 0.204994 2.44317e-17
0.83375 0.253206 0.204226 0 0 0 0.204226 2.46154e-17
0.834375 0.252627 0.203458 0 0 0 0.203458 2.47991e-17
0.835 0.252045 0.20269 0 0 0 0.20269 2.49828e-17
0.835625 0.251461 0.201923 0 0 0 0.201923 2.51665e-17
0.83625 0.250872 0.201155 0 0 0 0.201155 2.53502e-17
0.836875 0.250281 0.200387 0 0 0 0.200387 2.55339e-17
0.8375 0.249687 0.199619 0 0 0 0.199619 2.57176e-17
0.838125 0.249089 0.198852 0 0 0 0.198852 2.59013e-17
0.83875 0.248488 0.198084 0 0 0 0.198084 2.6085e-17
0.839375 0.247884 0.197316 0 0 0 0.197316 2.62687e-17
0.84 0.247277 0.196548 0 0 0 0.196548 2.64524e-17
0.840625 0.246667 0.195781 0 0 0 0.195781 2.66361e-17
0.84125 0.246053 0.195013 0 0 0 0.195013 2.68198e-17
0.841875 0.245436 0.194245 0 0 0 0.194245 2.70035e-17
0.8425 0.244816 0.193477 0 0 0 0.193477 2.71872e-17
0.843125 0.244193 0.19271 0 0 0 0.19271 2.73709e-17
0.84375 0.243566 0.191942 0 0 0 0.191942 2.75546e-17
0.844375 0.242937 0.191174 0 0 0 0.191174 2.77383e-17
0.845 0.242304 0.190406 0 0 0 0.190406 2.79219e-17
0.845625 0.241668 0.189638 0 0 0 0.189638 2.81056e-17
0.84625 0.241028 0.188871 0 0 0 0.188871 2.82893e-17
0.846875 0.240385 0.188103 0 0 0 0.188103 2.8473e-17
0.8475 0.23974 0.187335 0 0 0 0.187335 2.86567e-17
0.848125 0.23909 0.186567 0 0 0 0.186567 2.88404e-17
0.84875 0.238438 0.1858 0 0 0 0.1858 2.90241e-17
0.849375 0.237782 0.185032 0 0 0 0.185032 2.92078e-17
0.85 0.237123 0.184264 0 0 0 0.184264 2.93915e-17
0.850625 0.236461 0.183496 0 0 0 0.183496 2.95752e-17
0.85125 0.235796 0.182729 0 0 0 0.182729 2.97589e-17
0.851875 0.235127 0.181961 0 0 0 0.181961 2.99426e-17
0.8525 0.234455 0.181193 0 0 0 0.181193 3.01263e-17
0.853125 0.233779 0.180425 0 0 0 0.180425 3.031e-17
0.85375 0.233101 0.179657 0 0 0 0.179657 3.04937e-17
0.854375 0.232419 0.17889 0 0 0 0.17889 3.06774e-17
0.855 0.231734 0.178122 0 0 0 0.178122 3.08611e-17
0.855625 0.231045 0.177354 0 0 0 0.177354 3.10448e-17
0.85625 0.230354 0.176586 0 0 0 0.176586 3.12285e-17
0.856875 0.229659 0.175819 0 0 0 0.175819 3.14122e-17
0.8575 0.228961 0.175051 0 0 0 0.175051 3.15959e-17
0.858125 0.228259 0.174283 0 0 0 0.174283 3.17796e-17
0.85875 0.227554 0.173515 0 0 0 0.173515 3.19633e-17
0.859375 0.226846 0.172748 0 0 0 0.172748 3.2147e-17
0.86 0.226135 0.17198 0 0 0 0.17198 3.23307e-17
0.860625 0.22542 0.171212 0 0 0 0.171212 3.25144e-17
0.86125 0.224702 0.170444 0 0 0 0.170444 3.26981e-17
0.861875 0.223981 0.169676 0 0 0 0.169676 3.28818e-17
0.8625 0.223256 0.168909 0 0 0 0.168909 3.30655e-17
0.863125 0.222529 0.168141 0 0 0 0.168141 3.32492e-17
0.86375 0.221798 0.167373 0 0 0 0.167373 3.34329e-17
0.864375 0.221063 0.166605 0 0 0 0.166605 3.36166e-17
0.865 0.220326 0.165838 0 0 0 0.165838 3.38003e-17
0.865625 0.219585 0.16507 0 0 0 0.16507 3.39839e-17
0.86625 0.218841 0.164302 0 0 0 0.164302 3.41676e-17
0.866875 0.218093 0.163534 0 0 0 0.163534 3.43513e-17
0.8675 0.217342 0.162767 0 0 0 0.162767 3.4535e-17
0.868125 0.216589 0.161999 0 0 0 0.161999 3.47187e-17
0.86875 0.215831 0.161231 0 0 0 0.161231 3.49024e-17
0.869375 0.215071 0.160463 0 0 0 0.160463 3.50861e-17
0.87 0.214307 0.159696 0 0 0 0.159696 3.52698e-17
0.870625 0.21354 0.158928 0 0 0 0.158928 3.54535e-17
0.87125 0.21277 0.15816 0 0 0 0.15816 3.56372e-17
0.871875 0.211996 0.157392 0 0 0 0.157392 3.58209e-17
0.8725 0.211219 0.156624 0 0 0 0.156624 3.60046e-17
0.873125 0.210439 0.155857 0 0 0 0.155857 3.61883e-17
0.87375 0.209656 0.155089 0 0 0 0.155089 3.6372e-17
0.874375 0.20887 0.154321 0 0 0 0.154321 3.65557e-17
0.875 0.20808 0.153553 0 0 0 0.153553 3.67394e-17
0.875625 0.207287 0.152786 0 0 0 0.152786 3.69231e-17
0.87625 0.206491 0.152018 0 0 0 0.152018 3.71068e-17
0.876875 0.205691 0.15125 0 0 0 0.15125 3.72905e-17
0.8775 0.204889 0.150482 0 0 0 0.150482 3.74742e-17
0.878125 0.204083 0.149715 0 0 0 0.149715 3.76579e-17
0.87875 0.203274 0.148947 0 0 0 0.148947 3.78416e-17
0.879375 0.202462 0.148179 0 0 0 0.148179 3.80253e-17
0.88 0.201646 0.147411 0 0 0 0.147411 3.8209e-17
0.880625 0.200828 0.146643 0 0 0 0.146643 3.83927e-17
0.88125 0.200006 0.145876 0 0 0 0.145876 3.85764e-17
0.881875 0.199181 0.145108 0 0 0 0.145108 3.87601e-17
0.8825 0.198353 0.14434 0 0 0 0.14434 3.89438e-17
0.883125 0.197521 0.143572 0 0 0 0.143572 3.91275e-17
0.88375 0.196687 0.142805 0 0 0 0.142805 3.93112e-17
0.884375 0.195849 0.142037 0 0 0 0.142037 3.94949e-17
0.885 0.195008 0.141269 0 0 0 0.141269 3.96786e-17
0.885625 0.194164 0.140501 0 0 0 0.140501 3.98623e-17
0.88625 0.193317 0.139734 0 0 0 0.139734 4.0046e-17
0.886875 0.192467 0.138966 0 0 0 0.138966 4.02296e-17
0.8875 0.191614 0.138198 0 0 0 0.138198 4.04133e-17
0.888125 0.190757 0.13743 0 0 0 0.13743 4.0597e-17
0.88875 0.189898 0.136663 0 0 0 0.136663 4.07807e-17
0.889375 0.189035 0.135895 0 0 0 0.135895 4.09644e-17
0.89 0.188169 0.135127 0 0 0 0.135127 4.11481e-17
0.890625 0.1873 0.134359 0 0 0 0.134359 4.13318e-17
0.89125 0.186428 0.133591 0 0 0 0.133591 4.15155e-17
0.891875 0.185553 0.132824 0 0 0 0.132824 4.16992e-17
0.8925 0.184675 0.132056 0 0 0 0.132056 4.18829e-17
0.893125 0.183794 0.131288 0 0 0 0.131288 4.20666e-17
0.89375 0.18291 0.13052 0 0 0 0.13052 4.22503e-17
0.894375 0.182023 0.129753 0 0 0 0.129753 4.2434e-17
0.895 0.181133 0.128985 0 0 0 0.128985 4.26177e-17
0.895625 0.180239 0.128217 0 0 0 0.128217 4.28014e-17
0.89625 0.179343 0.127449 0 0 0 0.127449 4.29851e-17
0.896875 0.178444 0.126682 0 0 0 0.126682 4.31688e-17
0.8975 0.177542 0.125914 0 0 0 0.125914 4.33525e-17
0.898125 0.176636 0.125146 0 0 0 0.125146 4.35362e-17
0.89875 0.175728 0.124378 0 0 0 0.124378 4.37199e-17
0.899375 0.174817 0.12361 0 0 0 0.12361 4.39036e-17
0.9 0.173903 0.122843 0 0 0 0.122843 4.40873e-17
0.900625 0.172986 0.122075 0 0 0 0.122075 4.4271e-17
0.90125 0.172066 0.121307 0 0 0 0.121307 4.44547e-17
0.901875 0.171143 0.120539 0 0 0 0.120539 4.46384e-17
0.9025 0.170217 0.119772 0 0 0 0.119772 4.48221e-17
0.903125 0.169288 0.119004 0 0 0 0.119004 4.50058e-17
0.90375 0.168357 0.118236 0 0 0 0.118236 4.51895e-17
0.904375 0.167422 0.117468 0 0 0 0.117468 4.53732e-17
0.905 0.166485 0.116701 0 0 0 0.116701 4.55569e-17
0.905625 0.165545 0.115933 0 0 0 0.115933 4.57406e-17
0.90625 0.164602 0.115165 0 0 0 0.115165 4.59243e-17
0.906875 0.163656 0.114397 0 0 0 0.114397 4.6108e-17
0.9075 0.162707 0.11363 0 0 0 0.11363 4.62916e-17
0.908125 0.161756 0.112862 0 0 0 0.112862 4.64753e-17
0.90875 0.160801 0.112094 0 0 0 0.112094 4.6659e-17
0.909375 0.159844 0.111326 0 0 0 0.111326 4.68427e-17
0.91 0.158884 0.110558 0 0 0 0.110558 4.70264e-17
0.910625 0.157922 0.109791 0 0 0 0.109791 4.72101e-17
0.91125 0.156956 0.109023 0 0 0 0.109023 4.73938e-17
0.911875 0.155988 0.108255 0 0 0 0.108255 4.75775e-17
0.9125 0.155017 0.107487 0 0 0 0.107487 4.77612e-17
0.913125 0.154044 0.10672 0 0 0 0.10672 4.79449e-17
0.91375 0.153068 0.105952 0 0 0 0.105952 4.81286e-17
0.914375 0.152089 0.105184 0 0 0 0.105184 4.83123e-17
0.915 0.151107 0.104416 0 0 0 0.104416 4.8496e-17
0.915625 0.150123 0.103649 0 0 0 0.103649 4.86797e-17
0.91625 0.149136 0.102881 0 0 0 0.102881 4.88634e-17
0.916875 0.148146 0.102113 0 0 0 0.102113 4.90471e-17
0.9175 0.147154 0.101345 0 0 0 0.101345 4.92308e-17
0.918125 0.14616 0.100577 0 0 0 0.100577 4.94145e-17
0.91875 0.145162 0.0998097 0 0 0 0.0998097 4.95982e-17
0.919375 0.144162 0.0990419 0 0 0 0.0990419 4.97819e-17
0.92 0.14316 0.0982742 0 0 0 0.0982742 4.99656e-17
0.920625 0.142155 0.0975064 0 0 0 0.0975064 5.01493e-17
0.92125 0.141147 0.0967386 0 0 0 0.0967386 5.0333e-17
0.921875 0.140137 0.0959709 0 0 0 0.0959709 5.05167e-17
0.9225 0.139125 0.0952031 0 0 0 0.0952031 5.07004e-17
0.923125 0.13811 0.0944353 0 0 0 0.0944353 5.08841e-17
0.92375 0.137092 0.0936676 0 0 0 0.0936676 5.10678e-17
0.924375 0.136072 0.0928998 0 0 0 0.0928998 5.12515e-17
0.925 0.13505 0.092132 0 0 0 0.092132 5.14352e-17
0.925625 0.134025 0.0913643 0 0 0 0.0913643 5.16189e-17
0.92625 0.132998 0.0905965 0 0 0 0.0905965 5.18026e-17
0.926875 0.131968 0.0898287 0 0 0 0.0898287 5.19863e-17
0.9275 0.130936 0.089061 0 0 0 0.089061 5.217e-17
0.928125 0.129902 0.0882932 0 0 0 0.0882932 5.23537e-17
0.92875 0.128865 0.0875254 0 0 0 0.0875254 5.25373e-17
0.929375 0.127826 0.0867577 0 0 0 0.0867577 5.2721e-17
0.93 0.126784 0.0859899 0 0 0 0.0859899 5.29047e-17
0.930625 0.125741 0.0852221 0 0 0 0.0852221 5.30884e-17
0.93125 0.124695 0.0844544 0 0 0 0.0844544 5.32721e-17
0.931875 0.123646 0.0836866 0 0 0 0.0836866 5.34558e-17
0.9325 0.122596 0.0829188 0 0 0 0.0829188 5.36395e-17
0.933125 0.121543 0.0821511 0 0 0 0.0821511 5.38232e-17
0.93375 0.120488 0.0813833 0 0 0 0.0813833 5.40069e-17
0.934375 0.119431 0.0806155 0 0 0 0.0806155 5.41906e-17
0.935 0.118372 0.0798478 0 0 0 0.0798478 5.43743e-17
0.935625 0.11731 0.07908 0 0 0 0.07908 5.4558e-17
0.93625 0.116247 0.0783122 0 0 0 0.0783122 5.47417e-17
0.936875 0.115181 0.0775445 0 0 0 0.0775445 5.49254e-17
0.9375 0.114113 0.0767767 0 0 0 0.0767767 5.51091e-17
0.938125 0.113043 0.0760089 0 0 0 0.0760089 5.52928e-17
0.93875 0.111971 0.0752412 0 0 0 0.0752412 5.54765e-17
0.939375 0.110897 0.0744734 0 0 0 0.0744734 5.56602e-17
0.94 0.109821 0.0737056 0 0 0 0.0737056 5.58439e-17
0.940625 0.108742 0.0729379 0 0 0 0.0729379 5.60276e-17
0.94125 0.107662 0.0721701 0 0 0 0.0721701 5.62113e-17
0.941875 0.10658 0.0714023 0 0 0 0.0714023 5.6395e-17
0.9425 0.105496 0.0706346 0 0 0 0.0706346 5.65787e-17
0.943125 0.10441 0.0698668 0 0 0 0.0698668 5.67624e-17
0.94375 0.103322 0.069099 0 0 0 0.069099 5.69461e-17
0.944375 0.102232 0.0683313 0 0 0 0.0683313 5.71298e-17
0.945 0.10114 0.0675635 0 0 0 0.0675635 5.73135e-17
0.945625 0.100046 0.0667957 0 0 0 0.0667957 5.74972e-17
0.94625 0.0989505 0.066028 0 0 0 0.066028 5.76809e-17
0.946875 0.0978531 0.0652602 0 0 0 0.0652602 5.78646e-17
0.9475 0.0967538 0.0644924 0 0 0 0.0644924 5.80483e-17
0.948125 0.0956527 0.0637247 0 0 0 0.0637247 5.8232e-17
0.94875 0.0945499 0.0629569 0 0 0 0.0629569 5.84157e-17
0.949375 0.0934452 0.0621891 0 0 0 0.0621891 5.85993e-17
0.95 0.0923389 0.0614214 0 0 0 0.0614214 5.8783e-17
0.950625 0.0912308 0.0606536 0 0 0 0.0606536 5.89667e-17
0.95125 0.090121 0.0598858 0 0 0 0.0598858 5.91504e-17
0.951875 0.0890095 0.0591181 0 0 0 0.0591181 5.93341e-17
0.9525 0.0878963 0.0583503 0 0 0 0.0583503 5.95178e-17
0.953125 0.0867815 0.0575825 0 0 0 0.0575825 5.97015e-17
0.95375 0.0856651 0.0568148 0 0 0 0.0568148 5.98852e-17
0.954375 0.084547 0.056047 0 0 0 0.056047 6.00689e-17
0.955 0.0834274 0.0552792 0 0 0 0.0552792 6.02526e-17
0.955625 0.0823062 0.0545115 0 0 0 0.0545115 6.04363e-17
0.95625 0.0811835 0.0537437 0 0 0 0.0537437 6.062e-17
0.956875 0.0800592 0.0529759 0 0 0 0.0529759 6.08037e-17
0.9575 0.0789334 0.0522082 0 0 0 0.0522082 6.09874e-17
0.958125 0.0778061 0.0514404 0 0 0 0.0514404 6.11711e-17
0.95875 0.0766774 0.0506726 0 0 0 0.0506726 6.13548e-17
0.959375 0.0755472 0.0499049 0 0 0 0.0499049 6.15385e-17
0.96 0.0744155 0.0491371 0 0 0 0.0491371 6.17222e-17
0.960625 0.0732825 0.0483693 0 0 0 0.0483693 6.19059e-17
0.96125 0.0721481 0.0476016 0 0 0 0.0476016 6.20896e-17
0.961875 0.0710123 0.0468338 0 0 0 0.0468338 6.22733e-17
0.9625 0.0698752 0.046066 0 0 0 0.046066 6.2457e-17
0.963125 0.0687367 0.0452983 0 0 0 0.0452983 6.26407e-17
0.96375 0.067597 0.0445305 0 0 0 0.0445305 6.28244e-17
0.964375 0.0664559 0.0437627 0 0 0 0.0437627 6.30081e-17
0.965 0.0653136 0.0429949 0 0 0 0.0429949 6.31918e-17
0.965625 0.0641701 0.0422272 0 0 0 0.0422272 6.33755e-17
0.96625 0.0630253 0.0414594 0 0 0 0.0414594 6.35592e-17
0.966875 0.0618794 0.0406916 0 0 0 0.0406916 6.37429e-17
0.9675 0.0607322 0.0399239 0 0 0 0.0399239 6.39266e-17
0.968125 0.0595839 0.0391561 0 0 0 0.0391561 6.41103e-17
0.96875 0.0584345 0.0383883 0 0 0 0.0383883 6.4294e-17
0.969375 0.057284 0.0376206 0 0 0 0.0376206 6.44777e-17
0.97 0.0561323 0.0368528 0 0 0 0.0368528 6.46614e-17
0.970625 0.0549796 0.036085 0 0 0 0.036085 6.4845e-17
0.97125 0.0538259 0.0353173 0 0 0 0.0353173 6.50287e-17
0.971875 0.0526711 0.0345495 0 0 0 0.0345495 6.52124e-17
0.9725 0.0515153 0.0337817 0 0 0 0.0337817 6.53961e-17
0.973125 0.0503586 0.033014 0 0 0 0.033014 6.55798e-17
0.97375 0.0492008 0.0322462 0 0 0 0.0322462 6.57635e-17
0.974375 0.0480422 0.0314784 0 0 0 0.0314784 6.59472e-17
0.975 0.0468826 0.0307107 0 0 0 0.0307107 6.61309e-17
0.975625 0.0457221 0.0299429 0 0 0 0.0299429 6.63146e-17
0.97625 0.0445607 0.0291751 0 0 0 0.0291751 6.64983e-17
0.976875 0.0433985 0.0284074 0 0 0 0.0284074 6.6682e-17
0.9775 0.0422354 0.0276396 0 0 0 0.0276396 6.68657e-17
0.978125 0.0410716 0.0268718 0 0 0 0.0268718 6.70494e-17
0.97875 0.0399069 0.0261041 0 0 0 0.0261041 6.72331e-17
0.979375 0.0387415 0.0253363 0 0 0 0.0253363 6.74168e-17
0.98 0.0375754 0.0245685 0 0 0 0.0245685 6.76005e-17
0.980625 0.0364085 0.0238008 0 0 0 0.0238008 6.77842e-17
0.98125 0.0352409 0.023033 0 0 0 0.023033 6.79679e-17
0.981875 0.0340727 0.0222652 0 0 0 0.0222652 6.81516e-17
0.9825 0.0329038 0.0214975 0 0 0 0.0214975 6.83353e-17
0.983125 0.0317343 0.0207297 0 0 0 0.0207297 6.8519e-17
0.98375 0.0305641 0.0199619 0 0 0 0.0199619 6.87027e-17
0.984375 0.0293934 0.0191942 0 0 0 0.0191942 6.88864e-17
0.985 0.0282221 0.0184264 0 0 0 0.0184264 6.90701e-17
0.985625 0.0270502 0.0176586 0 0 0 0.0176586 6.92538e-17
0.98625 0.0258779 0.0168909 0 0 0 0.0168909 6.94375e-17
0.986875 0.024705 0.0161231 0 0 0 0.0161231 6.96212e-17
0.9875 0.0235317 0.0153553 0 0 0 0.0153553 6.98049e-17
0.988125 0.0223579 0.0145876 0 0 0 0.0145876 6.99886e-17
0.98875 0.0211837 0.0138198 0 0 0 0.0138198 7.01723e-17
0.989375 0.0200091 0.013052 0 0 0 0.013052 7.0356e-17
0.99 0.0188341 0.0122843 0 0 0 0.0122843 7.05397e-17
0.990625 0.0176587 0.0115165 0 0 0 0.0115165 7.07234e-17
0.99125 0.016483 0.0107487 0 0 0 0.0107487 7.0907e-17
0.991875 0.015307 0.00998097 0 0 0 0.00998097 7.10907e-17
0.9925 0.0141306 0.0092132 0 0 0 0.0092132 7.12744e-17
0.993125 0.012954 0.00844544 0 0 0 0.00844544 7.14581e-17
0.99375 0.0117772 0.00767767 0 0 0 0.00767767 7.16418e-17
0.994375 0.0106001 0.0069099 0 0 0 0.0069099 7.18255e-17
0.995 0.00942284 0.00614214 0 0 0 0.00614214 7.20092e-17
0.995625 0.00824538 0.00537437 0 0 0 0.00537437 7.21929e-17
0.99625 0.00706777 0.0046066 0 0 0 0.0046066 7.23766e-17
0.996875 0.00589001 0.00383883 0 0 0 0.00383883 7.25603e-17
0.9975 0.00471215 0.00307107 0 0 0 0.00307107 7.2744e-17
0.998125 0.00353419 0.0023033 0 0 0 0.0023033 7.29277e-17
0.99875 0.00235616 0.00153553 0 0 0 0.00153553 7.31114e-17
0.999375 0.00117809 0.000767767 0 0 0 0.000767767 7.32951e-17
1 7.34788e-17 7.34788e-17 0 0 0 0 7.34788e-17
