x h0 h1 h2 h3 h4 h5 h6 h7 h8
0 1 0 0 0 0 0 0 0 0
0.0025 0.980174 0.0196526 0.000172391 8.64117e-07 2.70713e-09 5.42784e-12 6.8018e-15 4.87061e-18 1.52588e-21
0.005 0.960693 0.0386208 0.000679261 6.82674e-06 4.28815e-08 1.72388e-10 4.33136e-13 6.21875e-16 3.90625e-19
0.0075 0.941552 0.05692 0.00150544 2.27523e-05 2.14914e-07 1.29923e-09 4.90893e-12 1.05986e-14 1.00113e-17
0.01 0.922745 0.0745652 0.00263614 5.32554e-05 6.72417e-07 5.43367e-09 2.74428e-11 7.92e-14 1e-16
0.0125 0.904267 0.0915714 0.00405696 0.000102708 1.62512e-06 1.6457e-08 1.04158e-10 3.76701e-13 5.96046e-16
0.015 0.886115 0.107953 0.00575384 0.000175244 3.33586e-06 4.06399e-08 3.09441e-10 1.34637e-12 2.56289e-15
0.0175 0.868281 0.123725 0.00771311 0.000274767 6.11759e-06 8.71718e-08 7.76339e-10 3.95083e-12 8.79639e-15
0.02 0.850763 0.1389 0.00992143 0.000404957 1.03305e-05 1.68662e-07 1.72104e-09 1.00352e-11 2.56e-14
0.0225 0.833555 0.153493 0.0123658 0.000569271 1.63793e-05 3.01614e-07 3.47126e-09 2.28289e-11 6.56841e-14
0.025 0.816652 0.167518 0.0150337 0.000770959 2.47102e-05 5.06876e-07 6.49841e-09 4.76074e-11 1.52588e-13
0.0275 0.80005 0.180988 0.0179127 0.00101306 3.58086e-05 8.10066e-07 1.14534e-08 9.25355e-11 3.27086e-13
0.03 0.783743 0.193916 0.0209909 0.00129841 5.01961e-05 1.24197e-06 1.92057e-08 1.69711e-10 6.561e-13
0.0325 0.767729 0.206315 0.0242566 0.00162964 6.84282e-05 1.8389e-06 3.08859e-08 2.96432e-10 1.24471e-12
0.035 0.752001 0.218197 0.0276986 0.00200923 9.10918e-05 2.64308e-06 4.79315e-08 4.96699e-10 2.25188e-12
0.0375 0.736556 0.229576 0.0313058 0.00243941 0.000118803 3.70294e-06 7.21352e-08 8.02989e-10 3.91066e-12
0.04 0.72139 0.240463 0.0350675 0.0029223 0.000152203 5.07343e-06 1.05696e-07 1.25829e-09 6.5536e-12
0.0425 0.706497 0.250871 0.0389734 0.00345978 0.000191959 6.81631e-06 1.51276e-07 1.91845e-09 1.06442e-11
0.045 0.691874 0.260811 0.0430134 0.00405361 0.00023876 9.00038e-06 2.12051e-07 2.85483e-09 1.68151e-11
0.0475 0.677516 0.270295 0.0471775 0.00470537 0.000293314 1.17018e-05 2.91776e-07 4.15729e-09 2.59149e-11
0.05 0.66342 0.279335 0.0514564 0.00541647 0.000356346 1.50041e-05 3.94844e-07 5.9375e-09 3.90625e-11
0.0525 0.649582 0.287941 0.0558408 0.00618817 0.0004286 1.89986e-05 5.26347e-07 8.33267e-09 5.77131e-11
0.055 0.635996 0.296125 0.0603218 0.00702158 0.00051083 2.37847e-05 6.92146e-07 1.15096e-08 8.37339e-11
0.0575 0.62266 0.303898 0.0648906 0.00791769 0.000603802 2.94694e-05 8.98934e-07 1.56692e-08 1.19493e-10
0.06 0.609569 0.311269 0.0695389 0.0088773 0.000708295 3.61683e-05 1.15431e-06 2.10512e-08 1.67962e-10
0.0625 0.596719 0.31825 0.0742584 0.00990112 0.000825094 4.4005e-05 1.46683e-06 2.79397e-08 2.32831e-10
0.065 0.584108 0.324851 0.0790414 0.0109897 0.000954988 5.31116e-05 1.84613e-06 3.66687e-08 3.18645e-10
0.0675 0.57173 0.331082 0.08388 0.0121435 0.00109877 6.36288e-05 2.30292e-06 4.76283e-08 4.30953e-10
0.07 0.559582 0.336952 0.0887671 0.0133628 0.00125725 7.57054e-05 2.84913e-06 6.12716e-08 5.7648e-10
0.0725 0.54766 0.342472 0.0936952 0.0146478 0.00143122 8.94993e-05 3.49795e-06 7.81214e-08 7.63315e-10
0.075 0.535962 0.347651 0.0986577 0.0159985 0.00162147 0.000105177 4.26392e-06 9.87781e-08 1.00113e-09
0.0775 0.524482 0.352498 0.103648 0.0174151 0.00182882 0.000122912 5.16299e-06 1.23928e-07 1.30141e-09
0.08 0.513219 0.357022 0.108659 0.0188972 0.00205404 0.00014289 6.2126e-06 1.5435e-07 1.67772e-09
0.0825 0.502167 0.361232 0.113685 0.0204447 0.00229794 0.000165301 7.4318e-06 1.9093e-07 2.14601e-09
0.085 0.491325 0.365138 0.11872 0.0220572 0.00256129 0.000190347 8.84125e-06 2.34662e-07 2.72491e-09
0.0875 0.480688 0.368747 0.123757 0.0237343 0.00284487 0.000218236 1.04634e-05 2.86668e-07 3.43609e-09
0.09 0.470253 0.372068 0.128793 0.0254755 0.00314944 0.000249187 1.23224e-05 3.482e-07 4.30467e-09
0.0925 0.460016 0.37511 0.13382 0.0272801 0.00347577 0.000283424 1.44445e-05 4.20658e-07 5.35962e-09
0.095 0.449975 0.37788 0.138834 0.0291475 0.00382461 0.000321182 1.68576e-05 5.05596e-07 6.6342e-09
0.0975 0.440127 0.380386 0.14383 0.0310769 0.00419668 0.000362704 1.95921e-05 6.04741e-07 8.16652e-09
0.1 0.430467 0.382638 0.148803 0.0330674 0.0045927 0.00040824 2.268e-05 7.2e-07 1e-08
0.1025 0.420994 0.384641 0.153749 0.0351182 0.00501339 0.000458048 2.61559e-05 8.53476e-07 1.2184e-08
0.105 0.411703 0.386403 0.158663 0.0372281 0.00545943 0.000512394 3.00566e-05 1.00748e-06 1.47746e-08
0.1075 0.402593 0.387932 0.16354 0.0393962 0.0059315 0.000571551 3.44211e-05 1.18456e-06 1.78348e-08
0.11 0.393659 0.389236 0.168377 0.0416213 0.00643026 0.000635801 3.92911e-05 1.38749e-06 2.14359e-08
0.1125 0.384899 0.39032 0.17317 0.0439023 0.00695635 0.000705433 4.47105e-05 1.6193e-06 2.56578e-08
0.115 0.37631 0.391193 0.177915 0.0462379 0.00751039 0.000780741 5.07261e-05 1.88329e-06 3.05902e-08
0.1175 0.36789 0.39186 0.182609 0.0486267 0.00809298 0.000862028 5.73872e-05 2.18308e-06 3.63331e-08
0.12 0.359635 0.392329 0.187248 0.0510676 0.0087047 0.000949603 6.47457e-05 2.52256e-06 4.29982e-08
0.1225 0.351542 0.392605 0.191828 0.0535589 0.00934611 0.00104378 7.28566e-05 2.90596e-06 5.07094e-08
0.125 0.343609 0.392696 0.196348 0.0560994 0.0100178 0.00114489 8.17776e-05 3.33786e-06 5.96046e-08
0.1275 0.335833 0.392607 0.200803 0.0586875 0.0107201 0.00125324 9.15693e-05 3.8232e-06 6.98363e-08
0.13 0.328212 0.392345 0.205192 0.0613217 0.0114538 0.00136919 0.000102296 4.3673e-06 8.15731e-08
0.1325 0.320742 0.391915 0.209511 0.0640005 0.0122191 0.00149306 0.000114023 4.97589e-06 9.50007e-08
0.135 0.313422 0.391324 0.213758 0.0667221 0.0130166 0.00162519 0.000126821 5.65513e-06 1.10324e-07
0.1375 0.306248 0.390577 0.217931 0.0694851 0.0138467 0.00176595 0.000140764 6.41162e-06 1.27768e-07
0.14 0.299218 0.389679 0.222026 0.0722877 0.0147097 0.00191568 0.000155928 7.25245e-06 1.47579e-07
0.1425 0.29233 0.388637 0.226044 0.0751282 0.0156061 0.00207475 0.000172391 8.18518e-06 1.70027e-07
0.145 0.285581 0.387455 0.22998 0.078005 0.0165362 0.0022435 0.000190238 9.2179e-06 1.95409e-07
0.1475 0.278968 0.386138 0.233834 0.0809163 0.0175002 0.00242232 0.000209555 1.03593e-05 2.24045e-07
0.15 0.272491 0.384693 0.237604 0.0838603 0.0184986 0.00261157 0.000230432 1.16184e-05 2.56289e-07
0.1525 0.266145 0.383123 0.241288 0.0868353 0.0195315 0.00281162 0.000252963 1.30052e-05 2.92522e-07
0.155 0.259928 0.381433 0.244885 0.0898394 0.0205993 0.00302285 0.000277244 1.45301e-05 3.33161e-07
0.1575 0.25384 0.379629 0.248393 0.0928708 0.021702 0.00324564 0.000303376 1.62041e-05 3.78656e-07
0.16 0.247876 0.377716 0.25181 0.0959278 0.0228399 0.00348037 0.000331464 1.80389e-05 4.29497e-07
0.1625 0.242035 0.375696 0.255137 0.0990084 0.0240132 0.00372743 0.000361616 2.0047e-05 4.86213e-07
0.165 0.236315 0.373576 0.258372 0.102111 0.025222 0.00398719 0.000393944 2.22415e-05 5.49378e-07
0.1675 0.230714 0.371359 0.261513 0.105233 0.0264664 0.00426005 0.000428564 2.46364e-05 6.1961e-07
0.17 0.225229 0.36905 0.26456 0.108374 0.0277464 0.00454639 0.000465594 2.72465e-05 6.97576e-07
0.1725 0.219859 0.366653 0.267513 0.111531 0.0290621 0.0048466 0.00050516 3.00872e-05 7.83994e-07
0.175 0.214601 0.364171 0.27037 0.114702 0.0304135 0.00516107 0.000547387 3.31749e-05 8.79639e-07
0.1775 0.209453 0.361609 0.27313 0.117886 0.0318006 0.00549019 0.000592407 3.6527e-05 9.85342e-07
0.18 0.204414 0.358971 0.275795 0.121081 0.0332234 0.00583435 0.000640355 4.01616e-05 1.102e-06
0.1825 0.199481 0.35626 0.278362 0.124284 0.0346817 0.00619392 0.00069137 4.40979e-05 1.23056e-06
0.185 0.194653 0.35348 0.280832 0.127494 0.0361756 0.00656931 0.000745596 4.83559e-05 1.37206e-06
0.1875 0.189927 0.350635 0.283205 0.13071 0.0377048 0.00696089 0.000803179 5.29569e-05 1.5276e-06
0.19 0.185302 0.347727 0.28548 0.133929 0.0392692 0.00736904 0.00086427 5.79229e-05 1.69836e-06
0.1925 0.180776 0.344761 0.287657 0.137149 0.0408687 0.00779416 0.000929025 6.32773e-05 1.88558e-06
0.195 0.176347 0.34174 0.289736 0.140369 0.042503 0.00823661 0.000997602 6.90444e-05 2.09063e-06
0.1975 0.172013 0.338667 0.291717 0.143587 0.044172 0.00869678 0.00107016 7.52497e-05 2.31492e-06
0.2 0.167772 0.335544 0.293601 0.146801 0.0458752 0.00917504 0.00114688 8.192e-05 2.56e-06
0.2025 0.163623 0.332376 0.295388 0.150009 0.0476125 0.00967175 0.00122792 8.90832e-05 2.82748e-06
0.205 0.159565 0.329165 0.297077 0.153209 0.0493835 0.0101873 0.00131346 9.67685e-05 3.11911e-06
0.2075 0.155594 0.325914 0.298669 0.156401 0.0511879 0.010722 0.00140367 0.000105006 3.43673e-06
0.21 0.151711 0.322626 0.300164 0.159581 0.0530254 0.0112763 0.00149875 0.000113829 3.78229e-06
0.2125 0.147912 0.319303 0.301564 0.162749 0.0548954 0.0118504 0.00159887 0.000123269 4.15788e-06
0.215 0.144197 0.315948 0.302868 0.165902 0.0567977 0.0124448 0.00170423 0.000133361 4.5657e-06
0.2175 0.140564 0.312565 0.304076 0.169039 0.0587317 0.0130598 0.00181502 0.000144142 5.00811e-06
0.22 0.137011 0.309154 0.30519 0.172159 0.060697 0.0136957 0.00193145 0.000155648 5.48759e-06
0.2225 0.133537 0.305719 0.306211 0.175259 0.0626931 0.0143529 0.00205371 0.000167919 6.00676e-06
0.225 0.130141 0.302263 0.307138 0.178338 0.0647195 0.0150316 0.00218201 0.000180996 6.56841e-06
0.2275 0.12682 0.298786 0.307972 0.181395 0.0667756 0.0157322 0.00231656 0.000194921 7.17548e-06
0.23 0.123574 0.295293 0.308715 0.184427 0.0688608 0.0164551 0.00245757 0.000209737 7.8311e-06
0.2325 0.1204 0.291784 0.309367 0.187434 0.0709747 0.0172004 0.00260527 0.000225491 8.53854e-06
0.235 0.117298 0.288262 0.309929 0.190414 0.0731165 0.0179685 0.00275987 0.000242229 9.30128e-06
0.2375 0.114266 0.28473 0.310402 0.193365 0.0752856 0.0187597 0.00292159 0.000260001 1.0123e-05
0.24 0.111303 0.281188 0.310786 0.196286 0.0774814 0.0195742 0.00309067 0.000278857 1.10075e-05
0.2425 0.108408 0.277639 0.311084 0.199176 0.0797032 0.0204124 0.00326734 0.000298851 1.1959e-05
0.245 0.105579 0.274085 0.311295 0.202032 0.0819502 0.0212745 0.00345182 0.000320037 1.29816e-05
0.2475 0.102814 0.270527 0.311421 0.204855 0.0842219 0.0221607 0.00364437 0.00034247 1.408e-05
0.25 0.100113 0.266968 0.311462 0.207642 0.0865173 0.0230713 0.00384521 0.000366211 1.52588e-05
0.2525 0.0974742 0.263408 0.311421 0.210391 0.0888359 0.0240065 0.00405461 0.000391319 1.65231e-05
0.255 0.0948965 0.259851 0.311298 0.213103 0.0911767 0.0249665 0.00427279 0.000417857 1.78781e-05
0.2575 0.0923787 0.256296 0.311094 0.215775 0.093539 0.0259516 0.00450002 0.000445889 1.93294e-05
0.26 0.0899195 0.252747 0.31081 0.218407 0.095922 0.0269619 0.00473654 0.000475483 2.08827e-05
0.2625 0.0875178 0.249203 0.310448 0.220997 0.0983249 0.0279976 0.00498262 0.000506707 2.25442e-05
0.265 0.0851724 0.245667 0.310009 0.223544 0.100747 0.0290589 0.00523851 0.000539633 2.43202e-05
0.2675 0.0828822 0.24214 0.309493 0.226046 0.103187 0.030146 0.00550448 0.000574333 2.62174e-05
0.27 0.080646 0.238624 0.308903 0.228504 0.105644 0.031259 0.00578078 0.000610885 2.8243e-05
0.2725 0.0784628 0.235119 0.30824 0.230915 0.108118 0.0323981 0.00606769 0.000649364 3.04041e-05
0.275 0.0763315 0.231627 0.307504 0.233279 0.110607 0.0335634 0.00636547 0.000689853 3.27086e-05
0.2775 0.0742511 0.228149 0.306698 0.235595 0.11311 0.0347549 0.00667439 0.000732434 3.51645e-05
0.28 0.0722204 0.224686 0.305822 0.237862 0.115627 0.0359729 0.00699473 0.000777193 3.77802e-05
0.2825 0.0702385 0.221239 0.304878 0.240078 0.118157 0.0372174 0.00732677 0.000824216 4.05646e-05
0.285 0.0683043 0.21781 0.303867 0.242244 0.120698 0.0384885 0.00767078 0.000873595 4.3527e-05
0.2875 0.066417 0.214399 0.302791 0.244358 0.123251 0.0397861 0.00802703 0.000925422 4.6677e-05
0.29 0.0645754 0.211007 0.301651 0.246419 0.125812 0.0411105 0.00839581 0.000979793 5.00246e-05
0.2925 0.0627786 0.207635 0.300447 0.248426 0.128383 0.0424616 0.00877741 0.00103681 5.35805e-05
0.295 0.0610257 0.204285 0.299183 0.25038 0.130961 0.0438395 0.00917209 0.00109656 5.73556e-05
0.2975 0.0593158 0.200956 0.297858 0.252279 0.133546 0.0452441 0.00958015 0.00115916 6.13615e-05
0.3 0.057648 0.19765 0.296475 0.254122 0.136137 0.0466754 0.0100019 0.00122472 6.561e-05
0.3025 0.0560214 0.194368 0.295035 0.255909 0.138732 0.0481335 0.0104376 0.00129334 7.01137e-05
0.305 0.054435 0.19111 0.293539 0.257639 0.141331 0.0496183 0.0108875 0.00136513 7.48857e-05
0.3075 0.0528881 0.187877 0.291989 0.259312 0.143932 0.0511297 0.0113519 0.00144021 7.99394e-05
0.31 0.0513798 0.18467 0.290386 0.260927 0.146535 0.0526676 0.0118311 0.0015187 8.52891e-05
0.3125 0.0499093 0.181488 0.288732 0.262483 0.149138 0.0542321 0.0123255 0.00160071 9.09495e-05
0.315 0.0484758 0.178334 0.287027 0.263981 0.151741 0.0558229 0.0128352 0.00168638 9.69359e-05
0.3175 0.0470784 0.175207 0.285273 0.265419 0.154342 0.05744 0.0133606 0.00177582 0.000103264
0.32 0.0457163 0.172109 0.283473 0.266798 0.15694 0.0590833 0.013902 0.00186917 0.000109951
0.3225 0.0443889 0.169038 0.281626 0.268117 0.159534 0.0607526 0.0144596 0.00196656 0.000117014
0.325 0.0430953 0.165997 0.279735 0.269375 0.162124 0.0624477 0.0150337 0.00206813 0.000124471
0.3275 0.0418349 0.162985 0.277801 0.270572 0.164707 0.0641684 0.0156247 0.00217401 0.00013234
0.33 0.0406068 0.160003 0.275826 0.271709 0.167283 0.0659147 0.0162327 0.00228435 0.000140641
0.3325 0.0394103 0.157051 0.27381 0.272784 0.169852 0.0676862 0.0168582 0.00239929 0.000149394
0.335 0.0382449 0.15413 0.271755 0.273798 0.172411 0.0694827 0.0175013 0.00251898 0.00015862
0.3375 0.0371097 0.151239 0.269663 0.274751 0.174959 0.0713041 0.0181624 0.00264358 0.000168341
0.34 0.0360041 0.14838 0.267534 0.275641 0.177496 0.07315 0.0188417 0.00277323 0.000178579
0.3425 0.0349274 0.145553 0.265371 0.27647 0.180021 0.0750202 0.0195395 0.0029081 0.000189358
0.345 0.033879 0.142757 0.263175 0.277237 0.182532 0.0769144 0.0202561 0.00304835 0.000200702
0.3475 0.0328582 0.139994 0.260946 0.277943 0.185029 0.0788322 0.0209917 0.00319414 0.000212637
0.35 0.0318645 0.137262 0.258687 0.278586 0.18751 0.0807734 0.0217467 0.00334564 0.000225188
0.3525 0.0308971 0.134564 0.256398 0.279167 0.189974 0.0827376 0.0225212 0.00350303 0.000238382
0.355 0.0299556 0.131897 0.254081 0.279687 0.19242 0.0847245 0.0233157 0.00366647 0.000252247
0.3575 0.0290392 0.129264 0.251738 0.280144 0.194847 0.0867337 0.0241302 0.00383615 0.000266814
0.36 0.0281475 0.126664 0.249369 0.28054 0.197255 0.0887647 0.0249651 0.00401225 0.000282111
0.3625 0.0272798 0.124096 0.246976 0.280875 0.199642 0.0908173 0.0258206 0.00419494 0.00029817
0.365 0.0264356 0.121562 0.24456 0.281148 0.202006 0.092891 0.026697 0.00438444 0.000315023
0.3675 0.0256144 0.119061 0.242123 0.28136 0.204348 0.0949853 0.0275945 0.00458091 0.000332705
0.37 0.0248156 0.116594 0.239665 0.281511 0.206665 0.0970998 0.0285134 0.00478457 0.000351248
0.3725 0.0240386 0.11416 0.237188 0.281602 0.208958 0.099234 0.0294539 0.0049956 0.000370689
0.375 0.0232831 0.111759 0.234693 0.281632 0.211224 0.101388 0.0304163 0.00521421 0.000391066
0.3775 0.0225484 0.109391 0.232182 0.281602 0.213463 0.10356 0.0314006 0.00544062 0.000412416
0.38 0.021834 0.107057 0.229655 0.281512 0.215675 0.10575 0.0324073 0.00567501 0.000434779
0.3825 0.0211395 0.104756 0.227113 0.281363 0.217857 0.107958 0.0334365 0.00591762 0.000458196
0.385 0.0204645 0.102489 0.224559 0.281155 0.220009 0.110184 0.0344884 0.00616865 0.000482709
0.3875 0.0198084 0.100255 0.221992 0.280888 0.222131 0.112426 0.0355632 0.00642833 0.000508363
0.39 0.0191707 0.0980536 0.219415 0.280563 0.224221 0.114683 0.0366611 0.00669687 0.000535201
0.3925 0.0185511 0.0958857 0.216828 0.280181 0.226278 0.116957 0.0377823 0.00697451 0.000563271
0.395 0.0179491 0.0937507 0.214232 0.279741 0.228301 0.119245 0.038927 0.00726148 0.000592621
0.3975 0.0173643 0.0916487 0.211629 0.279245 0.23029 0.121547 0.0400954 0.007558 0.0006233
0.4 0.0167962 0.0895795 0.209019 0.278692 0.232243 0.123863 0.0412877 0.00786432 0.00065536
0.4025 0.0162444 0.087543 0.206404 0.278084 0.23416 0.126192 0.0425039 0.00818067 0.000688854
0.405 0.0157085 0.0855389 0.203784 0.27742 0.23604 0.128533 0.0437444 0.00850731 0.000723836
0.4075 0.0151882 0.0835672 0.201161 0.276702 0.237882 0.130885 0.0450091 0.00884447 0.000760363
0.41 0.014683 0.0816278 0.198535 0.27593 0.239685 0.133249 0.0462983 0.0091924 0.000798493
0.4125 0.0141926 0.0797203 0.195908 0.275105 0.241449 0.135622 0.0476121 0.00955137 0.000838285
0.415 0.0137166 0.0778447 0.193281 0.274228 0.243172 0.138005 0.0489506 0.00992162 0.000879802
0.4175 0.0132546 0.0760008 0.190654 0.273298 0.244854 0.140397 0.050314 0.0103034 0.000923107
0.42 0.0128063 0.0741883 0.188029 0.272318 0.246494 0.142797 0.0517023 0.010697 0.000968265
0.4225 0.0123713 0.072407 0.185406 0.271286 0.248092 0.145204 0.0531156 0.0111027 0.00101535
0.425 0.0119493 0.0706568 0.182786 0.270205 0.249646 0.147617 0.0545541 0.0115207 0.00106442
0.4275 0.01154 0.0689373 0.18017 0.269075 0.251157 0.150036 0.0560178 0.0119514 0.00111555
0.43 0.0111429 0.0672485 0.17756 0.267897 0.252622 0.15246 0.0575067 0.0123949 0.00116882
0.4325 0.0107579 0.0655899 0.174955 0.266671 0.254042 0.154887 0.059021 0.0128516 0.0012243
0.435 0.0103845 0.0639615 0.172356 0.265398 0.255416 0.157318 0.0605606 0.0133218 0.00128208
0.4375 0.0100226 0.0623628 0.169765 0.26408 0.256744 0.159752 0.0621257 0.0138057 0.00134222
0.44 0.00967173 0.0607937 0.167183 0.262716 0.258024 0.162187 0.0637162 0.0143036 0.00140482
0.4425 0.00933166 0.059254 0.164609 0.261308 0.259257 0.164622 0.0653322 0.0148159 0.00146996
0.445 0.0090021 0.0577432 0.162045 0.259856 0.260441 0.167058 0.0669737 0.0153427 0.00153773
0.4475 0.00868277 0.0562612 0.159492 0.258362 0.261577 0.169492 0.0686406 0.0158845 0.00160822
0.45 0.00837339 0.0548077 0.156949 0.256826 0.262663 0.171925 0.0703329 0.0164415 0.00168151
0.4525 0.00807371 0.0533823 0.154419 0.255249 0.263699 0.174355 0.0720506 0.0170139 0.00175772
0.455 0.00778345 0.0519849 0.151901 0.253632 0.264685 0.176781 0.0737937 0.0176022 0.00183692
0.4575 0.00750236 0.050615 0.149396 0.251976 0.26562 0.179202 0.0755621 0.0182065 0.00191924
0.46 0.0072302 0.0492724 0.146905 0.250282 0.266504 0.181618 0.0773557 0.0188273 0.00200476
0.4625 0.00696671 0.0479569 0.144428 0.248551 0.267337 0.184027 0.0791745 0.0194648 0.0020936
0.465 0.00671166 0.046668 0.141967 0.246783 0.268117 0.186429 0.0810183 0.0201194 0.00218587
0.4675 0.00646483 0.0454055 0.139521 0.24498 0.268846 0.188823 0.0828871 0.0207913 0.00228167
0.47 0.00622597 0.0441691 0.137091 0.243143 0.269521 0.191208 0.0847807 0.0214808 0.00238113
0.4725 0.00599487 0.0429585 0.134678 0.241271 0.270144 0.193582 0.0866989 0.0221884 0.00248436
0.475 0.00577131 0.0417733 0.132282 0.239368 0.270713 0.195945 0.0886417 0.0229142 0.00259149
0.4775 0.00555508 0.0406132 0.129904 0.237432 0.271229 0.198296 0.0906089 0.0236586 0.00270263
0.48 0.00534597 0.039478 0.127544 0.235466 0.271692 0.200634 0.0926002 0.024422 0.00281793
0.4825 0.00514379 0.0383672 0.125203 0.23347 0.2721 0.202958 0.0946156 0.0252047 0.0029375
0.485 0.00494832 0.0372806 0.122881 0.231446 0.272454 0.205267 0.0966547 0.0260069 0.0030615
0.4875 0.00475939 0.0362178 0.120579 0.229394 0.272755 0.20756 0.0987174 0.0268291 0.00319005
0.49 0.00457679 0.0351785 0.118296 0.227315 0.273 0.209835 0.100803 0.0276715 0.00332329
0.4925 0.00440036 0.0341624 0.116034 0.22521 0.273191 0.212093 0.102912 0.0285345 0.00346138
0.495 0.00422991 0.0331692 0.113793 0.22308 0.273328 0.214333 0.105044 0.0294183 0.00360447
0.4975 0.00406526 0.0321985 0.111573 0.220926 0.27341 0.216552 0.107198 0.0303234 0.00375271
0.5 0.00390625 0.03125 0.109375 0.21875 0.273438 0.21875 0.109375 0.03125 0.00390625
0.5025 0.00375271 0.0303234 0.107198 0.216552 0.27341 0.220926 0.111573 0.0321985 0.00406526
0.505 0.00360447 0.0294183 0.105044 0.214333 0.273328 0.22308 0.113793 0.0331692 0.00422991
0.5075 0.00346138 0.0285345 0.102912 0.212093 0.273191 0.22521 0.116034 0.0341624 0.00440036
0.51 0.00332329 0.0276715 0.100803 0.209835 0.273 0.227315 0.118296 0.0351785 0.00457679
0.5125 0.00319005 0.0268291 0.0987174 0.20756 0.272755 0.229394 0.120579 0.0362178 0.00475939
0.515 0.0030615 0.0260069 0.0966547 0.205267 0.272454 0.231446 0.122881 0.0372806 0.00494832
0.5175 0.0029375 0.0252047 0.0946156 0.202958 0.2721 0.23347 0.125203 0.0383672 0.00514379
0.52 0.00281793 0.024422 0.0926002 0.200634 0.271692 0.235466 0.127544 0.039478 0.00534597
0.5225 0.00270263 0.0236586 0.0906089 0.198296 0.271229 0.237432 0.129904 0.0406132 0.00555508
0.525 0.00259149 0.0229142 0.0886417 0.195945 0.270713 0.239368 0.132282 0.0417733 0.00577131
0.5275 0.00248436 0.0221884 0.0866989 0.193582 0.270144 0.241271 0.134678 0.0429585 0.00599487
0.53 0.00238113 0.0214808 0.0847807 0.191208 0.269521 0.243143 0.137091 0.0441691 0.00622597
0.5325 0.00228167 0.0207913 0.0828871 0.188823 0.268846 0.24498 0.139521 0.0454055 0.00646483
0.535 0.00218587 0.0201194 0.0810183 0.186429 0.268117 0.246783 0.141967 0.046668 0.00671166
0.5375 0.0020936 0.0194648 0.0791745 0.184027 0.267337 0.248551 0.144428 0.0479569 0.00696671
0.54 0.00200476 0.0188273 0.0773557 0.181618 0.266504 0.250282 0.146905 0.0492724 0.0072302
0.5425 0.00191924 0.0182065 0.0755621 0.179202 0.26562 0.251976 0.149396 0.050615 0.00750236
0.545 0.00183692 0.0176022 0.0737937 0.176781 0.264685 0.253632 0.151901 0.0519849 0.00778345
0.5475 0.00175772 0.0170139 0.0720506 0.174355 0.263699 0.255249 0.154419 0.0533823 0.00807371
0.55 0.00168151 0.0164415 0.0703329 0.171925 0.262663 0.256826 0.156949 0.0548077 0.00837339
0.5525 0.00160822 0.0158845 0.0686406 0.169492 0.261577 0.258362 0.159492 0.0562612 0.00868277
0.555 0.00153773 0.0153427 0.0669737 0.167058 0.260441 0.259856 0.162045 0.0577432 0.0090021
0.5575 0.00146996 0.0148159 0.0653322 0.164622 0.259257 0.261308 0.164609 0.059254 0.00933166
0.56 0.00140482 0.0143036 0.0637162 0.162187 0.258024 0.262716 0.167183 0.0607937 0.00967173
0.5625 0.00134222 0.0138057 0.0621257 0.159752 0.256744 0.26408 0.169765 0.0623628 0.0100226
0.565 0.00128208 0.0133218 0.0605606 0.157318 0.255416 0.265398 0.172356 0.0639615 0.0103845
0.5675 0.0012243 0.0128516 0.059021 0.154887 0.254042 0.266671 0.174955 0.0655899 0.0107579
0.57 0.00116882 0.0123949 0.0575067 0.15246 0.252622 0.267897 0.17756 0.0672485 0.0111429
0.5725 0.00111555 0.0119514 0.0560178 0.150036 0.251157 0.269075 0.18017 0.0689373 0.01154
0.575 0.00106442 0.0115207 0.0545541 0.147617 0.249646 0.270205 0.182786 0.0706568 0.0119493
0.5775 0.00101535 0.0111027 0.0531156 0.145204 0.248092 0.271286 0.185406 0.072407 0.0123713
0.58 0.000968265 0.010697 0.0517023 0.142797 0.246494 0.272318 0.188029 0.0741883 0.0128063
0.5825 0.000923107 0.0103034 0.050314 0.140397 0.244854 0.273298 0.190654 0.0760008 0.0132546
0.585 0.000879802 0.00992162 0.0489506 0.138005 0.243172 0.274228 0.193281 0.0778447 0.0137166
0.5875 0.000838285 0.00955137 0.0476121 0.135622 0.241449 0.275105 0.195908 0.0797203 0.0141926
0.59 0.000798493 0.0091924 0.0462983 0.133249 0.239685 0.27593 0.198535 0.0816278 0.014683
0.5925 0.000760363 0.00884447 0.0450091 0.130885 0.237882 0.276702 0.201161 0.0835672 0.0151882
0.595 0.000723836 0.00850731 0.0437444 0.128533 0.23604 0.27742 0.203784 0.0855389 0.0157085
0.5975 0.000688854 0.00818067 0.0425039 0.126192 0.23416 0.278084 0.206404 0.087543 0.0162444
0.6 0.00065536 0.00786432 0.0412877 0.123863 0.232243 0.278692 0.209019 0.0895795 0.0167962
0.6025 0.0006233 0.007558 0.0400954 0.121547 0.23029 0.279245 0.211629 0.0916487 0.0173643
0.605 0.000592621 0.00726148 0.038927 0.119245 0.228301 0.279741 0.214232 0.0937507 0.0179491
0.6075 0.000563271 0.00697451 0.0377823 0.116957 0.226278 0.280181 0.216828 0.0958857 0.0185511
0.61 0.000535201 0.00669687 0.0366611 0.114683 0.224221 0.280563 0.219415 0.0980536 0.0191707
0.6125 0.000508363 0.00642833 0.0355632 0.112426 0.222131 0.280888 0.221992 0.100255 0.0198084
0.615 0.000482709 0.00616865 0.0344884 0.110184 0.220009 0.281155 0.224559 0.102489 0.0204645
0.6175 0.000458196 0.00591762 0.0334365 0.107958 0.217857 0.281363 0.227113 0.104756 0.0211395
0.62 0.000434779 0.00567501 0.0324073 0.10575 0.215675 0.281512 0.229655 0.107057 0.021834
0.6225 0.000412416 0.00544062 0.0314006 0.10356 0.213463 0.281602 0.232182 0.109391 0.0225484
0.625 0.000391066 0.00521421 0.0304163 0.101388 0.211224 0.281632 0.234693 0.111759 0.0232831
0.6275 0.000370689 0.0049956 0.0294539 0.099234 0.208958 0.281602 0.237188 0.11416 0.0240386
0.63 0.000351248 0.00478457 0.0285134 0.0970998 0.206665 0.281511 0.239665 0.116594 0.0248156
0.6325 0.000332705 0.00458091 0.0275945 0.0949853 0.204348 0.28136 0.242123 0.119061 0.0256144
0.635 0.000315023 0.00438444 0.026697 0.092891 0.202006 0.281148 0.24456 0.121562 0.0264356
0.6375 0.00029817 0.00419494 0.0258206 0.0908173 0.199642 0.280875 0.246976 0.124096 0.0272798
0.64 0.000282111 0.00401225 0.0249651 0.0887647 0.197255 0.28054 0.249369 0.126664 0.0281475
0.6425 0.000266814 0.00383615 0.0241302 0.0867337 0.194847 0.280144 0.251738 0.129264 0.0290392
0.645 0.000252247 0.00366647 0.0233157 0.0847245 0.19242 0.279687 0.254081 0.131897 0.0299556
0.6475 0.000238382 0.00350303 0.0225212 0.0827376 0.189974 0.279167 0.256398 0.134564 0.0308971
0.65 0.000225188 0.00334564 0.0217467 0.0807734 0.18751 0.278586 0.258687 0.137262 0.0318645
0.6525 0.000212637 0.00319414 0.0209917 0.0788322 0.185029 0.277943 0.260946 0.139994 0.0328582
0.655 0.000200702 0.00304835 0.0202561 0.0769144 0.182532 0.277237 0.263175 0.142757 0.033879
0.6575 0.000189358 0.0029081 0.0195395 0.0750202 0.180021 0.27647 0.265371 0.145553 0.0349274
0.66 0.000178579 0.00277323 0.0188417 0.07315 0.177496 0.275641 0.267534 0.14838 0.0360041
0.6625 0.000168341 0.00264358 0.0181624 0.0713041 0.174959 0.274751 0.269663 0.151239 0.0371097
0.665 0.00015862 0.00251898 0.0175013 0.0694827 0.172411 0.273798 0.271755 0.15413 0.0382449
0.6675 0.000149394 0.00239929 0.0168582 0.0676862 0.169852 0.272784 0.27381 0.157051 0.0394103
0.67 0.000140641 0.00228435 0.0162327 0.0659147 0.167283 0.271709 0.275826 0.160003 0.0406068
0.6725 0.00013234 0.00217401 0.0156247 0.0641684 0.164707 0.270572 0.277801 0.162985 0.0418349
0.675 0.000124471 0.00206813 0.0150337 0.0624477 0.162124 0.269375 0.279735 0.165997 0.0430953
0.6775 0.000117014 0.00196656 0.0144596 0.0607526 0.159534 0.268117 0.281626 0.169038 0.0443889
0.68 0.000109951 0.00186917 0.013902 0.0590833 0.15694 0.266798 0.283473 0.172109 0.0457163
0.6825 0.000103264 0.00177582 0.0133606 0.05744 0.154342 0.265419 0.285273 0.175207 0.0470784
0.685 9.69359e-05 0.00168638 0.0128352 0.0558229 0.151741 0.263981 0.287027 0.178334 0.0484758
0.6875 9.09495e-05 0.00160071 0.0123255 0.0542321 0.149138 0.262483 0.288732 0.181488 0.0499093
0.69 8.52891e-05 0.0015187 0.0118311 0.0526676 0.146535 0.260927 0.290386 0.18467 0.0513798
0.6925 7.99394e-05 0.00144021 0.0113519 0.0511297 0.143932 0.259312 0.291989 0.187877 0.0528881
0.695 7.48857e-05 0.00136513 0.0108875 0.0496183 0.141331 0.257639 0.293539 0.19111 0.054435
0.6975 7.01137e-05 0.00129334 0.0104376 0.0481335 0.138732 0.255909 0.295035 0.194368 0.0560214
0.7 6.561e-05 0.00122472 0.0100019 0.0466754 0.136137 0.254122 0.296475 0.19765 0.057648
0.7025 6.13615e-05 0.00115916 0.00958015 0.0452441 0.133546 0.252279 0.297858 0.200956 0.0593158
0.705 5.73556e-05 0.00109656 0.00917209 0.0438395 0.130961 0.25038 0.299183 0.204285 0.0610257
0.7075 5.35805e-05 0.00103681 0.00877741 0.0424616 0.128383 0.248426 0.300447 0.207635 0.0627786
0.71 5.00246e-05 0.000979793 0.00839581 0.0411105 0.125812 0.246419 0.301651 0.211007 0.0645754
0.7125 4.6677e-05 0.000925422 0.00802703 0.0397861 0.123251 0.244358 0.302791 0.214399 0.066417
0.715 4.3527e-05 0.000873595 0.00767078 0.0384885 0.120698 0.242244 0.303867 0.21781 0.0683043
0.7175 4.05646e-05 0.000824216 0.00732677 0.0372174 0.118157 0.240078 0.304878 0.221239 0.0702385
0.72 3.77802e-05 0.000777193 0.00699473 0.0359729 0.115627 0.237862 0.305822 0.224686 0.0722204
0.7225 3.51645e-05 0.000732434 0.00667439 0.0347549 0.11311 0.235595 0.306698 0.228149 0.0742511
0.725 3.27086e-05 0.000689853 0.00636547 0.0335634 0.110607 0.233279 0.307504 0.231627 0.0763315
0.7275 3.04041e-05 0.000649364 0.00606769 0.0323981 0.108118 0.230915 0.30824 0.235119 0.0784628
0.73 2.8243e-05 0.000610885 0.00578078 0.031259 0.105644 0.228504 0.308903 0.238624 0.080646
0.7325 2.62174e-05 0.000574333 0.00550448 0.030146 0.103187 0.226046 0.309493 0.24214 0.0828822
0.735 2.43202e-05 0.000539633 0.00523851 0.0290589 0.100747 0.223544 0.310009 0.245667 0.0851724
0.7375 2.25442e-05 0.000506707 0.00498262 0.0279976 0.0983249 0.220997 0.310448 0.249203 0.0875178
0.74 2.08827e-05 0.000475483 0.00473654 0.0269619 0.095922 0.218407 0.31081 0.252747 0.0899195
0.7425 1.93294e-05 0.000445889 0.00450002 0.0259516 0.093539 0.215775 0.311094 0.256296 0.0923787
0.745 1.78781e-05 0.000417857 0.00427279 0.0249665 0.0911767 0.213103 0.311298 0.259851 0.0948965
0.7475 1.65231e-05 0.000391319 0.00405461 0.0240065 0.0888359 0.210391 0.311421 0.263408 0.0974742
0.75 1.52588e-05 0.000366211 0.00384521 0.0230713 0.0865173 0.207642 0.311462 0.266968 0.100113
0.7525 1.408e-05 0.00034247 0.00364437 0.0221607 0.0842219 0.204855 0.311421 0.270527 0.102814
0.755 1.29816e-05 0.000320037 0.00345182 0.0212745 0.0819502 0.202032 0.311295 0.274085 0.105579
0.7575 1.1959e-05 0.000298851 0.00326734 0.0204124 0.0797032 0.199176 0.311084 0.277639 0.108408
0.76 1.10075e-05 0.000278857 0.00309067 0.0195742 0.0774814 0.196286 0.310786 0.281188 0.111303
0.7625 1.0123e-05 0.000260001 0.00292159 0.0187597 0.0752856 0.193365 0.310402 0.28473 0.114266
0.765 9.30128e-06 0.000242229 0.00275987 0.0179685 0.0731165 0.190414 0.309929 0.288262 0.117298
0.7675 8.53854e-06 0.000225491 0.00260527 0.0172004 0.0709747 0.187434 0.309367 0.291784 0.1204
0.77 7.8311e-06 0.000209737 0.00245757 0.0164551 0.0688608 0.184427 0.308715 0.295293 0.123574
0.7725 7.17548e-06 0.000194921 0.00231656 0.0157322 0.0667756 0.181395 0.307972 0.298786 0.12682
0.775 6.56841e-06 0.000180996 0.00218201 0.0150316 0.0647195 0.178338 0.307138 0.302263 0.130141
0.7775 6.00676e-06 0.000167919 0.00205371 0.0143529 0.0626931 0.175259 0.306211 0.305719 0.133537
0.78 5.48759e-06 0.000155648 0.00193145 0.0136957 0.060697 0.172159 0.30519 0.309154 0.137011
0.7825 5.00811e-06 0.000144142 0.00181502 0.0130598 0.0587317 0.169039 0.304076 0.312565 0.140564
0.785 4.5657e-06 0.000133361 0.00170423 0.0124448 0.0567977 0.165902 0.302868 0.315948 0.144197
0.7875 4.15788e-06 0.000123269 0.00159887 0.0118504 0.0548954 0.162749 0.301564 0.319303 0.147912
0.79 3.78229e-06 0.000113829 0.00149875 0.0112763 0.0530254 0.159581 0.300164 0.322626 0.151711
0.7925 3.43673e-06 0.000105006 0.00140367 0.010722 0.0511879 0.156401 0.298669 0.325914 0.155594
0.795 3.11911e-06 9.67685e-05 0.00131346 0.0101873 0.0493835 0.153209 0.297077 0.329165 0.159565
0.7975 2.82748e-06 8.90832e-05 0.00122792 0.00967175 0.0476125 0.150009 0.295388 0.332376 0.163623
0.8 2.56e-06 8.192e-05 0.00114688 0.00917504 0.0458752 0.146801 0.293601 0.335544 0.167772
0.8025 2.31492e-06 7.52497e-05 0.00107016 0.00869678 0.044172 0.143587 0.291717 0.338667 0.172013
0.805 2.09063e-06 6.90444e-05 0.000997602 0.00823661 0.042503 0.140369 0.289736 0.34174 0.176347
0.8075 1.88558e-06 6.32773e-05 0.000929025 0.00779416 0.0408687 0.137149 0.287657 0.344761 0.180776
0.81 1.69836e-06 5.79229e-05 0.00086427 0.00736904 0.0392692 0.133929 0.28548 0.347727 0.185302
0.8125 1.5276e-06 5.29569e-05 0.000803179 0.00696089 0.0377048 0.13071 0.283205 0.350635 0.189927
0.815 1.37206e-06 4.83559e-05 0.000745596 0.00656931 0.0361756 0.127494 0.280832 0.35348 0.194653
0.8175 1.23056e-06 4.40979e-05 0.00069137 0.00619392 0.0346817 0.124284 0.278362 0.35626 0.199481
0.82 1.102e-06 4.01616e-05 0.000640355 0.00583435 0.0332234 0.121081 0.275795 0.358971 0.204414
0.8225 9.85342e-07 3.6527e-05 0.000592407 0.00549019 0.0318006 0.117886 0.27313 0.361609 0.209453
0.825 8.79639e-07 3.31749e-05 0.000547387 0.00516107 0.0304135 0.114702 0.27037 0.364171 0.214601
0.8275 7.83994e-07 3.00872e-05 0.00050516 0.0048466 0.0290621 0.111531 0.267513 0.366653 0.219859
0.83 6.97576e-07 2.72465e-05 0.000465594 0.00454639 0.0277464 0.108374 0.26456 0.36905 0.225229
0.8325 6.1961e-07 2.46364e-05 0.000428564 0.00426005 0.0264664 0.105233 0.261513 0.371359 0.230714
0.835 5.49378e-07 2.22415e-05 0.000393944 0.00398719 0.025222 0.102111 0.258372 0.373576 0.236315
0.8375 4.86213e-07 2.0047e-05 0.000361616 0.00372743 0.0240132 0.0990084 0.255137 0.375696 0.242035
0.84 4.29497e-07 1.80389e-05 0.000331464 0.00348037 0.0228399 0.0959278 0.25181 0.377716 0.247876
0.8425 3.78656e-07 1.62041e-05 0.000303376 0.00324564 0.021702 0.0928708 0.248393 0.379629 0.25384
0.845 3.33161e-07 1.45301e-05 0.000277244 0.00302285 0.0205993 0.0898394 0.244885 0.381433 0.259928
0.8475 2.92522e-07 1.30052e-05 0.000252963 0.00281162 0.0195315 0.0868353 0.241288 0.383123 0.266145
0.85 2.56289e-07 1.16184e-05 0.000230432 0.00261157 0.0184986 0.0838603 0.237604 0.384693 0.272491
0.8525 2.24045e-07 1.03593e-05 0.000209555 0.00242232 0.0175002 0.0809163 0.233834 0.386138 0.278968
0.855 1.95409e-07 9.2179e-06 0.000190238 0.0022435 0.0165362 0.078005 0.22998 0.387455 0.285581
0.8575 1.70027e-07 8.18518e-06 0.000172391 0.00207475 0.0156061 0.0751282 0.226044 0.388637 0.29233
0.86 1.47579e-07 7.25245e-06 0.000155928 0.00191568 0.0147097 0.0722877 0.222026 0.389679 0.299218
0.8625 1.27768e-07 6.41162e-06 0.000140764 0.00176595 0.0138467 0.0694851 0.217931 0.390577 0.306248
0.865 1.10324e-07 5.65513e-06 0.000126821 0.00162519 0.0130166 0.0667221 0.213758 0.391324 0.313422
0.8675 9.50007e-08 4.97589e-06 0.000114023 0.00149306 0.0122191 0.0640005 0.209511 0.391915 0.320742
0.87 8.15731e-08 4.3673e-06 0.000102296 0.00136919 0.0114538 0.0613217 0.205192 0.392345 0.328212
0.8725 6.98363e-08 3.8232e-06 9.15693e-05 0.00125324 0.0107201 0.0586875 0.200803 0.392607 0.335833
0.875 5.96046e-08 3.33786e-06 8.17776e-05 0.00114489 0.0100178 0.0560994 0.196348 0.392696 0.343609
0.8775 5.07094e-08 2.90596e-06 7.28566e-05 0.00104378 0.00934611 0.0535589 0.191828 0.392605 0.351542
0.88 4.29982e-08 2.52256e-06 6.47457e-05 0.000949603 0.0087047 0.0510676 0.187248 0.392329 0.359635
0.8825 3.63331e-08 2.18308e-06 5.73872e-05 0.000862028 0.00809298 0.0486267 0.182609 0.39186 0.36789
0.885 3.05902e-08 1.88329e-06 5.07261e-05 0.000780741 0.00751039 0.0462379 0.177915 0.391193 0.37631
0.8875 2.56578e-08 1.6193e-06 4.47105e-05 0.000705433 0.00695635 0.0439023 0.17317 0.39032 0.384899
0.89 2.14359e-08 1.38749e-06 3.92911e-05 0.000635801 0.00643026 0.0416213 0.168377 0.389236 0.393659
0.8925 1.78348e-08 1.18456e-06 3.44211e-05 0.000571551 0.0059315 0.0393962 0.16354 0.387932 0.402593
0.895 1.47746e-08 1.00748e-06 3.00566e-05 0.000512394 0.00545943 0.0372281 0.158663 0.386403 0.411703
0.8975 1.2184e-08 8.53476e-07 2.61559e-05 0.000458048 0.00501339 0.0351182 0.153749 0.384641 0.420994
0.9 1e-08 7.2e-07 2.268e-05 0.00040824 0.0045927 0.0330674 0.148803 0.382638 0.430467
0.9025 8.16652e-09 6.04741e-07 1.95921e-05 0.000362704 0.00419668 0.0310769 0.14383 0.380386 0.440127
0.905 6.6342e-09 5.05596e-07 1.68576e-05 0.000321182 0.00382461 0.0291475 0.138834 0.37788 0.449975
0.9075 5.35962e-09 4.20658e-07 1.44445e-05 0.000283424 0.00347577 0.0272801 0.13382 0.37511 0.460016
0.91 4.30467e-09 3.482e-07 1.23224e-05 0.000249187 0.00314944 0.0254755 0.128793 0.372068 0.470253
0.9125 3.43609e-09 2.86668e-07 1.04634e-05 0.000218236 0.00284487 0.0237343 0.123757 0.368747 0.480688
0.915 2.72491e-09 2.34662e-07 8.84125e-06 0.000190347 0.00256129 0.0220572 0.11872 0.365138 0.491325
0.9175 2.14601e-09 1.9093e-07 7.4318e-06 0.000165301 0.00229794 0.0204447 0.113685 0.361232 0.502167
0.92 1.67772e-09 1.5435e-07 6.2126e-06 0.00014289 0.00205404 0.0188972 0.108659 0.357022 0.513219
0.9225 1.30141e-09 1.23928e-07 5.16299e-06 0.000122912 0.00182882 0.0174151 0.103648 0.352498 0.524482
0.925 1.00113e-09 9.87781e-08 4.26392e-06 0.000105177 0.00162147 0.0159985 0.0986577 0.347651 0.535962
0.9275 7.63315e-10 7.81214e-08 3.49795e-06 8.94993e-05 0.00143122 0.0146478 0.0936952 0.342472 0.54766
0.93 5.7648e-10 6.12716e-08 2.84913e-06 7.57054e-05 0.00125725 0.0133628 0.0887671 0.336952 0.559582
0.9325 4.30953e-10 4.76283e-08 2.30292e-06 6.36288e-05 0.00109877 0.0121435 0.08388 0.331082 0.57173
0.935 3.18645e-10 3.66687e-08 1.84613e-06 5.31116e-05 0.000954988 0.0109897 0.0790414 0.324851 0.584108
0.9375 2.32831e-10 2.79397e-08 1.46683e-06 4.4005e-05 0.000825094 0.00990112 0.0742584 0.31825 0.596719
0.94 1.67962e-10 2.10512e-08 1.15431e-06 3.61683e-05 0.000708295 0.0088773 0.0695389 0.311269 0.609569
0.9425 1.19493e-10 1.56692e-08 8.98934e-07 2.94694e-05 0.000603802 0.00791769 0.0648906 0.303898 0.62266
0.945 8.37339e-11 1.15096e-08 6.92146e-07 2.37847e-05 0.00051083 0.00702158 0.0603218 0.296125 0.635996
0.9475 5.77131e-11 8.33267e-09 5.26347e-07 1.89986e-05 0.0004286 0.00618817 0.0558408 0.287941 0.649582
0.95 3.90625e-11 5.9375e-09 3.94844e-07 1.50041e-05 0.000356346 0.00541647 0.0514564 0.279335 0.66342
0.9525 2.59149e-11 4.15729e-09 2.91776e-07 1.17018e-05 0.000293314 0.00470537 0.0471775 0.270295 0.677516
0.955 1.68151e-11 2.85483e-09 2.12051e-07 9.00038e-06 0.00023876 0.00405361 0.0430134 0.260811 0.691874
0.9575 1.06442e-11 1.91845e-09 1.51276e-07 6.81631e-06 0.000191959 0.00345978 0.0389734 0.250871 0.706497
0.96 6.5536e-12 1.25829e-09 1.05696e-07 5.07343e-06 0.000152203 0.0029223 0.0350675 0.240463 0.72139
0.9625 3.91066e-12 8.02989e-10 7.21352e-08 3.70294e-06 0.000118803 0.00243941 0.0313058 0.229576 0.736556
0.965 2.25188e-12 4.96699e-10 4.79315e-08 2.64308e-06 9.10918e-05 0.00200923 0.0276986 0.218197 0.752001
0.9675 1.24471e-12 2.96432e-10 3.08859e-08 1.8389e-06 6.84282e-05 0.00162964 0.0242566 0.206315 0.767729
0.97 6.561e-13 1.69711e-10 1.92057e-08 1.24197e-06 5.01961e-05 0.00129841 0.0209909 0.193916 0.783743
0.9725 3.27086e-13 9.25355e-11 1.14534e-08 8.10066e-07 3.58086e-05 0.00101306 0.0179127 0.180988 0.80005
0.975 1.52588e-13 4.76074e-11 6.49841e-09 5.06876e-07 2.47102e-05 0.000770959 0.0150337 0.167518 0.816652
0.9775 6.56841e-14 2.28289e-11 3.47126e-09 3.01614e-07 1.63793e-05 0.000569271 0.0123658 0.153493 0.833555
0.98 2.56e-14 1.00352e-11 1.72104e-09 1.68662e-07 1.03305e-05 0.000404957 0.00992143 0.1389 0.850763
0.9825 8.79639e-15 3.95083e-12 7.76339e-10 8.71718e-08 6.11759e-06 0.000274767 0.00771311 0.123725 0.868281
0.985 2.56289e-15 1.34637e-12 3.09441e-10 4.06399e-08 3.33586e-06 0.000175244 0.00575384 0.107953 0.886115
0.9875 5.96046e-16 3.76701e-13 1.04158e-10 1.6457e-08 1.62512e-06 0.000102708 0.00405696 0.0915714 0.904267
0.99 1e-16 7.92e-14 2.74428e-11 5.43367e-09 6.72417e-07 5.32554e-05 0.00263614 0.0745652 0.922745
0.9925 1.00113e-17 1.05986e-14 4.90893e-12 1.29923e-09 2.14914e-07 2.27523e-05 0.00150544 0.05692 0.941552
0.995 3.90625e-19 6.21875e-16 4.33136e-13 1.72388e-10 4.28815e-08 6.82674e-06 0.000679261 0.0386208 0.960693
0.9975 1.52588e-21 4.87061e-18 6.8018e-15 5.42784e-12 2.70713e-09 8.64117e-07 0.000172391 0.0196526 0.980174
1 0 0 0 0 0 0 0 0 1
