x h0 h1 h2
0 1 0 0
0.0025 0.995006 0.0049875 6.25e-06
0.005 0.990025 0.00995 2.5e-05
0.0075 0.985056 0.0148875 5.625e-05
0.01 0.9801 0.0198 0.0001
0.0125 0.975156 0.0246875 0.00015625
0.015 0.970225 0.02955 0.000225
0.0175 0.965306 0.0343875 0.00030625
0.02 0.9604 0.0392 0.0004
0.0225 0.955506 0.0439875 0.00050625
0.025 0.950625 0.04875 0.000625
0.0275 0.945756 0.0534875 0.00075625
0.03 0.9409 0.0582 0.0009
0.0325 0.936056 0.0628875 0.00105625
0.035 0.931225 0.06755 0.001225
0.0375 0.926406 0.0721875 0.00140625
0.04 0.9216 0.0768 0.0016
0.0425 0.916806 0.0813875 0.00180625
0.045 0.912025 0.08595 0.002025
0.0475 0.907256 0.0904875 0.00225625
0.05 0.9025 0.095 0.0025
0.0525 0.897756 0.0994875 0.00275625
0.055 0.893025 0.10395 0.003025
0.0575 0.888306 0.108387 0.00330625
0.06 0.8836 0.1128 0.0036
0.0625 0.878906 0.117187 0.00390625
0.065 0.874225 0.12155 0.004225
0.0675 0.869556 0.125887 0.00455625
0.07 0.8649 0.1302 0.0049
0.0725 0.860256 0.134487 0.00525625
0.075 0.855625 0.13875 0.005625
0.0775 0.851006 0.142987 0.00600625
0.08 0.8464 0.1472 0.0064
0.0825 0.841806 0.151387 0.00680625
0.085 0.837225 0.15555 0.007225
0.0875 0.832656 0.159687 0.00765625
0.09 0.8281 0.1638 0.0081
0.0925 0.823556 0.167887 0.00855625
0.095 0.819025 0.17195 0.009025
0.0975 0.814506 0.175987 0.00950625
0.1 0.81 0.18 0.01
0.1025 0.805506 0.183987 0.0105062
0.105 0.801025 0.18795 0.011025
0.1075 0.796556 0.191887 0.0115562
0.11 0.7921 0.1958 0.0121
0.1125 0.787656 0.199687 0.0126563
0.115 0.783225 0.20355 0.013225
0.1175 0.778806 0.207387 0.0138063
0.12 0.7744 0.2112 0.0144
0.1225 0.770006 0.214987 0.0150063
0.125 0.765625 0.21875 0.015625
0.1275 0.761256 0.222488 0.0162563
0.13 0.7569 0.2262 0.0169
0.1325 0.752556 0.229887 0.0175562
0.135 0.748225 0.23355 0.018225
0.1375 0.743906 0.237187 0.0189063
0.14 0.7396 0.2408 0.0196
0.1425 0.735306 0.244387 0.0203063
0.145 0.731025 0.24795 0.021025
0.1475 0.726756 0.251487 0.0217562
0.15 0.7225 0.255 0.0225
0.1525 0.718256 0.258487 0.0232562
0.155 0.714025 0.26195 0.024025
0.1575 0.709806 0.265387 0.0248062
0.16 0.7056 0.2688 0.0256
0.1625 0.701406 0.272187 0.0264062
0.165 0.697225 0.27555 0.027225
0.1675 0.693056 0.278888 0.0280563
0.17 0.6889 0.2822 0.0289
0.1725 0.684756 0.285487 0.0297563
0.175 0.680625 0.28875 0.030625
0.1775 0.676506 0.291987 0.0315062
0.18 0.6724 0.2952 0.0324
0.1825 0.668306 0.298387 0.0333062
0.185 0.664225 0.30155 0.034225
0.1875 0.660156 0.304687 0.0351562
0.19 0.6561 0.3078 0.0361
0.1925 0.652056 0.310887 0.0370563
0.195 0.648025 0.31395 0.038025
0.1975 0.644006 0.316987 0.0390063
0.2 0.64 0.32 0.04
0.2025 0.636006 0.322987 0.0410063
0.205 0.632025 0.32595 0.042025
0.2075 0.628056 0.328887 0.0430563
0.21 0.6241 0.3318 0.0441
0.2125 0.620156 0.334687 0.0451563
0.215 0.616225 0.33755 0.046225
0.2175 0.612306 0.340387 0.0473063
0.22 0.6084 0.3432 0.0484
0.2225 0.604506 0.345987 0.0495063
0.225 0.600625 0.34875 0.050625
0.2275 0.596756 0.351487 0.0517562
0.23 0.5929 0.3542 0.0529
0.2325 0.589056 0.356887 0.0540562
0.235 0.585225 0.35955 0.055225
0.2375 0.581406 0.362187 0.0564062
0.24 0.5776 0.3648 0.0576
0.2425 0.573806 0.367387 0.0588063
0.245 0.570025 0.36995 0.060025
0.2475 0.566256 0.372487 0.0612562
0.25 0.5625 0.375 0.0625
0.2525 0.558756 0.377487 0.0637563
0.255 0.555025 0.37995 0.065025
0.2575 0.551306 0.382387 0.0663062
0.26 0.5476 0.3848 0.0676
0.2625 0.543906 0.387187 0.0689063
0.265 0.540225 0.38955 0.070225
0.2675 0.536556 0.391887 0.0715563
0.27 0.5329 0.3942 0.0729
0.2725 0.529256 0.396487 0.0742563
0.275 0.525625 0.39875 0.075625
0.2775 0.522006 0.400987 0.0770063
0.28 0.5184 0.4032 0.0784
0.2825 0.514806 0.405387 0.0798063
0.285 0.511225 0.40755 0.081225
0.2875 0.507656 0.409687 0.0826563
0.29 0.5041 0.4118 0.0841
0.2925 0.500556 0.413887 0.0855563
0.295 0.497025 0.41595 0.087025
0.2975 0.493506 0.417987 0.0885062
0.3 0.49 0.42 0.09
0.3025 0.486506 0.421987 0.0915062
0.305 0.483025 0.42395 0.093025
0.3075 0.479556 0.425887 0.0945563
0.31 0.4761 0.4278 0.0961
0.3125 0.472656 0.429687 0.0976562
0.315 0.469225 0.43155 0.099225
0.3175 0.465806 0.433387 0.100806
0.32 0.4624 0.4352 0.1024
0.3225 0.459006 0.436987 0.104006
0.325 0.455625 0.43875 0.105625
0.3275 0.452256 0.440487 0.107256
0.33 0.4489 0.4422 0.1089
0.3325 0.445556 0.443887 0.110556
0.335 0.442225 0.44555 0.112225
0.3375 0.438906 0.447187 0.113906
0.34 0.4356 0.4488 0.1156
0.3425 0.432306 0.450387 0.117306
0.345 0.429025 0.45195 0.119025
0.3475 0.425756 0.453487 0.120756
0.35 0.4225 0.455 0.1225
0.3525 0.419256 0.456487 0.124256
0.355 0.416025 0.45795 0.126025
0.3575 0.412806 0.459387 0.127806
0.36 0.4096 0.4608 0.1296
0.3625 0.406406 0.462187 0.131406
0.365 0.403225 0.46355 0.133225
0.3675 0.400056 0.464887 0.135056
0.37 0.3969 0.4662 0.1369
0.3725 0.393756 0.467487 0.138756
0.375 0.390625 0.46875 0.140625
0.3775 0.387506 0.469987 0.142506
0.38 0.3844 0.4712 0.1444
0.3825 0.381306 0.472387 0.146306
0.385 0.378225 0.47355 0.148225
0.3875 0.375156 0.474687 0.150156
0.39 0.3721 0.4758 0.1521
0.3925 0.369056 0.476887 0.154056
0.395 0.366025 0.47795 0.156025
0.3975 0.363006 0.478987 0.158006
0.4 0.36 0.48 0.16
0.4025 0.357006 0.480987 0.162006
0.405 0.354025 0.48195 0.164025
0.4075 0.351056 0.482887 0.166056
0.41 0.3481 0.4838 0.1681
0.4125 0.345156 0.484687 0.170156
0.415 0.342225 0.48555 0.172225
0.4175 0.339306 0.486387 0.174306
0.42 0.3364 0.4872 0.1764
0.4225 0.333506 0.487987 0.178506
0.425 0.330625 0.48875 0.180625
0.4275 0.327756 0.489487 0.182756
0.43 0.3249 0.4902 0.1849
0.4325 0.322056 0.490887 0.187056
0.435 0.319225 0.49155 0.189225
0.4375 0.316406 0.492187 0.191406
0.44 0.3136 0.4928 0.1936
0.4425 0.310806 0.493387 0.195806
0.445 0.308025 0.49395 0.198025
0.4475 0.305256 0.494487 0.200256
0.45 0.3025 0.495 0.2025
0.4525 0.299756 0.495487 0.204756
0.455 0.297025 0.49595 0.207025
0.4575 0.294306 0.496387 0.209306
0.46 0.2916 0.4968 0.2116
0.4625 0.288906 0.497187 0.213906
0.465 0.286225 0.49755 0.216225
0.4675 0.283556 0.497887 0.218556
0.47 0.2809 0.4982 0.2209
0.4725 0.278256 0.498487 0.223256
0.475 0.275625 0.49875 0.225625
0.4775 0.273006 0.498987 0.228006
0.48 0.2704 0.4992 0.2304
0.4825 0.267806 0.499387 0.232806
0.485 0.265225 0.49955 0.235225
0.4875 0.262656 0.499687 0.237656
0.49 0.2601 0.4998 0.2401
0.4925 0.257556 0.499887 0.242556
0.495 0.255025 0.49995 0.245025
0.4975 0.252506 0.499987 0.247506
0.5 0.25 0.5 0.25
0.5025 0.247506 0.499987 0.252506
0.505 0.245025 0.49995 0.255025
0.5075 0.242556 0.499887 0.257556
0.51 0.2401 0.4998 0.2601
0.5125 0.237656 0.499687 0.262656
0.515 0.235225 0.49955 0.265225
0.5175 0.232806 0.499387 0.267806
0.52 0.2304 0.4992 0.2704
0.5225 0.228006 0.498987 0.273006
0.525 0.225625 0.49875 0.275625
0.5275 0.223256 0.498487 0.278256
0.53 0.2209 0.4982 0.2809
0.5325 0.218556 0.497887 0.283556
0.535 0.216225 0.49755 0.286225
0.5375 0.213906 0.497187 0.288906
0.54 0.2116 0.4968 0.2916
0.5425 0.209306 0.496387 0.294306
0.545 0.207025 0.49595 0.297025
0.5475 0.204756 0.495487 0.299756
0.55 0.2025 0.495 0.3025
0.5525 0.200256 0.494487 0.305256
0.555 0.198025 0.49395 0.308025
0.5575 0.195806 0.493387 0.310806
0.56 0.1936 0.4928 0.3136
0.5625 0.191406 0.492187 0.316406
0.565 0.189225 0.49155 0.319225
0.5675 0.187056 0.490887 0.322056
0.57 0.1849 0.4902 0.3249
0.5725 0.182756 0.489487 0.327756
0.575 0.180625 0.48875 0.330625
0.5775 0.178506 0.487987 0.333506
0.58 0.1764 0.4872 0.3364
0.5825 0.174306 0.486387 0.339306
0.585 0.172225 0.48555 0.342225
0.5875 0.170156 0.484687 0.345156
0.59 0.1681 0.4838 0.3481
0.5925 0.166056 0.482887 0.351056
0.595 0.164025 0.48195 0.354025
0.5975 0.162006 0.480987 0.357006
0.6 0.16 0.48 0.36
0.6025 0.158006 0.478987 0.363006
0.605 0.156025 0.47795 0.366025
0.6075 0.154056 0.476887 0.369056
0.61 0.1521 0.4758 0.3721
0.6125 0.150156 0.474687 0.375156
0.615 0.148225 0.47355 0.378225
0.6175 0.146306 0.472387 0.381306
0.62 0.1444 0.4712 0.3844
0.6225 0.142506 0.469987 0.387506
0.625 0.140625 0.46875 0.390625
0.6275 0.138756 0.467487 0.393756
0.63 0.1369 0.4662 0.3969
0.6325 0.135056 0.464887 0.400056
0.635 0.133225 0.46355 0.403225
0.6375 0.131406 0.462187 0.406406
0.64 0.1296 0.4608 0.4096
0.6425 0.127806 0.459387 0.412806
0.645 0.126025 0.45795 0.416025
0.6475 0.124256 0.456487 0.419256
0.65 0.1225 0.455 0.4225
0.6525 0.120756 0.453487 0.425756
0.655 0.119025 0.45195 0.429025
0.6575 0.117306 0.450387 0.432306
0.66 0.1156 0.4488 0.4356
0.6625 0.113906 0.447187 0.438906
0.665 0.112225 0.44555 0.442225
0.6675 0.110556 0.443887 0.445556
0.67 0.1089 0.4422 0.4489
0.6725 0.107256 0.440487 0.452256
0.675 0.105625 0.43875 0.455625
0.6775 0.104006 0.436987 0.459006
0.68 0.1024 0.4352 0.4624
0.6825 0.100806 0.433387 0.465806
0.685 0.099225 0.43155 0.469225
0.6875 0.0976562 0.429687 0.472656
0.69 0.0961 0.4278 0.4761
0.6925 0.0945563 0.425887 0.479556
0.695 0.093025 0.42395 0.483025
0.6975 0.0915062 0.421987 0.486506
0.7 0.09 0.42 0.49
0.7025 0.0885062 0.417987 0.493506
0.705 0.087025 0.41595 0.497025
0.7075 0.0855563 0.413887 0.500556
0.71 0.0841 0.4118 0.5041
0.7125 0.0826562 0.409687 0.507656
0.715 0.081225 0.40755 0.511225
0.7175 0.0798062 0.405387 0.514806
0.72 0.0784 0.4032 0.5184
0.7225 0.0770062 0.400987 0.522006
0.725 0.075625 0.39875 0.525625
0.7275 0.0742562 0.396487 0.529256
0.73 0.0729 0.3942 0.5329
0.7325 0.0715562 0.391887 0.536556
0.735 0.070225 0.38955 0.540225
0.7375 0.0689062 0.387187 0.543906
0.74 0.0676 0.3848 0.5476
0.7425 0.0663062 0.382387 0.551306
0.745 0.065025 0.37995 0.555025
0.7475 0.0637562 0.377487 0.558756
0.75 0.0625 0.375 0.5625
0.7525 0.0612562 0.372487 0.566256
0.755 0.060025 0.36995 0.570025
0.7575 0.0588062 0.367387 0.573806
0.76 0.0576 0.3648 0.5776
0.7625 0.0564062 0.362187 0.581406
0.765 0.055225 0.35955 0.585225
0.7675 0.0540562 0.356887 0.589056
0.77 0.0529 0.3542 0.5929
0.7725 0.0517563 0.351487 0.596756
0.775 0.050625 0.34875 0.600625
0.7775 0.0495063 0.345987 0.604506
0.78 0.0484 0.3432 0.6084
0.7825 0.0473063 0.340387 0.612306
0.785 0.046225 0.33755 0.616225
0.7875 0.0451563 0.334687 0.620156
0.79 0.0441 0.3318 0.6241
0.7925 0.0430563 0.328887 0.628056
0.795 0.042025 0.32595 0.632025
0.7975 0.0410063 0.322987 0.636006
0.8 0.04 0.32 0.64
0.8025 0.0390063 0.316987 0.644006
0.805 0.038025 0.31395 0.648025
0.8075 0.0370563 0.310887 0.652056
0.81 0.0361 0.3078 0.6561
0.8125 0.0351562 0.304687 0.660156
0.815 0.034225 0.30155 0.664225
0.8175 0.0333062 0.298387 0.668306
0.82 0.0324 0.2952 0.6724
0.8225 0.0315062 0.291987 0.676506
0.825 0.030625 0.28875 0.680625
0.8275 0.0297562 0.285487 0.684756
0.83 0.0289 0.2822 0.6889
0.8325 0.0280562 0.278887 0.693056
0.835 0.027225 0.27555 0.697225
0.8375 0.0264062 0.272187 0.701406
0.84 0.0256 0.2688 0.7056
0.8425 0.0248062 0.265387 0.709806
0.845 0.024025 0.26195 0.714025
0.8475 0.0232562 0.258487 0.718256
0.85 0.0225 0.255 0.7225
0.8525 0.0217562 0.251487 0.726756
0.855 0.021025 0.24795 0.731025
0.8575 0.0203062 0.244387 0.735306
0.86 0.0196 0.2408 0.7396
0.8625 0.0189062 0.237187 0.743906
0.865 0.018225 0.23355 0.748225
0.8675 0.0175562 0.229887 0.752556
0.87 0.0169 0.2262 0.7569
0.8725 0.0162562 0.222487 0.761256
0.875 0.015625 0.21875 0.765625
0.8775 0.0150062 0.214987 0.770006
0.88 0.0144 0.2112 0.7744
0.8825 0.0138062 0.207387 0.778806
0.885 0.013225 0.20355 0.783225
0.8875 0.0126562 0.199687 0.787656
0.89 0.0121 0.1958 0.7921
0.8925 0.0115562 0.191887 0.796556
0.895 0.011025 0.18795 0.801025
0.8975 0.0105063 0.183988 0.805506
0.9 0.01 0.18 0.81
0.9025 0.00950625 0.175987 0.814506
0.905 0.009025 0.17195 0.819025
0.9075 0.00855625 0.167887 0.823556
0.91 0.0081 0.1638 0.8281
0.9125 0.00765625 0.159687 0.832656
0.915 0.007225 0.15555 0.837225
0.9175 0.00680625 0.151387 0.841806
0.92 0.0064 0.1472 0.8464
0.9225 0.00600625 0.142987 0.851006
0.925 0.005625 0.13875 0.855625
0.9275 0.00525625 0.134487 0.860256
0.93 0.0049 0.1302 0.8649
0.9325 0.00455625 0.125887 0.869556
0.935 0.004225 0.12155 0.874225
0.9375 0.00390625 0.117187 0.878906
0.94 0.0036 0.1128 0.8836
0.9425 0.00330625 0.108387 0.888306
0.945 0.003025 0.10395 0.893025
0.9475 0.00275625 0.0994875 0.897756
0.95 0.0025 0.095 0.9025
0.9525 0.00225625 0.0904875 0.907256
0.955 0.002025 0.08595 0.912025
0.9575 0.00180625 0.0813875 0.916806
0.96 0.0016 0.0768 0.9216
0.9625 0.00140625 0.0721875 0.926406
0.965 0.001225 0.06755 0.931225
0.9675 0.00105625 0.0628875 0.936056
0.97 0.0009 0.0582 0.9409
0.9725 0.00075625 0.0534875 0.945756
0.975 0.000625 0.04875 0.950625
0.9775 0.00050625 0.0439875 0.955506
0.98 0.0004 0.0392 0.9604
0.9825 0.00030625 0.0343875 0.965306
0.985 0.000225 0.02955 0.970225
0.9875 0.00015625 0.0246875 0.975156
0.99 0.0001 0.0198 0.9801
0.9925 5.625e-05 0.0148875 0.985056
0.995 2.5e-05 0.00995 0.990025
0.9975 6.25e-06 0.0049875 0.995006
1 0 0 1
