x k1 k2 prod
0 0.135335 0.011109 0.00150344
0.0025 0.139903 0.0116769 0.00163364
0.005 0.144585 0.0122705 0.00177413
0.0075 0.149382 0.0128907 0.00192563
0.01 0.154295 0.0135384 0.00208891
0.0125 0.159326 0.0142148 0.00226478
0.015 0.164474 0.0149208 0.00245409
0.0175 0.169743 0.0156575 0.00265774
0.02 0.175131 0.016426 0.0028767
0.0225 0.18064 0.0172275 0.00311197
0.025 0.18627 0.018063 0.00336461
0.0275 0.192023 0.0189338 0.00363573
0.03 0.197899 0.0198411 0.00392653
0.0325 0.203897 0.0207861 0.00423822
0.035 0.210019 0.02177 0.00457212
0.0375 0.216265 0.0227942 0.00492959
0.04 0.222635 0.0238599 0.00531205
0.0425 0.229129 0.0249685 0.005721
0.045 0.235746 0.0261214 0.00615802
0.0475 0.242487 0.0273199 0.00662474
0.05 0.249352 0.0285655 0.00712287
0.0525 0.25634 0.0298596 0.00765421
0.055 0.263451 0.0312036 0.00822061
0.0575 0.270683 0.032599 0.00882402
0.06 0.278037 0.0340475 0.00946646
0.0625 0.285512 0.0355503 0.01015
0.065 0.293106 0.0371093 0.0108769
0.0675 0.300818 0.0387258 0.0116494
0.07 0.308647 0.0404015 0.0124698
0.0725 0.316593 0.042138 0.0133406
0.075 0.324652 0.0439369 0.0142642
0.0775 0.332825 0.0458 0.0152434
0.08 0.341108 0.0477287 0.0162807
0.0825 0.349501 0.0497249 0.0173789
0.085 0.358 0.0517901 0.0185409
0.0875 0.366604 0.0539262 0.0197696
0.09 0.375311 0.0561348 0.021068
0.0925 0.384118 0.0584176 0.0224392
0.095 0.393022 0.0607763 0.0238864
0.0975 0.402021 0.0632127 0.0254129
0.1 0.411112 0.0657285 0.0270218
0.1025 0.420292 0.0683255 0.0287167
0.105 0.429557 0.0710054 0.0305009
0.1075 0.438905 0.0737698 0.0323779
0.11 0.448332 0.0766206 0.0343514
0.1125 0.457833 0.0795595 0.036425
0.115 0.467407 0.0825882 0.0386023
0.1175 0.477048 0.0857083 0.0408869
0.12 0.486752 0.0889216 0.0432828
0.1225 0.496516 0.0922298 0.0457936
0.125 0.506336 0.0956344 0.0484231
0.1275 0.516206 0.0991373 0.0511752
0.13 0.526122 0.10274 0.0540537
0.1325 0.53608 0.106444 0.0570623
0.135 0.546074 0.110251 0.060205
0.1375 0.556101 0.114162 0.0634855
0.14 0.566154 0.118179 0.0669075
0.1425 0.576229 0.122303 0.0704748
0.145 0.58632 0.126537 0.0741911
0.1475 0.596423 0.13088 0.07806
0.15 0.606531 0.135335 0.082085
0.1525 0.616639 0.139903 0.0862696
0.155 0.626741 0.144585 0.0906172
0.1575 0.636832 0.149382 0.095131
0.16 0.646905 0.154295 0.0998142
0.1625 0.656956 0.159326 0.10467
0.165 0.666977 0.164474 0.109701
0.1675 0.676963 0.169743 0.114909
0.17 0.686908 0.175131 0.120299
0.1725 0.696805 0.18064 0.125871
0.175 0.706648 0.18627 0.131628
0.1775 0.716432 0.192023 0.137572
0.18 0.726149 0.197899 0.143704
0.1825 0.735794 0.203897 0.150026
0.185 0.745359 0.210019 0.15654
0.1875 0.75484 0.216265 0.163246
0.19 0.764228 0.222635 0.170144
0.1925 0.773519 0.229129 0.177235
0.195 0.782705 0.235746 0.18452
0.1975 0.79178 0.242487 0.191997
0.2 0.800737 0.249352 0.199666
0.2025 0.809572 0.25634 0.207526
0.205 0.818276 0.263451 0.215575
0.2075 0.826844 0.270683 0.223813
0.21 0.83527 0.278037 0.232236
0.2125 0.843548 0.285512 0.240843
0.215 0.851671 0.293106 0.249629
0.2175 0.859633 0.300818 0.258593
0.22 0.867428 0.308647 0.26773
0.2225 0.875052 0.316593 0.277035
0.225 0.882497 0.324652 0.286505
0.2275 0.889758 0.332825 0.296134
0.23 0.89683 0.341108 0.305916
0.2325 0.903707 0.349501 0.315846
0.235 0.910384 0.358 0.325917
0.2375 0.916855 0.366604 0.336123
0.24 0.923116 0.375311 0.346456
0.2425 0.929162 0.384118 0.356908
0.245 0.934987 0.393022 0.367471
0.2475 0.940588 0.402021 0.378137
0.25 0.945959 0.411112 0.388896
0.2525 0.951097 0.420292 0.399739
0.255 0.955997 0.429557 0.410656
0.2575 0.960656 0.438905 0.421637
0.26 0.965069 0.448332 0.432671
0.2625 0.969233 0.457833 0.443747
0.265 0.973145 0.467407 0.454854
0.2675 0.976801 0.477048 0.465981
0.27 0.980199 0.486752 0.477114
0.2725 0.983335 0.496516 0.488242
0.275 0.986207 0.506336 0.499352
0.2775 0.988813 0.516206 0.510431
0.28 0.991151 0.526122 0.521466
0.2825 0.993218 0.53608 0.532444
0.285 0.995012 0.546074 0.543351
0.2875 0.996534 0.556101 0.554173
0.29 0.99778 0.566154 0.564897
0.2925 0.998751 0.576229 0.575509
0.295 0.999445 0.58632 0.585995
0.2975 0.999861 0.596423 0.59634
0.3 1 0.606531 0.606531
0.3025 0.999861 0.616639 0.616553
0.305 0.999445 0.626741 0.626393
0.3075 0.998751 0.636832 0.636036
0.31 0.99778 0.646905 0.645469
0.3125 0.996534 0.656956 0.654678
0.315 0.995012 0.666977 0.66365
0.3175 0.993218 0.676963 0.672371
0.32 0.991151 0.686908 0.680829
0.3225 0.988813 0.696805 0.68901
0.325 0.986207 0.706648 0.696902
0.3275 0.983335 0.716432 0.704492
0.33 0.980199 0.726149 0.71177
0.3325 0.976801 0.735794 0.718724
0.335 0.973145 0.745359 0.725343
0.3375 0.969233 0.75484 0.731616
0.34 0.965069 0.764228 0.737533
0.3425 0.960656 0.773519 0.743085
0.345 0.955997 0.782705 0.748264
0.3475 0.951097 0.79178 0.753059
0.35 0.945959 0.800737 0.757465
0.3525 0.940588 0.809572 0.761473
0.355 0.934987 0.818276 0.765078
0.3575 0.929162 0.826844 0.768272
0.36 0.923116 0.83527 0.771052
0.3625 0.916855 0.843548 0.773411
0.365 0.910384 0.851671 0.775347
0.3675 0.903707 0.859633 0.776856
0.37 0.89683 0.867428 0.777936
0.3725 0.889758 0.875052 0.778584
0.375 0.882497 0.882497 0.778801
0.3775 0.875052 0.889758 0.778584
0.38 0.867428 0.89683 0.777936
0.3825 0.859633 0.903707 0.776856
0.385 0.851671 0.910384 0.775347
0.3875 0.843548 0.916855 0.773411
0.39 0.83527 0.923116 0.771052
0.3925 0.826844 0.929162 0.768272
0.395 0.818276 0.934987 0.765078
0.3975 0.809572 0.940588 0.761473
0.4 0.800737 0.945959 0.757465
0.4025 0.79178 0.951097 0.753059
0.405 0.782705 0.955997 0.748264
0.4075 0.773519 0.960656 0.743085
0.41 0.764228 0.965069 0.737533
0.4125 0.75484 0.969233 0.731616
0.415 0.745359 0.973145 0.725343
0.4175 0.735794 0.976801 0.718724
0.42 0.726149 0.980199 0.71177
0.4225 0.716432 0.983335 0.704492
0.425 0.706648 0.986207 0.696902
0.4275 0.696805 0.988813 0.68901
0.43 0.686908 0.991151 0.680829
0.4325 0.676963 0.993218 0.672371
0.435 0.666977 0.995012 0.66365
0.4375 0.656956 0.996534 0.654678
0.44 0.646905 0.99778 0.645469
0.4425 0.636832 0.998751 0.636036
0.445 0.626741 0.999445 0.626393
0.4475 0.616639 0.999861 0.616553
0.45 0.606531 1 0.606531
0.4525 0.596423 0.999861 0.59634
0.455 0.58632 0.999445 0.585995
0.4575 0.576229 0.998751 0.575509
0.46 0.566154 0.99778 0.564897
0.4625 0.556101 0.996534 0.554173
0.465 0.546074 0.995012 0.543351
0.4675 0.53608 0.993218 0.532444
0.47 0.526122 0.991151 0.521466
0.4725 0.516206 0.988813 0.510431
0.475 0.506336 0.986207 0.499352
0.4775 0.496516 0.983335 0.488242
0.48 0.486752 0.980199 0.477114
0.4825 0.477048 0.976801 0.465981
0.485 0.467407 0.973145 0.454854
0.4875 0.457833 0.969233 0.443747
0.49 0.448332 0.965069 0.432671
0.4925 0.438905 0.960656 0.421637
0.495 0.429557 0.955997 0.410656
0.4975 0.420292 0.951097 0.399739
0.5 0.411112 0.945959 0.388896
0.5025 0.402021 0.940588 0.378137
0.505 0.393022 0.934987 0.367471
0.5075 0.384118 0.929162 0.356908
0.51 0.375311 0.923116 0.346456
0.5125 0.366604 0.916855 0.336123
0.515 0.358 0.910384 0.325917
0.5175 0.349501 0.903707 0.315846
0.52 0.341108 0.89683 0.305916
0.5225 0.332825 0.889758 0.296134
0.525 0.324652 0.882497 0.286505
0.5275 0.316593 0.875052 0.277035
0.53 0.308647 0.867428 0.26773
0.5325 0.300818 0.859633 0.258593
0.535 0.293106 0.851671 0.249629
0.5375 0.285512 0.843548 0.240843
0.54 0.278037 0.83527 0.232236
0.5425 0.270683 0.826844 0.223813
0.545 0.263451 0.818276 0.215575
0.5475 0.25634 0.809572 0.207526
0.55 0.249352 0.800737 0.199666
0.5525 0.242487 0.79178 0.191997
0.555 0.235746 0.782705 0.18452
0.5575 0.229129 0.773519 0.177235
0.56 0.222635 0.764228 0.170144
0.5625 0.216265 0.75484 0.163246
0.565 0.210019 0.745359 0.15654
0.5675 0.203897 0.735794 0.150026
0.57 0.197899 0.726149 0.143704
0.5725 0.192023 0.716432 0.137572
0.575 0.18627 0.706648 0.131628
0.5775 0.18064 0.696805 0.125871
0.58 0.175131 0.686908 0.120299
0.5825 0.169743 0.676963 0.114909
0.585 0.164474 0.666977 0.109701
0.5875 0.159326 0.656956 0.10467
0.59 0.154295 0.646905 0.0998142
0.5925 0.149382 0.636832 0.095131
0.595 0.144585 0.626741 0.0906172
0.5975 0.139903 0.616639 0.0862696
0.6 0.135335 0.606531 0.082085
0.6025 0.13088 0.596423 0.07806
0.605 0.126537 0.58632 0.0741911
0.6075 0.122303 0.576229 0.0704748
0.61 0.118179 0.566154 0.0669075
0.6125 0.114162 0.556101 0.0634855
0.615 0.110251 0.546074 0.060205
0.6175 0.106444 0.53608 0.0570623
0.62 0.10274 0.526122 0.0540537
0.6225 0.0991373 0.516206 0.0511752
0.625 0.0956344 0.506336 0.0484231
0.6275 0.0922298 0.496516 0.0457936
0.63 0.0889216 0.486752 0.0432828
0.6325 0.0857083 0.477048 0.0408869
0.635 0.0825882 0.467407 0.0386023
0.6375 0.0795595 0.457833 0.036425
0.64 0.0766206 0.448332 0.0343514
0.6425 0.0737698 0.438905 0.0323779
0.645 0.0710054 0.429557 0.0305009
0.6475 0.0683255 0.420292 0.0287167
0.65 0.0657285 0.411112 0.0270218
0.6525 0.0632127 0.402021 0.0254129
0.655 0.0607763 0.393022 0.0238864
0.6575 0.0584176 0.384118 0.0224392
0.66 0.0561348 0.375311 0.021068
0.6625 0.0539262 0.366604 0.0197696
0.665 0.0517901 0.358 0.0185409
0.6675 0.0497249 0.349501 0.0173789
0.67 0.0477287 0.341108 0.0162807
0.6725 0.0458 0.332825 0.0152434
0.675 0.0439369 0.324652 0.0142642
0.6775 0.042138 0.316593 0.0133406
0.68 0.0404015 0.308647 0.0124698
0.6825 0.0387258 0.300818 0.0116494
0.685 0.0371093 0.293106 0.0108769
0.6875 0.0355503 0.285512 0.01015
0.69 0.0340475 0.278037 0.00946646
0.6925 0.032599 0.270683 0.00882402
0.695 0.0312036 0.263451 0.00822061
0.6975 0.0298596 0.25634 0.00765421
0.7 0.0285655 0.249352 0.00712287
0.7025 0.0273199 0.242487 0.00662474
0.705 0.0261214 0.235746 0.00615802
0.7075 0.0249685 0.229129 0.005721
0.71 0.0238599 0.222635 0.00531205
0.7125 0.0227942 0.216265 0.00492959
0.715 0.02177 0.210019 0.00457212
0.7175 0.0207861 0.203897 0.00423822
0.72 0.0198411 0.197899 0.00392653
0.7225 0.0189338 0.192023 0.00363573
0.725 0.018063 0.18627 0.00336461
0.7275 0.0172275 0.18064 0.00311197
0.73 0.016426 0.175131 0.0028767
0.7325 0.0156575 0.169743 0.00265774
0.735 0.0149208 0.164474 0.00245409
0.7375 0.0142148 0.159326 0.00226478
0.74 0.0135384 0.154295 0.00208891
0.7425 0.0128907 0.149382 0.00192563
0.745 0.0122705 0.144585 0.00177413
0.7475 0.0116769 0.139903 0.00163364
0.75 0.011109 0.135335 0.00150344
0.7525 0.0105657 0.13088 0.00138285
0.755 0.0100463 0.126537 0.00127122
0.7575 0.00954966 0.122303 0.00116796
0.76 0.00907509 0.118179 0.00107248
0.7625 0.00862171 0.114162 0.000984269
0.765 0.0081887 0.110251 0.000902809
0.7675 0.00777528 0.106444 0.00082763
0.77 0.00738068 0.10274 0.00075829
0.7725 0.00700417 0.0991373 0.000694374
0.775 0.00664501 0.0956344 0.000635492
0.7775 0.00630252 0.0922298 0.00058128
0.78 0.00597602 0.0889216 0.000531398
0.7825 0.00566486 0.0857083 0.000485526
0.785 0.00536842 0.0825882 0.000443368
0.7875 0.00508607 0.0795595 0.000404645
0.79 0.00481723 0.0766206 0.000369099
0.7925 0.00456134 0.0737698 0.000336489
0.795 0.00431784 0.0710054 0.00030659
0.7975 0.0040862 0.0683255 0.000279192
0.8 0.00386592 0.0657285 0.000254101
0.8025 0.0036565 0.0632127 0.000231137
0.805 0.00345746 0.0607763 0.000210131
0.8075 0.00326834 0.0584176 0.000190929
0.81 0.00308872 0.0561348 0.000173384
0.8125 0.00291815 0.0539262 0.000157365
0.815 0.00275624 0.0517901 0.000142746
0.8175 0.00260259 0.0497249 0.000129413
0.82 0.00245682 0.0477287 0.000117261
0.8225 0.00231857 0.0458 0.00010619
0.825 0.00218749 0.0439369 9.61117e-05
0.8275 0.00206325 0.042138 8.69413e-05
0.83 0.00194553 0.0404015 7.86022e-05
0.8325 0.00183401 0.0387258 7.10235e-05
0.835 0.00172841 0.0371093 6.41399e-05
0.8375 0.00162843 0.0355503 5.78912e-05
0.84 0.00153381 0.0340475 5.22223e-05
0.8425 0.00144429 0.032599 4.70824e-05
0.845 0.00135961 0.0312036 4.24248e-05
0.8475 0.00127955 0.0298596 3.82067e-05
0.85 0.00120386 0.0285655 3.43889e-05
0.8525 0.00113234 0.0273199 3.09353e-05
0.855 0.00106477 0.0261214 2.78132e-05
0.8575 0.00100095 0.0249685 2.49923e-05
0.86 0.000940698 0.0238599 2.2445e-05
0.8625 0.000883826 0.0227942 2.01461e-05
0.865 0.000830163 0.02177 1.80726e-05
0.8675 0.000779541 0.0207861 1.62036e-05
0.87 0.000731802 0.0198411 1.45198e-05
0.8725 0.000686797 0.0189338 1.30037e-05
0.875 0.00064438 0.018063 1.16394e-05
0.8775 0.000604415 0.0172275 1.04125e-05
0.88 0.000566771 0.016426 9.30979e-06
0.8825 0.000531324 0.0156575 8.3192e-06
0.885 0.000497955 0.0149208 7.42989e-06
0.8875 0.000466553 0.0142148 6.63195e-06
0.89 0.00043701 0.0135384 5.91643e-06
0.8925 0.000409223 0.0128907 5.27517e-06
0.895 0.000383097 0.0122705 4.7008e-06
0.8975 0.000358539 0.0116769 4.18664e-06
0.9 0.000335463 0.011109 3.72665e-06
0.9025 0.000313784 0.0105657 3.31536e-06
0.905 0.000293425 0.0100463 2.94782e-06
0.9075 0.00027431 0.00954966 2.61957e-06
0.91 0.00025637 0.00907509 2.32658e-06
0.9125 0.000239536 0.00862171 2.06521e-06
0.915 0.000223746 0.0081887 1.83219e-06
0.9175 0.000208938 0.00777528 1.62455e-06
0.92 0.000195056 0.00738068 1.43965e-06
0.9225 0.000182046 0.00700417 1.27508e-06
0.925 0.000169857 0.00664501 1.1287e-06
0.9275 0.000158439 0.00630252 9.98567e-07
0.93 0.000147748 0.00597602 8.82948e-07
0.9325 0.000137741 0.00566486 7.80281e-07
0.935 0.000128375 0.00536842 6.8917e-07
0.9375 0.000119613 0.00508607 6.08359e-07
0.94 0.000111418 0.00481723 5.36726e-07
0.9425 0.000103756 0.00456134 4.73265e-07
0.945 9.65934e-05 0.00431784 4.17075e-07
0.9475 8.99006e-05 0.0040862 3.67352e-07
0.95 8.36483e-05 0.00386592 3.23378e-07
0.9525 7.78093e-05 0.0036565 2.84509e-07
0.955 7.23577e-05 0.00345746 2.50174e-07
0.9575 6.72694e-05 0.00326834 2.19859e-07
0.96 6.25215e-05 0.00308872 1.93111e-07
0.9625 5.80926e-05 0.00291815 1.69523e-07
0.965 5.39624e-05 0.00275624 1.48733e-07
0.9675 5.0112e-05 0.00260259 1.30421e-07
0.97 4.65234e-05 0.00245682 1.14299e-07
0.9725 4.31798e-05 0.00231857 1.00115e-07
0.975 4.00653e-05 0.00218749 8.76425e-08
0.9775 3.71652e-05 0.00206325 7.66811e-08
0.98 3.44654e-05 0.00194553 6.70533e-08
0.9825 3.19528e-05 0.00183401 5.86018e-08
0.985 2.96152e-05 0.00172841 5.11871e-08
0.9875 2.7441e-05 0.00162843 4.46858e-08
0.99 2.54193e-05 0.00153381 3.89885e-08
0.9925 2.35401e-05 0.00144429 3.39987e-08
0.995 2.17937e-05 0.00135961 2.9631e-08
0.9975 2.01713e-05 0.00127955 2.58101e-08
1 1.86645e-05 0.00120386 2.24694e-08
