x sum s c0 c1 c2 c3 c4 c5 c6 c7 c8 c9 c10 c11
-4 0.0710787 0.756802 0.0888129 -0.0170936 -0.000642663 2.24618e-06 -1.60576e-07 -2.34219e-10 5.30053e-13 4.48865e-16 -4.37457e-20 2.02287e-23 -6.70003e-29 -6.54722e-34
-3.98 0.0747793 0.743579 0.0942482 -0.0187432 -0.000728126 2.62955e-06 -1.94236e-07 -2.92742e-10 6.84535e-13 5.98971e-16 -6.03169e-20 2.88194e-23 -9.86295e-29 -9.95864e-34
-3.96 0.0785477 0.730058 0.0998962 -0.0205274 -0.000823966 3.07467e-06 -2.34671e-07 -3.65449e-10 8.82981e-13 7.98315e-16 -8.30656e-20 4.1009e-23 -1.45016e-28 -1.51294e-33
-3.94 0.0823733 0.716246 0.105756 -0.0224544 -0.000931302 3.59081e-06 -2.83183e-07 -4.55668e-10 1.13759e-12 1.06273e-15 -1.14257e-19 5.82846e-23 -2.12962e-28 -2.29574e-33
-3.92 0.0862442 0.702146 0.111825 -0.0245329 -0.00105136 4.18857e-06 -3.41314e-07 -5.67477e-10 1.46386e-12 1.41302e-15 -1.56972e-19 8.27384e-23 -3.1237e-28 -3.47938e-33
-3.9 0.0901474 0.687766 0.1181 -0.0267716 -0.00118547 4.87998e-06 -4.10885e-07 -7.05874e-10 1.88144e-12 1.87652e-15 -2.15397e-19 1.17311e-22 -4.5763e-28 -5.26697e-33
-3.88 0.0940685 0.673111 0.124578 -0.0291796 -0.00133508 5.67871e-06 -4.94042e-07 -8.7697e-10 2.41525e-12 2.48908e-15 -2.95215e-19 1.66131e-22 -6.69636e-28 -7.96339e-33
-3.86 0.0979919 0.658186 0.131254 -0.031766 -0.00150177 6.60024e-06 -5.93318e-07 -1.08823e-09 3.09679e-12 3.29763e-15 -4.04124e-19 2.34985e-22 -9.78682e-28 -1.20258e-32
-3.84 0.101901 0.642999 0.138121 -0.0345402 -0.00168725 7.66211e-06 -7.11688e-07 -1.34877e-09 3.96589e-12 4.36358e-15 -5.52547e-19 3.31977e-22 -1.42864e-27 -1.81388e-32
-3.82 0.105777 0.627554 0.145174 -0.0375116 -0.00189336 8.88415e-06 -8.5265e-07 -1.66967e-09 5.0728e-12 5.76719e-15 -7.54577e-19 4.68441e-22 -2.08297e-27 -2.73264e-32
-3.8 0.109601 0.611858 0.152404 -0.0406898 -0.00212211 1.02887e-05 -1.02031e-06 -2.06445e-09 6.48089e-12 7.61314e-15 -1.02924e-18 6.60209e-22 -3.03336e-27 -4.11184e-32
-3.78 0.113352 0.595917 0.159801 -0.0440844 -0.00237563 1.19011e-05 -1.21946e-06 -2.54951e-09 8.26989e-12 1.00379e-14 -1.40219e-18 9.29365e-22 -4.41206e-27 -6.1797e-32
-3.76 0.117009 0.579738 0.167357 -0.0477048 -0.00265626 1.37497e-05 -1.45575e-06 -3.14475e-09 1.05401e-11 1.3219e-14 -1.908e-18 1.30668e-21 -6.40971e-27 -9.27637e-32
-3.74 0.120547 0.563327 0.175061 -0.0515607 -0.00296647 1.58663e-05 -1.73573e-06 -3.87433e-09 1.34173e-11 1.73874e-14 -2.59315e-18 1.83499e-21 -9.30068e-27 -1.39081e-31
-3.72 0.123944 0.546691 0.182899 -0.0556614 -0.00330894 1.82868e-05 -2.06708e-06 -4.76743e-09 1.70596e-11 2.28429e-14 -3.52011e-18 2.5738e-21 -1.34794e-26 -2.08274e-31
-3.7 0.127174 0.529836 0.190858 -0.0600162 -0.00368652 2.10513e-05 -2.45874e-06 -5.85939e-09 2.16645e-11 2.9974e-14 -4.7727e-18 3.60574e-21 -1.95121e-26 -3.11517e-31
-3.68 0.130211 0.512769 0.198926 -0.0646341 -0.00410226 2.42046e-05 -2.92109e-06 -7.1928e-09 2.74795e-11 3.92841e-14 -6.46323e-18 5.04538e-21 -2.82108e-26 -4.6538e-31
-3.66 0.133027 0.495497 0.207086 -0.0695238 -0.0045594 2.77969e-05 -3.46623e-06 -8.81908e-09 3.48134e-11 5.14244e-14 -8.74208e-18 7.05135e-21 -4.07387e-26 -6.94405e-31
-3.64 0.135594 0.478027 0.215321 -0.0746937 -0.00506142 3.1884e-05 -4.10816e-06 -1.08001e-08 4.40518e-11 6.72356e-14 -1.18102e-17 9.84304e-21 -5.87594e-26 -1.03489e-30
-3.62 0.137884 0.460366 0.223616 -0.0801519 -0.00561197 3.65283e-05 -4.86314e-06 -1.32102e-08 5.56749e-11 8.78028e-14 -1.59361e-17 1.37235e-20 -8.46499e-26 -1.54049e-30
-3.6 0.139868 0.44252 0.231952 -0.0859058 -0.00621494 4.17989e-05 -5.74996e-06 -1.61388e-08 7.02805e-11 1.14524e-13 -2.14774e-17 1.91108e-20 -1.21802e-25 -2.29034e-30
-3.58 0.141515 0.424498 0.240311 -0.0919623 -0.00687444 4.77725e-05 -6.79035e-06 -1.9693e-08 8.86111e-11 1.49198e-13 -2.89109e-17 2.65811e-20 -1.7505e-25 -3.4011e-30
-3.56 0.142795 0.406306 0.248671 -0.0983277 -0.00759481 5.45345e-05 -8.00937e-06 -2.40011e-08 1.11589e-10 1.94137e-13 -3.88706e-17 3.69271e-20 -2.51274e-25 -5.04451e-30
-3.54 0.143679 0.387951 0.257014 -0.105008 -0.0083806 6.21788e-05 -9.43589e-06 -2.92166e-08 1.40356e-10 2.5231e-13 -5.21987e-17 5.12385e-20 -3.60256e-25 -7.47302e-30
-3.52 0.144135 0.369441 0.265319 -0.112007 -0.0092366 7.08097e-05 -1.11032e-05 -3.55227e-08 1.76328e-10 3.2752e-13 -7.00126e-17 7.10112e-20 -5.15887e-25 -1.10574e-29
-3.5 0.144133 0.350783 0.273563 -0.119329 -0.0101678 8.0542e-05 -1.30494e-05 -4.31382e-08 2.21254e-10 4.24639e-13 -9.37933e-17 9.8296e-20 -7.37865e-25 -1.63414e-29
-3.48 0.143644 0.331985 0.281725 -0.126978 -0.0111795 9.15019e-05 -1.53183e-05 -5.23235e-08 2.77293e-10 5.49896e-13 -1.25501e-16 1.35901e-19 -1.05409e-24 -2.41214e-29
-3.46 0.142636 0.313054 0.289783 -0.134955 -0.0122771 0.000103829 -1.79602e-05 -6.33884e-08 3.47109e-10 7.11248e-13 -1.67726e-16 1.87668e-19 -1.50403e-24 -3.55628e-29
-3.44 0.141083 0.293998 0.297714 -0.143261 -0.0134663 0.000117675 -2.10324e-05 -7.67012e-08 4.33982e-10 9.1884e-13 -2.23888e-16 2.58842e-19 -2.14346e-24 -5.23682e-29
-3.42 0.138954 0.274825 0.305495 -0.151896 -0.014753 0.000133207 -2.46007e-05 -9.26986e-08 5.41946e-10 1.1856e-12 -2.98499e-16 3.56582e-19 -3.05108e-24 -7.70227e-29
-3.4 0.136223 0.255541 0.313103 -0.160858 -0.0161432 0.000150609 -2.87398e-05 -1.11898e-07 6.75957e-10 1.52797e-12 -3.97496e-16 4.9064e-19 -4.33781e-24 -1.13148e-28
-3.38 0.132864 0.236155 0.320516 -0.170145 -0.0176433 0.00017008 -3.35351e-05 -1.34913e-07 8.42096e-10 1.96684e-12 -5.2869e-16 6.74287e-19 -6.15978e-24 -1.66019e-28
-3.36 0.128852 0.216675 0.327711 -0.179752 -0.0192596 0.000191838 -3.90836e-05 -1.62465e-07 1.04781e-09 2.52874e-12 -7.02342e-16 9.25562e-19 -8.73654e-24 -2.43301e-28
-3.34 0.124164 0.197108 0.334666 -0.189674 -0.0209988 0.00021612 -4.54954e-05 -1.9541e-07 1.30221e-09 3.24726e-12 -9.31912e-16 1.26895e-18 -1.23763e-23 -3.56131e-28
-3.32 0.118777 0.177462 0.341358 -0.199903 -0.0228676 0.000243183 -5.28956e-05 -2.34753e-07 1.61645e-09 4.16494e-12 -1.23504e-15 1.73766e-18 -1.75115e-23 -5.20661e-28
-3.3 0.112674 0.157746 0.347767 -0.210431 -0.0248728 0.000273307 -6.14258e-05 -2.8168e-07 2.0041e-09 5.33556e-12 -1.6348e-15 2.37663e-18 -2.47477e-23 -7.6029e-28
-3.28 0.105836 0.137966 0.353871 -0.221249 -0.0270214 0.000306795 -7.1246e-05 -3.37582e-07 2.48173e-09 6.82699e-12 -2.16136e-15 3.24666e-18 -3.49321e-23 -1.10887e-27
-3.26 0.0982479 0.118131 0.35965 -0.232343 -0.0293204 0.000343972 -8.25371e-05 -4.04093e-07 3.06952e-09 8.72485e-12 -2.8541e-15 4.42988e-18 -4.92484e-23 -1.61534e-27
-3.24 0.089897 0.0982486 0.365086 -0.243701 -0.0317768 0.000385192 -9.5503e-05 -4.83128e-07 3.79196e-09 1.11369e-11 -3.76435e-15 6.03707e-18 -6.93489e-23 -2.3503e-27
-3.22 0.0807732 0.078327 0.370159 -0.255308 -0.0343978 0.000430834 -0.000110373 -5.76928e-07 4.67883e-09 1.41988e-11 -4.95894e-15 8.21748e-18 -9.75362e-23 -3.41557e-27
-3.2 0.0708689 0.0583741 0.374852 -0.267146 -0.0371902 0.000481307 -0.000127406 -6.88113e-07 5.76619e-09 1.80807e-11 -6.5248e-15 1.1172e-17 -1.37016e-22 -4.95771e-27
-3.18 0.0601795 0.0383979 0.37915 -0.279199 -0.0401612 0.000537048 -0.00014689 -8.19742e-07 7.09773e-09 2.29964e-11 -8.57481e-15 1.51705e-17 -1.92245e-22 -7.18751e-27
-3.16 0.0487032 0.0184063 0.383037 -0.291445 -0.0433174 0.000598526 -0.000169151 -9.75379e-07 8.72627e-09 2.92135e-11 -1.12554e-14 2.05755e-17 -2.69412e-22 -1.04077e-26
-3.14 0.0364414 -0.00159265 0.3865 -0.303863 -0.0466657 0.000666241 -0.000194553 -1.15917e-06 1.07156e-08 3.70667e-11 -1.47562e-14 2.78726e-17 -3.77101e-22 -1.50525e-26
-3.12 0.0233987 -0.021591 0.389526 -0.316431 -0.0502125 0.000740727 -0.0002235 -1.37595e-06 1.31427e-08 4.69748e-11 -1.93228e-14 3.77125e-17 -5.27204e-22 -2.17441e-26
-3.1 0.00958285 -0.0415807 0.392106 -0.329123 -0.0539641 0.000822554 -0.000256447 -1.63131e-06 1.61002e-08 5.94599e-11 -2.52721e-14 5.09649e-17 -7.36169e-22 -3.13729e-26
-3.08 -0.00499522 -0.0615537 0.394229 -0.341914 -0.0579264 0.000912325 -0.000293897 -1.93173e-06 1.96995e-08 7.51731e-11 -3.30136e-14 6.87916e-17 -1.02673e-21 -4.52112e-26
-3.06 -0.0203211 -0.0815022 0.395888 -0.354776 -0.0621051 0.00101068 -0.000336413 -2.28474e-06 2.40746e-08 9.49247e-11 -4.30748e-14 9.27426e-17 -1.43025e-21 -6.50753e-26
-3.04 -0.0363773 -0.101418 0.397078 -0.367681 -0.0665054 0.00111829 -0.000384617 -2.69902e-06 2.93861e-08 1.19722e-10 -5.61348e-14 1.24882e-16 -1.98998e-21 -9.35545e-26
-3.02 -0.0531427 -0.121293 0.397793 -0.380597 -0.071132 0.00123588 -0.000439201 -3.1846e-06 3.58264e-08 1.50817e-10 -7.30668e-14 1.67959e-16 -2.76543e-21 -1.34336e-25
-3 -0.0705932 -0.14112 0.398032 -0.393495 -0.0759893 0.0013642 -0.00050093 -3.75302e-06 4.36257e-08 1.89759e-10 -9.4992e-14 2.25623e-16 -3.83845e-21 -1.92663e-25
-2.98 -0.0887013 -0.16089 0.397793 -0.406342 -0.0810808 0.00150403 -0.00057065 -4.41761e-06 5.30594e-08 2.38471e-10 -1.23348e-13 3.0272e-16 -5.32142e-21 -2.75984e-25
-2.96 -0.107436 -0.180596 0.397078 -0.419106 -0.0864098 0.00165621 -0.000649293 -5.19364e-06 6.44555e-08 2.99328e-10 -1.59977e-13 4.05676e-16 -7.36849e-21 -3.94865e-25
-2.94 -0.126764 -0.20023 0.395888 -0.431752 -0.0919786 0.0018216 -0.000737889 -6.09867e-06 7.82054e-08 3.75264e-10 -2.07234e-13 5.42995e-16 -1.01908e-20 -5.64277e-25
-2.92 -0.146649 -0.219784 0.394229 -0.444246 -0.0977888 0.0020011 -0.000837568 -7.15283e-06 9.47747e-08 4.699e-10 -2.68128e-13 7.25924e-16 -1.40772e-20 -8.05404e-25
-2.9 -0.167051 -0.239249 0.392106 -0.456553 -0.103841 0.00219565 -0.000949572 -8.37913e-06 1.14717e-07 5.87697e-10 -3.465e-13 9.69317e-16 -1.94225e-20 -1.14819e-24
-2.88 -0.187928 -0.258619 0.389526 -0.468639 -0.110136 0.00240623 -0.00107526 -9.8039e-06 1.38688e-07 7.34142e-10 -4.47243e-13 1.29276e-15 -2.67652e-20 -1.63491e-24
-2.86 -0.209234 -0.277886 0.3865 -0.480468 -0.116673 0.00263384 -0.00121613 -1.14572e-05 1.67468e-07 9.15979e-10 -5.76583e-13 1.72207e-15 -3.68397e-20 -2.32516e-24
-2.84 -0.230924 -0.297041 0.383037 -0.492004 -0.123449 0.00287952 -0.0013738 -1.33732e-05 2.01978e-07 1.14148e-09 -7.42437e-13 2.29119e-15 -5.06455e-20 -3.30286e-24
-2.82 -0.252947 -0.316078 0.37915 -0.503214 -0.130462 0.00314434 -0.00155006 -1.55909e-05 2.43306e-07 1.4208e-09 -9.54852e-13 3.04475e-15 -6.95414e-20 -4.68605e-24
-2.8 -0.275252 -0.334988 0.374852 -0.514061 -0.137708 0.0034294 -0.00174683 -1.81546e-05 2.9274e-07 1.76634e-09 -1.22657e-12 4.04129e-15 -9.5373e-20 -6.64051e-24
-2.78 -0.297787 -0.353764 0.370159 -0.524512 -0.145183 0.00373582 -0.00196622 -2.11145e-05 3.51795e-07 2.19329e-09 -1.57371e-12 5.35756e-15 -1.30643e-19 -9.39887e-24
-2.76 -0.320498 -0.372399 0.365086 -0.534535 -0.152879 0.00406474 -0.0022105 -2.45276e-05 4.22256e-07 2.72016e-09 -2.01669e-12 7.09403e-15 -1.78741e-19 -1.3287e-23
-2.74 -0.343328 -0.390885 0.35965 -0.544095 -0.16079 0.00441731 -0.00248216 -2.84582e-05 5.06222e-07 3.36956e-09 -2.58125e-12 9.38206e-15 -2.44255e-19 -1.87612e-23
-2.72 -0.366221 -0.409214 0.353871 -0.553162 -0.168908 0.00479471 -0.00278386 -3.2979e-05 6.06157e-07 4.16899e-09 -3.2999e-12 1.23932e-14 -3.33381e-19 -2.64588e-23
-2.7 -0.38912 -0.42738 0.347767 -0.561706 -0.177223 0.00519811 -0.00311849 -3.81722e-05 7.2495e-07 5.1519e-09 -4.21357e-12 1.6351e-14 -4.54482e-19 -3.727e-23
-2.68 -0.411968 -0.445375 0.341358 -0.569697 -0.185725 0.00562869 -0.00348914 -4.41302e-05 8.65983e-07 6.3589e-09 -5.37376e-12 2.1547e-14 -6.18831e-19 -5.24358e-23
-2.66 -0.434706 -0.463191 0.334666 -0.57711 -0.1944 0.00608763 -0.00389918 -5.09569e-05 1.03321e-06 7.83928e-09 -6.84519e-12 2.836e-14 -8.41599e-19 -7.36843e-23
-2.64 -0.457278 -0.480823 0.327711 -0.583918 -0.203237 0.0065761 -0.00435217 -5.87691e-05 1.23126e-06 9.6527e-09 -8.70906e-12 3.72826e-14 -1.14319e-18 -1.03419e-22
-2.62 -0.479625 -0.498262 0.320516 -0.590097 -0.212221 0.00709523 -0.00485196 -6.76978e-05 1.46551e-06 1.18714e-08 -1.10672e-11 4.89536e-14 -1.55099e-18 -1.44979e-22
-2.6 -0.501693 -0.515501 0.313103 -0.595627 -0.221336 0.00764617 -0.00540267 -7.78894e-05 1.74223e-06 1.45825e-08 -1.40469e-11 6.42009e-14 -2.10174e-18 -2.02997e-22
-2.58 -0.523425 -0.532535 0.305495 -0.600488 -0.230566 0.00823 -0.00600866 -8.95078e-05 2.06872e-06 1.78912e-08 -1.78075e-11 8.40964e-14 -2.84465e-18 -2.83891e-22
-2.56 -0.544768 -0.549355 0.297714 -0.604662 -0.239893 0.0088478 -0.00667461 -0.000102736 2.45344e-06 2.19244e-08 -2.25478e-11 1.10025e-13 -3.84553e-18 -3.96545e-22
-2.54 -0.565669 -0.565956 0.289783 -0.608135 -0.249297 0.00950056 -0.00740548 -0.000117778 2.90623e-06 2.68346e-08 -2.85157e-11 1.43776e-13 -5.19234e-18 -5.53239e-22
-2.52 -0.586078 -0.582331 0.281725 -0.610894 -0.25876 0.0101892 -0.00820652 -0.00013486 3.43845e-06 3.28051e-08 -3.602e-11 1.87654e-13 -7.00244e-18 -7.70924e-22
-2.5 -0.605946 -0.598472 0.273563 -0.61293 -0.26826 0.0109147 -0.00908331 -0.000154234 4.06325e-06 4.00558e-08 -4.54445e-11 2.4463e-13 -9.43221e-18 -1.07297e-21
-2.48 -0.625226 -0.614374 0.265319 -0.614235 -0.277775 0.0116779 -0.0100417 -0.00017618 4.79583e-06 4.88505e-08 -5.72662e-11 3.18522e-13 -1.26899e-17 -1.49158e-21
-2.46 -0.643877 -0.630031 0.257014 -0.614805 -0.287282 0.0124794 -0.0110879 -0.000201008 5.6537e-06 5.95047e-08 -7.20765e-11 4.14236e-13 -1.70521e-17 -2.071e-21
-2.44 -0.661856 -0.645435 0.248671 -0.614638 -0.296759 0.0133199 -0.0122285 -0.000229059 6.65703e-06 7.23957e-08 -9.06083e-11 5.38066e-13 -2.28865e-17 -2.87207e-21
-2.42 -0.679126 -0.660581 0.240311 -0.613733 -0.30618 0.0142 -0.0134701 -0.000260712 7.82902e-06 8.79737e-08 -1.13768e-10 6.98075e-13 -3.06803e-17 -3.97822e-21
-2.4 -0.695652 -0.675463 0.231952 -0.612095 -0.315522 0.0151201 -0.0148201 -0.000296383 9.1963e-06 1.06776e-07 -1.42677e-10 9.04581e-13 -4.10789e-17 -5.50377e-21
-2.38 -0.711402 -0.690075 0.223616 -0.609729 -0.324759 0.0160805 -0.0162858 -0.000336531 1.07894e-05 1.2944e-07 -1.78716e-10 1.17077e-12 -5.49359e-17 -7.60521e-21
-2.36 -0.72635 -0.704411 0.215321 -0.606644 -0.333865 0.0170813 -0.017875 -0.000381658 1.26433e-05 1.56728e-07 -2.23591e-10 1.51347e-12 -7.33792e-17 -1.04964e-20
-2.34 -0.740471 -0.718465 0.207086 -0.60285 -0.342815 0.0181228 -0.0195957 -0.000432318 1.4798e-05 1.8954e-07 -2.79398e-10 1.95415e-12 -9.78967e-17 -1.44694e-20
-2.32 -0.753743 -0.732231 0.198926 -0.598362 -0.351583 0.0192046 -0.0214563 -0.000489115 1.72991e-05 2.28947e-07 -3.48715e-10 2.5201e-12 -1.30449e-16 -1.99222e-20
-2.3 -0.766151 -0.745705 0.190858 -0.593195 -0.360143 0.0203266 -0.0234655 -0.000552711 2.01987e-05 2.76216e-07 -4.34708e-10 3.24607e-12 -1.73618e-16 -2.7397e-20
-2.28 -0.777681 -0.758881 0.182899 -0.587368 -0.368469 0.0214884 -0.0256319 -0.000623826 2.35561e-05 3.32844e-07 -5.41256e-10 4.17615e-12 -2.30795e-16 -3.76312e-20
-2.26 -0.788325 -0.771753 0.175061 -0.5809 -0.376535 0.0226894 -0.0279648 -0.000703247 2.74385e-05 4.00601e-07 -6.73111e-10 5.36628e-12 -3.06434e-16 -5.16264e-20
-2.24 -0.798077 -0.784316 0.167357 -0.573814 -0.384316 0.0239287 -0.0304735 -0.000791828 3.19225e-05 4.81572e-07 -8.36083e-10 6.88731e-12 -4.06375e-16 -7.07416e-20
-2.22 -0.806936 -0.796565 0.159801 -0.566135 -0.391787 0.0252054 -0.0331673 -0.000890498 3.70947e-05 5.78216e-07 -1.03727e-09 8.82886e-12 -5.38264e-16 -9.68181e-20
-2.2 -0.814905 -0.808496 0.152404 -0.557889 -0.398925 0.0265185 -0.036056 -0.00100026 4.30532e-05 6.93421e-07 -1.28532e-09 1.13042e-11 -7.12102e-16 -1.32348e-19
-2.18 -0.82199 -0.820104 0.145174 -0.549104 -0.405706 0.0278664 -0.0391493 -0.00112221 4.9909e-05 8.30584e-07 -1.59078e-09 1.44561e-11 -9.40954e-16 -1.80699e-19
-2.16 -0.828202 -0.831383 0.138121 -0.539809 -0.412107 0.0292478 -0.042457 -0.00125751 5.77871e-05 9.93684e-07 -1.96648e-09 1.84647e-11 -1.24186e-15 -2.46419e-19
-2.14 -0.833555 -0.84233 0.131254 -0.530034 -0.418107 0.0306608 -0.045989 -0.00140744 6.68284e-05 1.18739e-06 -2.42799e-09 2.35566e-11 -1.63703e-15 -3.35638e-19
-2.12 -0.838067 -0.85294 0.124578 -0.519813 -0.423686 0.0321036 -0.049755 -0.00157335 7.71917e-05 1.41715e-06 -2.99421e-09 3.00167e-11 -2.15536e-15 -4.56612e-19
-2.1 -0.841758 -0.863209 0.1181 -0.509177 -0.428824 0.0335739 -0.0537649 -0.00175671 8.90552e-05 1.68934e-06 -3.68806e-09 3.82024e-11 -2.8344e-15 -6.20443e-19
-2.08 -0.844654 -0.873133 0.111825 -0.498161 -0.433504 0.0350695 -0.0580282 -0.00195909 0.000102619 2.01139e-06 -4.53724e-09 4.85621e-11 -3.7229e-15 -8.42045e-19
-2.06 -0.846781 -0.882707 0.105756 -0.486799 -0.43771 0.0365878 -0.0625545 -0.00218216 0.000118106 2.39197e-06 -5.57525e-09 6.16572e-11 -4.88405e-15 -1.14143e-18
-2.04 -0.848171 -0.891929 0.0998962 -0.475125 -0.441426 0.038126 -0.067353 -0.00242772 0.000135768 2.84115e-06 -6.84251e-09 7.81895e-11 -6.39968e-15 -1.54539e-18
-2.02 -0.848857 -0.900793 0.0942482 -0.463175 -0.44464 0.0396812 -0.0724326 -0.00269767 0.000155884 3.37063e-06 -8.38775e-09 9.90357e-11 -8.37559e-15 -2.08982e-18
-2 -0.848874 -0.909297 0.0888129 -0.450984 -0.44734 0.0412503 -0.0778019 -0.00299404 0.000178765 3.99399e-06 -1.02696e-08 1.25289e-10 -1.09484e-14 -2.82266e-18
-1.98 -0.848263 -0.917438 0.0835907 -0.438588 -0.449517 0.0428301 -0.0834689 -0.00331899 0.00020476 4.72696e-06 -1.25586e-08 1.58313e-10 -1.42944e-14 -3.8079e-18
-1.96 -0.847061 -0.925212 0.0785812 -0.42602 -0.451163 0.044417 -0.0894414 -0.0036748 0.000234253 5.58773e-06 -1.53394e-08 1.998e-10 -1.86405e-14 -5.13089e-18
-1.94 -0.845314 -0.932615 0.0737833 -0.413317 -0.452272 0.0460075 -0.0957263 -0.00406386 0.000267673 6.59732e-06 -1.87135e-08 2.51857e-10 -2.4279e-14 -6.90523e-18
-1.92 -0.843063 -0.939645 0.0691952 -0.400511 -0.452839 0.0475978 -0.10233 -0.00448873 0.000305494 7.77999e-06 -2.28024e-08 3.17097e-10 -3.15851e-14 -9.28202e-18
-1.9 -0.840355 -0.9463 0.0648147 -0.387637 -0.452864 0.049184 -0.109258 -0.00495208 0.00034824 9.16366e-06 -2.77513e-08 3.98757e-10 -4.10404e-14 -1.24619e-17
-1.88 -0.837236 -0.952576 0.0606386 -0.374726 -0.452346 0.0507621 -0.116515 -0.00545669 0.000396492 1.07805e-05 -3.37338e-08 5.00846e-10 -5.32624e-14 -1.67112e-17
-1.86 -0.833753 -0.958471 0.0566636 -0.361812 -0.451286 0.052328 -0.124105 -0.00600552 0.000450888 1.26674e-05 -4.09568e-08 6.28317e-10 -6.90412e-14 -2.23825e-17
-1.84 -0.829954 -0.963983 0.0528856 -0.348923 -0.449689 0.0538775 -0.132031 -0.00660163 0.000512132 1.48666e-05 -4.96668e-08 7.87285e-10 -8.9387e-14 -2.99425e-17
-1.82 -0.825888 -0.969109 0.0493004 -0.33609 -0.44756 0.0554064 -0.140295 -0.00724819 0.000580998 1.74268e-05 -6.01568e-08 9.85289e-10 -1.1559e-13 -4.0008e-17
-1.8 -0.821601 -0.973848 0.0459031 -0.32334 -0.444907 0.0569104 -0.148897 -0.00794854 0.000658333 2.04034e-05 -7.2775e-08 1.23161e-09 -1.49295e-13 -5.33929e-17
-1.78 -0.817142 -0.978197 0.0426886 -0.310702 -0.441739 0.058385 -0.157837 -0.00870611 0.000745067 2.38597e-05 -8.79344e-08 1.53767e-09 -1.92596e-13 -7.11705e-17
-1.76 -0.812557 -0.982154 0.0396516 -0.298199 -0.438068 0.059826 -0.167114 -0.00952444 0.000842217 2.78681e-05 -1.06124e-07 1.91749e-09 -2.48158e-13 -9.47535e-17
-1.74 -0.807893 -0.985719 0.0367865 -0.285856 -0.433906 0.0612291 -0.176723 -0.0104072 0.000950893 3.25108e-05 -1.27923e-07 2.38825e-09 -3.19366e-13 -1.26e-16
-1.72 -0.803195 -0.98889 0.0340875 -0.273695 -0.429269 0.06259 -0.186661 -0.0113581 0.0010723 3.78816e-05 -1.54014e-07 2.97103e-09 -4.10515e-13 -1.67349e-16
-1.7 -0.798506 -0.991665 0.0315487 -0.261737 -0.424171 0.0639043 -0.196921 -0.0123811 0.00120777 4.40866e-05 -1.85205e-07 3.69157e-09 -5.27044e-13 -2.22e-16
-1.68 -0.793868 -0.994043 0.0291639 -0.250002 -0.418632 0.065168 -0.207496 -0.01348 0.00135871 5.12464e-05 -2.22445e-07 4.58137e-09 -6.75841e-13 -2.94147e-16
-1.66 -0.789321 -0.996024 0.0269271 -0.238506 -0.412669 0.066377 -0.218376 -0.0146588 0.00152669 5.94977e-05 -2.66854e-07 5.67882e-09 -8.65606e-13 -3.89272e-16
-1.64 -0.784903 -0.997606 0.024832 -0.227267 -0.406304 0.0675273 -0.229552 -0.0159216 0.00171337 6.89946e-05 -3.19743e-07 7.03072e-09 -1.10733e-12 -5.14543e-16
-1.62 -0.780648 -0.99879 0.0228724 -0.216297 -0.399557 0.0686152 -0.24101 -0.0172725 0.00192058 7.99114e-05 -3.82656e-07 8.69401e-09 -1.41485e-12 -6.79311e-16
-1.6 -0.77659 -0.999574 0.0210422 -0.205609 -0.39245 0.069637 -0.252736 -0.0187155 0.00215027 9.24446e-05 -4.57398e-07 1.07379e-08 -1.8056e-12 -8.95766e-16
-1.58 -0.772759 -0.999958 0.0193353 -0.195216 -0.385008 0.0705892 -0.264716 -0.0202547 0.00240453 0.000106815 -5.46084e-07 1.32464e-08 -2.30151e-12 -1.17977e-15
-1.56 -0.769181 -0.999942 0.0177455 -0.185125 -0.377254 0.0714687 -0.27693 -0.0218943 0.00268564 0.000123272 -6.51183e-07 1.63213e-08 -2.93011e-12 -1.55197e-15
-1.54 -0.765881 -0.999526 0.0162669 -0.175346 -0.369213 0.0722723 -0.289361 -0.0236381 0.00299601 0.000142093 -7.75578e-07 2.00859e-08 -3.72591e-12 -2.03913e-15
-1.52 -0.762879 -0.99871 0.0148936 -0.165884 -0.36091 0.0729973 -0.301987 -0.0254903 0.00333825 0.000163592 -9.22629e-07 2.46891e-08 -4.73217e-12 -2.676e-15
-1.5 -0.760192 -0.997495 0.0136199 -0.156744 -0.35237 0.0736412 -0.314786 -0.0274546 0.00371512 0.000188117 -1.09624e-06 3.03109e-08 -6.00298e-12 -3.50757e-15
-1.48 -0.757833 -0.995881 0.0124402 -0.14793 -0.34362 0.0742017 -0.327734 -0.0295348 0.00412957 0.00021606 -1.30097e-06 3.71682e-08 -7.60594e-12 -4.59204e-15
-1.46 -0.755813 -0.993868 0.011349 -0.139445 -0.334686 0.0746767 -0.340805 -0.0317346 0.00458476 0.000247856 -1.54207e-06 4.55221e-08 -9.62537e-12 -6.00459e-15
-1.44 -0.754139 -0.991458 0.0103412 -0.131288 -0.325592 0.0750647 -0.353973 -0.0340573 0.00508401 0.000283989 -1.82567e-06 5.56868e-08 -1.21664e-11 -7.84223e-15
-1.42 -0.752812 -0.988652 0.0094115 -0.123461 -0.316366 0.0753642 -0.367208 -0.0365061 0.00563087 0.000325001 -2.15882e-06 6.80395e-08 -1.53597e-11 -1.023e-14
-1.4 -0.751832 -0.98545 0.00855514 -0.115961 -0.307033 0.0755741 -0.380482 -0.0390841 0.00622907 0.000371489 -2.54971e-06 8.30327e-08 -1.9368e-11 -1.33288e-14
-1.38 -0.751195 -0.981854 0.00776737 -0.108786 -0.297618 0.0756938 -0.393762 -0.041794 0.00688257 0.000424117 -3.00777e-06 1.01208e-07 -2.43929e-11 -1.73453e-14
-1.36 -0.750891 -0.977865 0.00704369 -0.101932 -0.288145 0.0757227 -0.407018 -0.0446381 0.00759549 0.000483621 -3.54386e-06 1.23214e-07 -3.06847e-11 -2.25452e-14
-1.34 -0.750909 -0.973485 0.00637977 -0.0953956 -0.27864 0.0756607 -0.420215 -0.0476187 0.00837222 0.000550811 -4.1705e-06 1.49825e-07 -3.85532e-11 -2.92688e-14
-1.32 -0.751233 -0.968715 0.0057715 -0.0891714 -0.269124 0.0755082 -0.433319 -0.0507373 0.0092173 0.000626584 -4.90205e-06 1.81965e-07 -4.83812e-11 -3.7952e-14
-1.3 -0.751845 -0.963558 0.00521496 -0.0832533 -0.259622 0.0752656 -0.446297 -0.0539953 0.0101355 0.000711926 -5.75502e-06 2.20735e-07 -6.06418e-11 -4.91523e-14
-1.28 -0.752722 -0.958016 0.00470644 -0.0776347 -0.250156 0.0749338 -0.459111 -0.0573937 0.0111318 0.000807921 -6.7483e-06 2.67443e-07 -7.59182e-11 -6.35816e-14
-1.26 -0.753838 -0.95209 0.00424241 -0.0723085 -0.240745 0.074514 -0.471728 -0.0609327 0.0122114 0.000915761 -7.90352e-06 3.23647e-07 -9.4929e-11 -8.21481e-14
-1.24 -0.755164 -0.945784 0.00381955 -0.067267 -0.23141 0.0740076 -0.484109 -0.0646124 0.0133797 0.00103675 -9.2454e-06 3.91192e-07 -1.18558e-10 -1.06009e-13
-1.22 -0.75667 -0.939099 0.00343471 -0.0625019 -0.222171 0.0734166 -0.49622 -0.0684322 0.0146421 0.00117232 -1.08021e-05 4.72267e-07 -1.47891e-10 -1.36636e-13
-1.2 -0.75832 -0.932039 0.00308494 -0.0580047 -0.213044 0.072743 -0.508024 -0.0723908 0.0160044 0.00132402 -1.26059e-05 5.6946e-07 -1.8426e-10 -1.75901e-13
-1.18 -0.760078 -0.924606 0.00276747 -0.0537665 -0.204048 0.071989 -0.519485 -0.0764866 0.0174725 0.00149356 -1.46931e-05 6.85833e-07 -2.29297e-10 -2.26178e-13
-1.16 -0.761904 -0.916803 0.00247969 -0.0497783 -0.195197 0.0711575 -0.530568 -0.0807173 0.0190524 0.00168279 -1.71055e-05 8.24997e-07 -2.85001e-10 -2.90477e-13
-1.14 -0.763758 -0.908633 0.00221917 -0.0460306 -0.186506 0.0702512 -0.541237 -0.0850797 0.0207502 0.00189372 -1.989e-05 9.91209e-07 -3.53812e-10 -3.72607e-13
-1.12 -0.765595 -0.9001 0.00198364 -0.042514 -0.177989 0.0692733 -0.551458 -0.0895704 0.0225722 0.00212854 -2.31001e-05 1.18948e-06 -4.3871e-10 -4.77385e-13
-1.1 -0.767372 -0.891207 0.00177098 -0.0392189 -0.169656 0.0682271 -0.561198 -0.094185 0.0245247 0.0023896 -2.6796e-05 1.4257e-06 -5.43327e-10 -6.10894e-13
-1.08 -0.769041 -0.881958 0.00157922 -0.0361359 -0.16152 0.067116 -0.570426 -0.0989186 0.0266142 0.00267947 -3.10461e-05 1.70678e-06 -6.72084e-10 -7.80803e-13
-1.06 -0.770556 -0.872355 0.00140654 -0.0332553 -0.153589 0.0659439 -0.57911 -0.103766 0.0288471 0.00300089 -3.5927e-05 2.04082e-06 -8.30358e-10 -9.96773e-13
-1.04 -0.771868 -0.862404 0.00125124 -0.0305676 -0.145873 0.0647146 -0.587221 -0.108719 0.0312298 0.00335684 -4.15255e-05 2.43732e-06 -1.02467e-09 -1.27095e-12
-1.02 -0.772929 -0.852108 0.00111175 -0.0280635 -0.138378 0.063432 -0.594732 -0.113773 0.0337688 0.00375051 -4.79389e-05 2.90735e-06 -1.26295e-09 -1.61861e-12
-1 -0.77369 -0.841471 0.000986622 -0.0257336 -0.131111 0.0621003 -0.601616 -0.118919 0.0364704 0.00418531 -5.52763e-05 3.46388e-06 -1.55476e-09 -2.05889e-12
-0.98 -0.774101 -0.830497 0.00087453 -0.0235688 -0.124077 0.0607236 -0.607851 -0.124149 0.0393409 0.00466493 -6.36604e-05 4.12198e-06 -1.9117e-09 -2.6158e-12
-0.96 -0.774113 -0.819192 0.000774244 -0.0215602 -0.117279 0.0593062 -0.613413 -0.129453 0.0423864 0.00519327 -7.32282e-05 4.89924e-06 -2.34777e-09 -3.31935e-12
-0.94 -0.773679 -0.807558 0.000684636 -0.0196992 -0.110721 0.0578524 -0.618284 -0.134822 0.0456129 0.00577452 -8.4133e-05 5.81607e-06 -2.87985e-09 -4.20708e-12
-0.92 -0.77275 -0.795602 0.000604673 -0.0179772 -0.104404 0.0563666 -0.622446 -0.140245 0.0490262 0.00641312 -9.65458e-05 6.8962e-06 -3.52828e-09 -5.32583e-12
-0.9 -0.771281 -0.783327 0.000533408 -0.0163861 -0.098329 0.0548531 -0.625884 -0.145711 0.0526317 0.0071138 -0.000110657 8.16711e-06 -4.31753e-09 -6.73399e-12
-0.88 -0.769225 -0.770739 0.000469979 -0.0149179 -0.0924968 0.0533162 -0.628587 -0.151209 0.0564346 0.00788157 -0.000126679 9.66065e-06 -5.27699e-09 -8.50427e-12
-0.86 -0.766539 -0.757843 0.000413595 -0.0135649 -0.0869061 0.0517603 -0.630544 -0.156726 0.0604397 0.00872173 -0.000144846 1.14136e-05 -6.44193e-09 -1.0727e-11
-0.84 -0.763182 -0.744643 0.000363539 -0.0123199 -0.0815554 0.0501894 -0.631749 -0.162249 0.0646514 0.00963988 -0.00016542 1.34685e-05 -7.85462e-09 -1.35146e-11
-0.82 -0.759112 -0.731146 0.000319158 -0.0111757 -0.0764424 0.0486079 -0.632198 -0.167766 0.0690736 0.0106419 -0.000188691 1.58742e-05 -9.56561e-09 -1.7006e-11
-0.8 -0.754292 -0.717356 0.000279859 -0.0101256 -0.071564 0.0470198 -0.631887 -0.173262 0.0737099 0.011734 -0.000214976 1.86873e-05 -1.16353e-08 -2.13738e-11
-0.78 -0.748686 -0.703279 0.000245105 -0.00916321 -0.0669166 0.045429 -0.63082 -0.178724 0.078563 0.0129227 -0.000244629 2.19724e-05 -1.41359e-08 -2.68313e-11
-0.76 -0.742262 -0.688921 0.000214409 -0.00828232 -0.0624959 0.0438394 -0.628999 -0.184137 0.0836352 0.0142146 -0.000278039 2.58041e-05 -1.71533e-08 -3.36418e-11
-0.74 -0.73499 -0.674288 0.000187333 -0.00747714 -0.0582973 0.0422546 -0.626431 -0.189486 0.0889281 0.0156171 -0.000315633 3.02676e-05 -2.07899e-08 -4.21303e-11
-0.72 -0.726841 -0.659385 0.000163479 -0.00674215 -0.0543155 0.0406783 -0.623125 -0.194757 0.0944425 0.0171372 -0.000357881 3.54607e-05 -2.51671e-08 -5.26975e-11
-0.7 -0.717791 -0.644218 0.000142492 -0.00607211 -0.050545 0.0391139 -0.619094 -0.199934 0.100179 0.0187829 -0.000405296 4.14949e-05 -3.04294e-08 -6.58361e-11
-0.68 -0.707819 -0.628793 0.00012405 -0.0054621 -0.0469799 0.0375645 -0.61435 -0.205003 0.106136 0.0205618 -0.000458443 4.84977e-05 -3.6748e-08 -8.21517e-11
-0.66 -0.696908 -0.613117 0.000107866 -0.00490748 -0.0436138 0.0360332 -0.608913 -0.209948 0.112312 0.0224823 -0.000517937 5.66143e-05 -4.43253e-08 -1.02388e-10
-0.64 -0.685042 -0.597195 9.36802e-05 -0.00440389 -0.0404404 0.0345229 -0.602799 -0.214755 0.118706 0.0245526 -0.00058445 6.601e-05 -5.3401e-08 -1.27456e-10
-0.62 -0.67221 -0.581035 8.12627e-05 -0.00394723 -0.0374528 0.0330362 -0.596031 -0.219408 0.125312 0.0267814 -0.000658714 7.68728e-05 -6.42577e-08 -1.5847e-10
-0.6 -0.658404 -0.564642 7.04066e-05 -0.00353369 -0.0346444 0.0315757 -0.588632 -0.223894 0.132128 0.0291776 -0.000741525 8.94158e-05 -7.72289e-08 -1.96796e-10
-0.58 -0.64362 -0.548024 6.09277e-05 -0.00315967 -0.0320082 0.0301435 -0.580628 -0.228196 0.139148 0.0317499 -0.000833744 0.000103881 -9.27073e-08 -2.44098e-10
-0.56 -0.627858 -0.531186 5.26616e-05 -0.00282186 -0.0295371 0.0287417 -0.572046 -0.232303 0.146365 0.0345077 -0.000936308 0.000120541 -1.11154e-07 -3.02405e-10
-0.54 -0.611119 -0.514136 4.54625e-05 -0.00251714 -0.0272241 0.0273723 -0.562915 -0.2362 0.153771 0.03746 -0.00105023 0.000139705 -1.33112e-07 -3.74192e-10
-0.52 -0.593409 -0.49688 3.92004e-05 -0.00224263 -0.0250621 0.0260369 -0.553266 -0.239875 0.161358 0.0406161 -0.0011766 0.000161722 -1.59217e-07 -4.62464e-10
-0.5 -0.57474 -0.479426 3.37604e-05 -0.00199567 -0.0230441 0.0247369 -0.543129 -0.243314 0.169117 0.0439853 -0.00131659 0.000186984 -1.90212e-07 -5.70874e-10
-0.48 -0.555123 -0.461779 2.90404e-05 -0.00177377 -0.0211632 0.0234736 -0.532539 -0.246507 0.177036 0.0475768 -0.00147147 0.000215933 -2.26968e-07 -7.03852e-10
-0.46 -0.534575 -0.443948 2.49503e-05 -0.00157465 -0.0194125 0.0222482 -0.521529 -0.249442 0.185104 0.0513999 -0.0016426 0.000249065 -2.70503e-07 -8.66765e-10
-0.44 -0.513116 -0.425939 2.14106e-05 -0.00139621 -0.0177853 0.0210614 -0.510135 -0.252109 0.193308 0.0554636 -0.00183143 0.000286937 -3.22001e-07 -1.06611e-09
-0.42 -0.490769 -0.40776 1.83511e-05 -0.0012365 -0.016275 0.019914 -0.49839 -0.254499 0.201632 0.0597768 -0.00203952 0.00033017 -3.82844e-07 -1.30972e-09
-0.4 -0.467561 -0.389418 1.57098e-05 -0.00109375 -0.014875 0.0188065 -0.486333 -0.256604 0.210063 0.0643482 -0.00226854 0.000379461 -4.54638e-07 -1.60707e-09
-0.38 -0.443521 -0.37092 1.34326e-05 -0.000966322 -0.0135792 0.0177394 -0.473997 -0.258416 0.218585 0.0691861 -0.00252024 0.000435588 -5.39247e-07 -1.96957e-09
-0.36 -0.41868 -0.352274 1.14717e-05 -0.000852714 -0.0123814 0.0167127 -0.461421 -0.259929 0.227179 0.0742985 -0.00279651 0.000499418 -6.38835e-07 -2.41093e-09
-0.34 -0.393075 -0.333487 9.78536e-06 -0.00075156 -0.0112757 0.0157265 -0.44864 -0.261136 0.235827 0.079693 -0.00309934 0.000571914 -7.55908e-07 -2.94766e-09
-0.32 -0.366742 -0.314567 8.33686e-06 -0.000661612 -0.0102564 0.0147808 -0.435689 -0.262035 0.244512 0.0853766 -0.00343085 0.000654148 -8.93362e-07 -3.59956e-09
-0.3 -0.339723 -0.29552 7.09427e-06 -0.00058173 -0.00931807 0.0138753 -0.422605 -0.262622 0.253212 0.091356 -0.00379326 0.000747309 -1.05455e-06 -4.39037e-09
-0.28 -0.31206 -0.276356 6.02964e-06 -0.000510879 -0.00845544 0.0130097 -0.409422 -0.262894 0.261908 0.0976368 -0.00418892 0.000852714 -1.24332e-06 -5.34848e-09
-0.26 -0.283799 -0.257081 5.11863e-06 -0.00044812 -0.00766347 0.0121834 -0.396175 -0.262851 0.270577 0.104224 -0.00462031 0.000971819 -1.46412e-06 -6.50787e-09
-0.24 -0.254985 -0.237703 4.34006e-06 -0.000392599 -0.00693735 0.011396 -0.382897 -0.262493 0.279197 0.111123 -0.00509001 0.00110623 -1.72207e-06 -7.90909e-09
-0.22 -0.225668 -0.21823 3.67549e-06 -0.000343544 -0.00627249 0.0106466 -0.36962 -0.261821 0.287747 0.118336 -0.00560074 0.00125773 -2.02304e-06 -9.60048e-09
-0.2 -0.1959 -0.198669 3.10896e-06 -0.000300258 -0.00566455 0.00993459 -0.356375 -0.260838 0.296203 0.125866 -0.00615532 0.00142825 -2.37376e-06 -1.16396e-08
-0.18 -0.165731 -0.17903 2.62659e-06 -0.000262111 -0.0051094 0.00925908 -0.343193 -0.259546 0.304542 0.133715 -0.0067567 0.00161995 -2.78193e-06 -1.40949e-08
-0.16 -0.135217 -0.159318 2.21641e-06 -0.000228537 -0.00460313 0.00861915 -0.330102 -0.257951 0.31274 0.141883 -0.00740795 0.00183518 -3.25639e-06 -1.70477e-08
-0.14 -0.104411 -0.139543 1.86804e-06 -0.000199024 -0.00414205 0.00801383 -0.31713 -0.256059 0.320774 0.150369 -0.00811222 0.00207651 -3.80719e-06 -2.05943e-08
-0.12 -0.0733689 -0.119712 1.57253e-06 -0.000173114 -0.00372269 0.00744208 -0.304302 -0.253875 0.32862 0.159171 -0.00887279 0.00234675 -4.44582e-06 -2.48489e-08
-0.1 -0.0421481 -0.0998334 1.32219e-06 -0.000150397 -0.00334177 0.00690283 -0.291643 -0.251409 0.336253 0.168287 -0.00969304 0.00264899 -5.18535e-06 -2.99465e-08
-0.08 -0.0108054 -0.0799147 1.11036e-06 -0.000130504 -0.00299623 0.00639498 -0.279175 -0.248667 0.343651 0.177712 -0.0105764 0.00298656 -6.04064e-06 -3.60466e-08
-0.06 0.0206016 -0.059964 9.31357e-07 -0.000113107 -0.0026832 0.00591739 -0.26692 -0.245661 0.350791 0.187439 -0.0115264 0.00336312 -7.02856e-06 -4.33373e-08
-0.04 0.0520153 -0.0399893 7.80272e-07 -9.79112e-05 -0.00239999 0.0054689 -0.254896 -0.2424 0.35765 0.197462 -0.0125468 0.00378261 -8.16825e-06 -5.204e-08
-0.02 0.0833779 -0.0199987 6.52912e-07 -8.46553e-05 -0.0021441 0.00504834 -0.243123 -0.238895 0.364206 0.207771 -0.013641 0.00424933 -9.48136e-06 -6.24155e-08
0 0.114632 0 5.45685e-07 -7.31064e-05 -0.00191319 0.00465453 -0.231615 -0.235159 0.370437 0.218356 -0.0148129 0.0047679 -1.09924e-05 -7.47697e-08
0.02 0.14572 0.0199987 4.55521e-07 -6.30572e-05 -0.00170511 0.0042863 -0.220387 -0.231203 0.376322 0.229205 -0.0160662 0.00534334 -1.27289e-05 -8.94619e-08
0.04 0.176587 0.0399893 3.79799e-07 -5.43242e-05 -0.00151783 0.00394246 -0.209452 -0.227042 0.381843 0.240305 -0.0174046 0.00598105 -1.4722e-05 -1.06913e-07
0.06 0.207176 0.059964 3.16285e-07 -4.67445e-05 -0.0013495 0.00362186 -0.19882 -0.222688 0.38698 0.25164 -0.0188319 0.00668684 -1.70069e-05 -1.27614e-07
0.08 0.237432 0.0799147 2.63076e-07 -4.01742e-05 -0.00119841 0.00332333 -0.188502 -0.218155 0.391716 0.263194 -0.0203518 0.00746696 -1.96228e-05 -1.52142e-07
0.1 0.267304 0.0998334 2.18556e-07 -3.44859e-05 -0.00106295 0.00304576 -0.178506 -0.213459 0.396034 0.274948 -0.0219681 0.00832808 -2.26139e-05 -1.81166e-07
0.12 0.296737 0.119712 1.81352e-07 -2.95676e-05 -0.000941671 0.00278802 -0.168836 -0.208613 0.39992 0.286882 -0.0236842 0.00927737 -2.60297e-05 -2.15468e-07
0.14 0.325683 0.139543 1.50301e-07 -2.53203e-05 -0.000833231 0.00254903 -0.159499 -0.203632 0.403359 0.298976 -0.0255038 0.0103225 -2.99255e-05 -2.55958e-07
0.16 0.354093 0.159318 1.24417e-07 -2.16571e-05 -0.000736394 0.00232773 -0.150498 -0.198532 0.406341 0.311206 -0.0274302 0.0114715 -3.43631e-05 -3.03692e-07
0.18 0.38192 0.17903 1.02868e-07 -1.85017e-05 -0.000650031 0.0021231 -0.141834 -0.193328 0.408853 0.323547 -0.0294667 0.0127332 -3.94114e-05 -3.59895e-07
0.2 0.409119 0.198669 8.49483e-08 -1.5787e-05 -0.000573108 0.00193413 -0.133509 -0.188034 0.410887 0.335975 -0.0316165 0.0141167 -4.51472e-05 -4.25989e-07
0.22 0.435649 0.21823 7.00663e-08 -1.34545e-05 -0.000504682 0.00175987 -0.125521 -0.182666 0.412437 0.348461 -0.0338825 0.0156318 -5.16557e-05 -5.03615e-07
0.24 0.461471 0.237703 5.77222e-08 -1.14529e-05 -0.000443893 0.00159939 -0.11787 -0.177239 0.413495 0.360978 -0.0362673 0.0172887 -5.90316e-05 -5.94674e-07
0.26 0.486546 0.257081 4.74959e-08 -9.73736e-06 -0.000389958 0.0014518 -0.110553 -0.171766 0.414059 0.373497 -0.0387734 0.0190982 -6.73799e-05 -7.01354e-07
0.28 0.510842 0.276356 3.90344e-08 -8.26886e-06 -0.000342165 0.00131625 -0.103565 -0.166263 0.414127 0.385986 -0.041403 0.0210719 -7.68164e-05 -8.2618e-07
0.3 0.534326 0.29552 3.20418e-08 -7.01341e-06 -0.000299869 0.00119192 -0.096903 -0.160743 0.413698 0.398414 -0.0441579 0.0232217 -8.74696e-05 -9.72055e-07
0.32 0.556972 0.314567 2.62704e-08 -5.94144e-06 -0.000262487 0.00107805 -0.0905607 -0.15522 0.412774 0.410749 -0.0470396 0.0255601 -9.94808e-05 -1.14232e-06
0.34 0.578753 0.333487 2.15127e-08 -5.02728e-06 -0.000229489 0.000973879 -0.0845319 -0.149707 0.411358 0.422958 -0.0500493 0.0281002 -0.000113006 -1.34079e-06
0.36 0.599649 0.352274 1.75955e-08 -4.24867e-06 -0.000200399 0.000878722 -0.0788099 -0.144217 0.409455 0.435008 -0.0531876 0.0308558 -0.000128215 -1.57186e-06
0.38 0.619641 0.37092 1.43743e-08 -3.58634e-06 -0.000174787 0.000791913 -0.073387 -0.138761 0.407073 0.446864 -0.056455 0.0338409 -0.000145297 -1.84054e-06
0.4 0.638714 0.389418 1.17287e-08 -3.02364e-06 -0.000152265 0.000712823 -0.0682554 -0.133352 0.404218 0.458493 -0.0598512 0.0370703 -0.000164458 -2.15256e-06
0.42 0.656858 0.40776 9.55861e-09 -2.54616e-06 -0.000132486 0.000640862 -0.0634064 -0.127999 0.400903 0.469861 -0.0633757 0.0405591 -0.000185922 -2.51446e-06
0.44 0.674065 0.425939 7.78067e-09 -2.14152e-06 -0.000115138 0.000575475 -0.0588313 -0.122715 0.397137 0.480933 -0.0670272 0.0443231 -0.000209936 -2.93368e-06
0.46 0.690331 0.443948 6.32584e-09 -1.79902e-06 -9.99414e-05 0.00051614 -0.0545209 -0.117507 0.392936 0.491675 -0.0708041 0.0483783 -0.000236766 -3.41869e-06
0.48 0.705656 0.461779 5.13686e-09 -1.50949e-06 -8.66466e-05 0.000462368 -0.0504656 -0.112385 0.388312 0.502055 -0.0747041 0.0527412 -0.000266706 -3.97911e-06
0.5 0.720044 0.479426 4.16636e-09 -1.26503e-06 -7.50303e-05 0.0004137 -0.046656 -0.107358 0.383283 0.512039 -0.0787244 0.0574286 -0.000300071 -4.62584e-06
0.52 0.733502 0.49688 3.37516e-09 -1.05889e-06 -6.48935e-05 0.000369712 -0.0430822 -0.102433 0.377865 0.521595 -0.0828616 0.0624576 -0.000337205 -5.37123e-06
0.54 0.74604 0.514136 2.73093e-09 -8.85283e-07 -5.60588e-05 0.000330004 -0.0397345 -0.0976162 0.372077 0.530692 -0.0871115 0.0678455 -0.00037848 -6.22926e-06
0.56 0.757675 0.531186 2.20702e-09 -7.39249e-07 -4.83689e-05 0.000294208 -0.036603 -0.0929145 0.365938 0.5393 -0.0914697 0.0736098 -0.000424298 -7.21569e-06
0.58 0.768423 0.548024 1.78148e-09 -6.16564e-07 -4.16837e-05 0.00026198 -0.0336778 -0.0883332 0.359469 0.547391 -0.0959307 0.0797681 -0.000475093 -8.3483e-06
0.6 0.778306 0.564642 1.43626e-09 -5.13623e-07 -3.58795e-05 0.000233003 -0.0309492 -0.0838771 0.352691 0.554937 -0.100489 0.086338 -0.00053133 -9.6471e-06
0.62 0.787351 0.581035 1.15655e-09 -4.27355e-07 -3.08464e-05 0.000206982 -0.0284076 -0.0795502 0.345625 0.561912 -0.105137 0.0933368 -0.000593511 -1.11346e-05
0.64 0.795584 0.597195 9.30198e-10 -3.55151e-07 -2.64875e-05 0.000183647 -0.0260434 -0.0753561 0.338295 0.568292 -0.109868 0.100782 -0.000662174 -1.2836e-05
0.66 0.803038 0.613117 7.47248e-10 -2.94792e-07 -2.27174e-05 0.000162747 -0.0238474 -0.0712975 0.330723 0.574056 -0.114675 0.108691 -0.000737894 -1.47797e-05
0.68 0.809747 0.628793 5.99561e-10 -2.44398e-07 -1.94604e-05 0.000144053 -0.0218103 -0.0673766 0.322933 0.579183 -0.119548 0.117079 -0.000821288 -1.69974e-05
0.7 0.815748 0.644218 4.80486e-10 -2.02376e-07 -1.66505e-05 0.000127353 -0.0199234 -0.063595 0.314949 0.583654 -0.124479 0.125964 -0.000913009 -1.95243e-05
0.72 0.821082 0.659385 3.84598e-10 -1.67378e-07 -1.42291e-05 0.000112454 -0.0181778 -0.0599536 0.306793 0.587455 -0.129458 0.135361 -0.00101376 -2.23999e-05
0.74 0.82579 0.674288 3.07476e-10 -1.38266e-07 -1.21454e-05 9.91787e-05 -0.0165653 -0.0564529 0.29849 0.590572 -0.134474 0.145284 -0.00112427 -2.56683e-05
0.76 0.829917 0.688921 2.45525e-10 -1.14081e-07 -1.03543e-05 8.73659e-05 -0.0150777 -0.0530929 0.290064 0.592992 -0.139517 0.155747 -0.00124534 -2.93783e-05
0.78 0.83351 0.703279 1.9582e-10 -9.40131e-08 -8.81678e-06 7.68678e-05 -0.0137073 -0.049873 0.281537 0.594709 -0.144576 0.166764 -0.00137779 -3.35843e-05
0.8 0.836616 0.717356 1.55991e-10 -7.73826e-08 -7.49856e-06 6.75501e-05 -0.0124465 -0.0467922 0.272933 0.595716 -0.149639 0.178346 -0.0015225 -3.83463e-05
0.82 0.839285 0.731146 1.24114e-10 -6.36175e-08 -6.36978e-06 5.92906e-05 -0.0112881 -0.043849 0.264275 0.596008 -0.154693 0.190503 -0.00168039 -4.3731e-05
0.84 0.841567 0.744643 9.86322e-11 -5.22383e-08 -5.40443e-06 5.19786e-05 -0.0102252 -0.0410417 0.255585 0.595586 -0.159726 0.203246 -0.00185243 -4.98121e-05
0.86 0.843514 0.757843 7.82883e-11 -4.2843e-08 -4.57989e-06 4.55138e-05 -0.00925131 -0.038368 0.246884 0.59445 -0.164725 0.21658 -0.00203964 -5.66707e-05
0.88 0.845176 0.770739 6.2066e-11 -3.50954e-08 -3.87649e-06 3.98052e-05 -0.00836014 -0.0358256 0.238193 0.592604 -0.169677 0.230513 -0.00224307 -6.43964e-05
0.9 0.846605 0.783327 4.91461e-11 -2.87144e-08 -3.27718e-06 3.47708e-05 -0.00754574 -0.0334114 0.229533 0.590056 -0.174568 0.245047 -0.00246383 -7.30875e-05
0.92 0.847854 0.795602 3.8869e-11 -2.34654e-08 -2.76721e-06 3.03368e-05 -0.00680252 -0.0311226 0.220922 0.586815 -0.179385 0.260186 -0.00270308 -8.28521e-05
0.94 0.848972 0.807558 3.07041e-11 -1.91529e-08 -2.33379e-06 2.64364e-05 -0.00612514 -0.0289558 0.212379 0.582891 -0.184114 0.275929 -0.002962 -9.38087e-05
0.96 0.85001 0.819192 2.42253e-11 -1.56142e-08 -1.96589e-06 2.30099e-05 -0.0055086 -0.0269075 0.203922 0.578299 -0.18874 0.292273 -0.00324182 -0.000106087
0.98 0.851017 0.830497 1.90906e-11 -1.2714e-08 -1.65401e-06 2.00035e-05 -0.00494818 -0.0249742 0.195567 0.573055 -0.193251 0.309214 -0.00354383 -0.000119828
1 0.852039 0.841471 1.50262e-11 -1.03401e-08 -1.38993e-06 1.7369e-05 -0.00443944 -0.023152 0.187329 0.567178 -0.197632 0.326744 -0.00386933 -0.000135187
1.02 0.853121 0.852108 1.1813e-11 -8.39941e-09 -1.16662e-06 1.50634e-05 -0.00397823 -0.0214369 0.179222 0.560687 -0.20187 0.344855 -0.00421966 -0.000152331
1.04 0.854307 0.862404 9.2757e-12 -6.81475e-09 -9.78011e-07 1.30482e-05 -0.00356066 -0.0198252 0.171261 0.553607 -0.205952 0.363533 -0.00459619 -0.000171444
1.06 0.855637 0.872355 7.27466e-12 -5.52242e-09 -8.18911e-07 1.1289e-05 -0.0031831 -0.0183126 0.163458 0.54596 -0.209865 0.382763 -0.00500031 -0.000192724
1.08 0.857149 0.881958 5.69847e-12 -4.4698e-09 -6.8487e-07 9.75534e-06 -0.00284216 -0.0168951 0.155823 0.537773 -0.213595 0.402526 -0.00543344 -0.000216385
1.1 0.858876 0.891207 4.45843e-12 -3.61348e-09 -5.72083e-07 8.41989e-06 -0.0025347 -0.0155687 0.148366 0.529073 -0.21713 0.422803 -0.00589701 -0.000242659
1.12 0.860851 0.9001 3.48406e-12 -2.91771e-09 -4.77297e-07 7.25854e-06 -0.00225778 -0.0143292 0.141097 0.51989 -0.22046 0.443568 -0.00639245 -0.000271798
1.14 0.863099 0.908633 2.71936e-12 -2.35308e-09 -3.97738e-07 6.24987e-06 -0.00200871 -0.0131725 0.134023 0.510254 -0.223572 0.464795 -0.00692121 -0.00030407
1.16 0.865645 0.916803 2.11996e-12 -1.89544e-09 -3.31043e-07 5.37491e-06 -0.00178497 -0.0120947 0.127151 0.500196 -0.226457 0.486454 -0.00748472 -0.000339766
1.18 0.868507 0.924606 1.6507e-12 -1.52498e-09 -2.75201e-07 4.6169e-06 -0.00158425 -0.0110918 0.120486 0.489748 -0.229103 0.508511 -0.0080844 -0.000379198
1.2 0.871702 0.932039 1.28377e-12 -1.22545e-09 -2.28505e-07 3.96104e-06 -0.00140441 -0.0101598 0.114034 0.478943 -0.231502 0.530931 -0.00872165 -0.000422698
1.22 0.875239 0.939099 9.97202e-13 -9.83571e-10 -1.89504e-07 3.39427e-06 -0.0012435 -0.00929503 0.107799 0.467815 -0.233646 0.553675 -0.00939786 -0.000470623
1.24 0.879124 0.945784 7.73676e-13 -7.88488e-10 -1.56972e-07 2.9051e-06 -0.0010997 -0.00849363 0.101781 0.456397 -0.235527 0.576701 -0.0101143 -0.000523354
1.26 0.88336 0.95209 5.99534e-13 -6.3134e-10 -1.29868e-07 2.48346e-06 -0.000971365 -0.00775201 0.095985 0.444724 -0.237138 0.599964 -0.0108724 -0.000581295
1.28 0.887942 0.958016 4.64032e-13 -5.04906e-10 -1.07316e-07 2.12046e-06 -0.000856978 -0.00706667 0.09041 0.43283 -0.238474 0.623416 -0.0116732 -0.000644876
1.3 0.892864 0.963558 3.58724e-13 -4.03307e-10 -8.85732e-08 1.80835e-06 -0.000755153 -0.00643418 0.0850568 0.420749 -0.23953 0.647009 -0.0125181 -0.000714553
1.32 0.898112 0.968715 2.76982e-13 -3.21766e-10 -7.30164e-08 1.54033e-06 -0.00066463 -0.00585129 0.0799245 0.408514 -0.240302 0.670689 -0.0134079 -0.00079081
1.34 0.90367 0.973485 2.1361e-13 -2.56404e-10 -6.01198e-08 1.31046e-06 -0.000584256 -0.00531481 0.0750118 0.39616 -0.240788 0.694402 -0.0143438 -0.000874155
1.36 0.909516 0.977865 1.6454e-13 -2.04074e-10 -4.94417e-08 1.11356e-06 -0.000512986 -0.00482174 0.0703167 0.383718 -0.240985 0.718091 -0.0153266 -0.000965125
1.38 0.915624 0.981854 1.2659e-13 -1.62229e-10 -4.06114e-08 9.45106e-07 -0.000449869 -0.00436916 0.0658364 0.371222 -0.240893 0.741698 -0.0163571 -0.00106428
1.4 0.921963 0.98545 9.72761e-14 -1.2881e-10 -3.33182e-08 8.01175e-07 -0.000394045 -0.00395431 0.0615677 0.358702 -0.240512 0.765162 -0.017436 -0.00117222
1.42 0.9285 0.988652 7.46606e-14 -1.02152e-10 -2.73019e-08 6.78348e-07 -0.000344735 -0.00357456 0.0575066 0.346188 -0.239844 0.788422 -0.0185637 -0.00128956
1.44 0.935196 0.991458 5.72343e-14 -8.09142e-11 -2.23452e-08 5.73663e-07 -0.000301233 -0.00322741 0.0536491 0.33371 -0.238891 0.811414 -0.0197407 -0.00141694
1.46 0.942011 0.993868 4.38227e-14 -6.4015e-11 -1.82665e-08 4.84552e-07 -0.000262905 -0.00291047 0.0499902 0.321296 -0.237656 0.834075 -0.0209671 -0.00155504
1.48 0.948897 0.995881 3.35137e-14 -5.05844e-11 -1.49143e-08 4.08792e-07 -0.000229179 -0.00262151 0.0465251 0.308973 -0.236145 0.856342 -0.022243 -0.00170455
1.5 0.955809 0.997495 2.5599e-14 -3.99237e-11 -1.21627e-08 3.44463e-07 -0.000199539 -0.00235841 0.0432482 0.296766 -0.234361 0.878148 -0.0235682 -0.0018662
1.52 0.962696 0.99871 1.953e-14 -3.1472e-11 -9.90688e-09 2.8991e-07 -0.000173525 -0.00211917 0.0401539 0.2847 -0.232312 0.899429 -0.0249425 -0.00204072
1.54 0.969504 0.999526 1.4882e-14 -2.47797e-11 -8.05976e-09 2.43703e-07 -0.000150721 -0.00190192 0.0372362 0.272797 -0.230004 0.920121 -0.0263652 -0.00222889
1.56 0.976178 0.999942 1.13266e-14 -1.94871e-11 -6.54917e-09 2.04616e-07 -0.000130757 -0.00170489 0.0344892 0.261078 -0.227447 0.940161 -0.0278357 -0.00243149
1.58 0.982664 0.999958 8.61025e-15 -1.53065e-11 -5.31532e-09 1.71591e-07 -0.000113301 -0.00152643 0.0319065 0.249562 -0.224648 0.959485 -0.0293529 -0.00264932
1.6 0.988903 0.999574 6.53749e-15 -1.20084e-11 -4.30875e-09 1.43724e-07 -9.80578e-05 -0.00136502 0.0294818 0.238269 -0.221618 0.978032 -0.0309157 -0.0028832
1.62 0.994838 0.99879 4.95775e-15 -9.40964e-12 -3.48861e-09 1.20239e-07 -8.47636e-05 -0.00121921 0.0272087 0.227214 -0.218366 0.995741 -0.0325226 -0.00313398
1.64 1.00041 0.997606 3.75524e-15 -7.36443e-12 -2.82118e-09 1.0047e-07 -7.31839e-05 -0.00108768 0.0250807 0.216412 -0.214904 1.01256 -0.0341721 -0.00340247
1.66 1.00556 0.996024 2.84099e-15 -5.75684e-12 -2.27871e-09 8.38511e-08 -6.31103e-05 -0.000969165 0.0230915 0.205876 -0.211243 1.02842 -0.0358621 -0.00368954
1.68 1.01023 0.994043 2.14675e-15 -4.49478e-12 -1.83835e-09 6.98971e-08 -5.43581e-05 -0.000862531 0.0212345 0.195618 -0.207395 1.04328 -0.0375906 -0.00399603
1.7 1.01437 0.991665 1.62021e-15 -3.50519e-12 -1.4813e-09 5.81954e-08 -4.67635e-05 -0.000766709 0.0195035 0.185648 -0.203373 1.05708 -0.0393552 -0.0043228
1.72 1.01792 0.98889 1.22135e-15 -2.73019e-12 -1.19217e-09 4.83946e-08 -4.01817e-05 -0.000680715 0.017892 0.175976 -0.199191 1.06979 -0.0411531 -0.00467067
1.74 1.02083 0.985719 9.19572e-16 -2.12399e-12 -9.58323e-10 4.01961e-08 -3.44849e-05 -0.000603641 0.0163941 0.166607 -0.19486 1.08134 -0.0429816 -0.00504048
1.76 1.02304 0.982154 6.91531e-16 -1.65041e-12 -7.69422e-10 3.33465e-08 -2.95602e-05 -0.000534652 0.0150035 0.157548 -0.190395 1.09172 -0.0448375 -0.00543306
1.78 1.02451 0.978197 5.19418e-16 -1.28089e-12 -6.17015e-10 2.76309e-08 -2.53085e-05 -0.00047298 0.0137144 0.148802 -0.185809 1.10086 -0.0467175 -0.00584918
1.8 1.02519 0.973848 3.89673e-16 -9.92906e-13 -4.94204e-10 2.28675e-08 -2.16423e-05 -0.00041792 0.012521 0.140374 -0.181115 1.10876 -0.0486178 -0.00628963
1.82 1.02505 0.969109 2.91987e-16 -7.68748e-13 -3.95363e-10 1.89026e-08 -1.8485e-05 -0.000368826 0.0114178 0.132264 -0.176329 1.11537 -0.0505349 -0.00675513
1.84 1.02403 0.963983 2.18527e-16 -5.94482e-13 -3.1591e-10 1.56064e-08 -1.57693e-05 -0.00032511 0.0103993 0.124473 -0.171464 1.12068 -0.0524645 -0.00724638
1.86 1.02212 0.958471 1.63352e-16 -4.59169e-13 -2.52122e-10 1.28695e-08 -1.34365e-05 -0.000286231 0.00946027 0.117001 -0.166532 1.12466 -0.0544024 -0.00776404
1.88 1.01927 0.952576 1.21962e-16 -3.54229e-13 -2.00972e-10 1.05999e-08 -1.14351e-05 -0.000251699 0.00859572 0.109845 -0.161549 1.1273 -0.0563443 -0.00830869
1.9 1.01547 0.9463 9.09499e-17 -2.72945e-13 -1.60008e-10 8.72005e-09 -9.72008e-06 -0.000221068 0.00780081 0.103004 -0.156527 1.12859 -0.0582856 -0.00888089
1.92 1.01069 0.939645 6.77421e-17 -2.10061e-13 -1.2724e-10 7.16499e-09 -8.25239e-06 -0.000193932 0.00707093 0.0964722 -0.151479 1.12853 -0.0602214 -0.00948112
1.94 1.00491 0.932615 5.03958e-17 -1.61471e-13 -1.01062e-10 5.88018e-09 -6.99791e-06 -0.000169923 0.00640165 0.0902465 -0.146418 1.12711 -0.0621468 -0.0101098
1.96 0.998125 0.925212 3.74463e-17 -1.23972e-13 -8.01729e-11 4.81998e-09 -5.92702e-06 -0.000148707 0.00578876 0.0843214 -0.141356 1.12435 -0.064057 -0.0107672
1.98 0.990327 0.917438 2.77909e-17 -9.50669e-14 -6.35254e-11 3.94619e-09 -5.01398e-06 -0.000129985 0.00522828 0.0786909 -0.136305 1.12025 -0.0659466 -0.0114536
2 0.981513 0.909297 2.06004e-17 -7.2814e-14 -5.02743e-11 3.22694e-09 -4.23651e-06 -0.000113483 0.0047164 0.0733482 -0.131278 1.11482 -0.0678106 -0.0121691
2.02 0.971686 0.900793 1.5252e-17 -5.57031e-14 -3.97396e-11 2.63561e-09 -3.5753e-06 -9.89574e-05 0.00424954 0.0682863 -0.126284 1.10809 -0.0696436 -0.0129139
2.04 0.960854 0.891929 1.12786e-17 -4.2562e-14 -3.13747e-11 2.15006e-09 -3.01367e-06 -8.61876e-05 0.00382429 0.0634975 -0.121335 1.10008 -0.0714404 -0.0136878
2.06 0.949031 0.882707 8.33037e-18 -3.24821e-14 -2.47409e-11 1.75186e-09 -2.53721e-06 -7.49756e-05 0.00343747 0.0589737 -0.116439 1.09082 -0.0731957 -0.0144906
2.08 0.936233 0.873133 6.14543e-18 -2.47597e-14 -1.94863e-11 1.4257e-09 -2.13352e-06 -6.51439e-05 0.00308608 0.0547065 -0.111608 1.08034 -0.0749041 -0.0153222
2.1 0.922484 0.863209 4.52813e-18 -1.88506e-14 -1.53293e-11 1.15887e-09 -1.79191e-06 -5.65336e-05 0.00276728 0.0506872 -0.106848 1.06868 -0.0765605 -0.016182
2.12 0.90781 0.85294 3.33245e-18 -1.43345e-14 -1.20447e-11 9.40846e-10 -1.5032e-06 -4.90025e-05 0.00247844 0.0469068 -0.102169 1.05587 -0.0781597 -0.0170697
2.14 0.892243 0.84233 2.44956e-18 -1.08873e-14 -9.45247e-12 7.62926e-10 -1.25948e-06 -4.24237e-05 0.00221708 0.0433564 -0.0975772 1.04197 -0.0796966 -0.0179844
2.16 0.875816 0.831383 1.79842e-18 -8.25919e-15 -7.40926e-12 6.1791e-10 -1.05402e-06 -3.66841e-05 0.00198091 0.0400266 -0.0930803 1.02702 -0.0811663 -0.0189253
2.18 0.85857 0.820104 1.31878e-18 -6.25796e-15 -5.80074e-12 4.99859e-10 -8.81016e-07 -3.1683e-05 0.00176777 0.0369083 -0.0886841 1.01107 -0.0825639 -0.0198917
2.2 0.840546 0.808496 9.65903e-19 -4.73594e-15 -4.53597e-12 4.03876e-10 -7.35525e-07 -2.73309e-05 0.00157567 0.0339921 -0.0843942 0.994167 -0.0838849 -0.0208823
2.22 0.82179 0.796565 7.06599e-19 -3.57981e-15 -3.54272e-12 3.25932e-10 -6.13325e-07 -2.35483e-05 0.00140277 0.0312687 -0.0802155 0.976379 -0.0851248 -0.021896
2.24 0.802352 0.784316 5.16287e-19 -2.70266e-15 -2.76364e-12 2.62715e-10 -5.10813e-07 -2.02649e-05 0.00124734 0.0287291 -0.0761523 0.957759 -0.0862794 -0.0229313
2.26 0.782282 0.771753 3.76781e-19 -2.03799e-15 -2.1533e-12 2.11506e-10 -4.24925e-07 -1.74184e-05 0.0011078 0.026364 -0.0722082 0.938368 -0.0873448 -0.0239868
2.28 0.761634 0.758881 2.74641e-19 -1.53494e-15 -1.67574e-12 1.70074e-10 -3.53054e-07 -1.49538e-05 0.000982689 0.0241646 -0.0683862 0.918266 -0.0883173 -0.0250607
2.3 0.740464 0.745705 1.99949e-19 -1.15467e-15 -1.30253e-12 1.36594e-10 -2.92988e-07 -1.28225e-05 0.000870664 0.0221222 -0.0646889 0.897518 -0.0891936 -0.0261514
2.32 0.718828 0.732231 1.45396e-19 -8.67573e-16 -1.01123e-12 1.09574e-10 -2.42849e-07 -1.09818e-05 0.000770484 0.0202281 -0.0611181 0.876186 -0.0899705 -0.0272568
2.34 0.696786 0.718465 1.05601e-19 -6.51077e-16 -7.84131e-13 8.77928e-11 -2.01049e-07 -9.394e-06 0.000681014 0.018474 -0.0576751 0.854335 -0.0906453 -0.0283748
2.36 0.674396 0.704411 7.66051e-20 -4.88019e-16 -6.07305e-13 7.02571e-11 -1.66244e-07 -8.02617e-06 0.000601211 0.0168517 -0.0543608 0.832031 -0.0912157 -0.0295033
2.38 0.651718 0.690075 5.55045e-20 -3.6536e-16 -4.6979e-13 5.61566e-11 -1.373e-07 -6.84928e-06 0.000530124 0.0153535 -0.0511756 0.809337 -0.0916796 -0.0306399
2.4 0.628813 0.675463 4.01677e-20 -2.73201e-16 -3.62977e-13 4.48321e-11 -1.13259e-07 -5.83795e-06 0.000466881 0.0139717 -0.0481192 0.786317 -0.0920353 -0.0317821
2.42 0.605741 0.660581 2.90339e-20 -2.04044e-16 -2.80113e-13 3.57485e-11 -9.33154e-08 -4.96998e-06 0.00041069 0.012699 -0.045191 0.763036 -0.0922816 -0.0329273
2.44 0.582561 0.645435 2.0961e-20 -1.5221e-16 -2.15907e-13 2.84711e-11 -7.67915e-08 -4.22599e-06 0.000360828 0.0115285 -0.0423902 0.739557 -0.0924177 -0.0340729
2.46 0.559332 0.630031 1.51146e-20 -1.13408e-16 -1.66219e-13 2.2648e-11 -6.31178e-08 -3.58906e-06 0.00031664 0.0104532 -0.0397152 0.71594 -0.0924429 -0.0352161
2.48 0.536112 0.614374 1.08858e-20 -8.43959e-17 -1.27812e-13 1.79943e-11 -5.18167e-08 -3.04447e-06 0.00027753 0.00946688 -0.0371645 0.692246 -0.0923572 -0.0363539
2.5 0.512958 0.598472 7.83079e-21 -6.27304e-17 -9.81614e-14 1.42796e-11 -4.2488e-08 -2.57941e-06 0.000242959 0.00856334 -0.0347358 0.668534 -0.0921609 -0.0374836
2.52 0.489923 0.582331 5.62636e-21 -4.65708e-17 -7.52991e-14 1.13182e-11 -3.4797e-08 -2.18278e-06 0.000212439 0.00773675 -0.0324269 0.64486 -0.0918548 -0.0386019
2.54 0.467062 0.565956 4.03765e-21 -3.45325e-17 -5.76922e-14 8.96025e-12 -2.8464e-08 -1.84492e-06 0.000185531 0.00698156 -0.0302352 0.621278 -0.0914399 -0.039706
2.56 0.444425 0.549355 2.89407e-21 -2.55753e-17 -4.41493e-14 7.085e-12 -2.32557e-08 -1.55748e-06 0.000161836 0.00629253 -0.0281578 0.59784 -0.0909177 -0.0407927
2.58 0.422061 0.532535 2.07189e-21 -1.89188e-17 -3.3745e-14 5.59549e-12 -1.89776e-08 -1.31325e-06 0.000140998 0.0056647 -0.0261917 0.574597 -0.09029 -0.0418588
2.6 0.400016 0.515501 1.48151e-21 -1.3978e-17 -2.57616e-14 4.41383e-12 -1.54679e-08 -1.10599e-06 0.000122696 0.0050934 -0.0243337 0.551595 -0.0895592 -0.0429013
2.62 0.378334 0.498262 1.05809e-21 -1.03151e-17 -1.96434e-14 3.47754e-12 -1.25922e-08 -9.30327e-07 0.000106642 0.00457422 -0.0225804 0.528879 -0.0887277 -0.043917
2.64 0.357056 0.480823 7.54774e-22 -7.60295e-18 -1.49602e-14 2.73657e-12 -1.02388e-08 -7.81623e-07 9.25767e-05 0.00410304 -0.0209282 0.506491 -0.0877986 -0.0449029
2.66 0.336219 0.463191 5.37763e-22 -5.59718e-18 -1.13799e-14 2.15091e-12 -8.31528e-09 -6.559e-07 8.02704e-05 0.00367597 -0.0193737 0.484468 -0.086775 -0.0458558
2.68 0.315859 0.445375 3.82688e-22 -4.11563e-18 -8.64606e-15 1.68855e-12 -6.74501e-09 -5.4974e-07 6.95166e-05 0.00328941 -0.0179131 0.462847 -0.0856604 -0.0467728
2.7 0.296008 0.42738 2.72005e-22 -3.0226e-18 -6.5611e-15 1.32399e-12 -5.46472e-09 -4.60209e-07 6.01312e-05 0.00293997 -0.0165428 0.441661 -0.0844588 -0.0476509
2.72 0.276694 0.409214 1.93102e-22 -2.2172e-18 -4.97295e-15 1.0369e-12 -4.42213e-09 -3.84798e-07 5.19505e-05 0.0026245 -0.015259 0.420939 -0.0831741 -0.0484873
2.74 0.257945 0.390885 1.36923e-22 -1.62446e-18 -3.7647e-15 8.11084e-13 -3.57416e-09 -3.21357e-07 4.4829e-05 0.00234007 -0.014058 0.400708 -0.0818108 -0.0492792
2.76 0.239781 0.372399 9.69717e-23 -1.18875e-18 -2.84659e-15 6.33686e-13 -2.88533e-09 -2.68054e-07 3.86374e-05 0.00208397 -0.0129359 0.380992 -0.0803733 -0.050024
2.78 0.222224 0.353764 6.85949e-23 -8.68861e-19 -2.1498e-15 4.94494e-13 -2.32646e-09 -2.23325e-07 3.32609e-05 0.00185366 -0.0118891 0.361812 -0.0788663 -0.0507191
2.8 0.205289 0.334988 4.84639e-23 -6.34292e-19 -1.62163e-15 3.85414e-13 -1.87359e-09 -1.85836e-07 2.85983e-05 0.00164683 -0.010914 0.343185 -0.0772948 -0.0513622
2.82 0.188991 0.316078 3.41998e-23 -4.62496e-19 -1.22175e-15 3.00035e-13 -1.50707e-09 -1.54454e-07 2.45598e-05 0.00146133 -0.0100068 0.325127 -0.0756638 -0.0519511
2.84 0.173339 0.297041 2.4105e-23 -3.36825e-19 -9.19376e-16 2.3329e-13 -1.21079e-09 -1.28218e-07 2.10663e-05 0.00129516 -0.00916398 0.307649 -0.0739784 -0.0524837
2.86 0.158343 0.277886 1.69695e-23 -2.45008e-19 -6.91007e-16 1.81175e-13 -9.71596e-10 -1.06311e-07 1.80481e-05 0.00114652 -0.0083821 0.290762 -0.0722437 -0.0529582
2.88 0.144006 0.258619 1.19319e-23 -1.78006e-19 -5.18741e-16 1.40533e-13 -7.78718e-10 -8.80415e-08 1.54437e-05 0.00101371 -0.00765774 0.274473 -0.0704651 -0.0533729
2.9 0.130331 0.239249 8.37976e-24 -1.29172e-19 -3.88953e-16 1.08878e-13 -6.23381e-10 -7.28239e-08 1.31993e-05 0.000895215 -0.00698758 0.258785 -0.0686479 -0.0537263
2.92 0.117319 0.219784 5.87801e-24 -9.36228e-20 -2.91288e-16 8.42516e-14 -4.98432e-10 -6.01644e-08 1.12676e-05 0.000789623 -0.00636843 0.243701 -0.0667974 -0.0540172
2.94 0.104966 0.20023 4.11821e-24 -6.77755e-20 -2.17885e-16 6.51173e-14 -3.9805e-10 -4.9646e-08 9.607e-06 0.00069565 -0.00579718 0.229221 -0.0649187 -0.0542445
2.96 0.0932678 0.180596 2.88181e-24 -4.90053e-20 -1.62784e-16 5.02681e-14 -3.17503e-10 -4.09173e-08 8.18134e-06 0.000612125 -0.00527084 0.215343 -0.0630173 -0.0544075
2.98 0.0822175 0.16089 2.01419e-24 -3.53909e-20 -1.21471e-16 3.87586e-14 -2.52951e-10 -3.36829e-08 6.95889e-06 0.000537983 -0.00478654 0.202063 -0.0610982 -0.0545055
3 0.0718059 0.14112 1.4061e-24 -2.55282e-20 -9.05346e-17 2.98485e-14 -2.01281e-10 -2.76943e-08 5.91199e-06 0.000472255 -0.00434153 0.189374 -0.0591664 -0.0545382
3.02 0.0620225 0.121293 9.80413e-25 -1.83919e-20 -6.73961e-17 2.29592e-14 -1.59974e-10 -2.27431e-08 5.01657e-06 0.00041406 -0.00393316 0.177269 -0.0572271 -0.0545055
3.04 0.0528546 0.101418 6.82781e-25 -1.32346e-20 -5.0111e-17 1.76388e-14 -1.26992e-10 -1.86547e-08 4.25166e-06 0.0003626 -0.00355894 0.165739 -0.0552849 -0.0544075
3.06 0.0442883 0.0815022 4.74933e-25 -9.5121e-21 -3.72144e-17 1.3535e-14 -1.00688e-10 -1.52829e-08 3.59906e-06 0.000317155 -0.00321646 0.154773 -0.0533446 -0.0542445
3.08 0.0363082 0.0615537 3.29961e-25 -6.82841e-21 -2.76037e-17 1.03736e-14 -7.97375e-11 -1.25055e-08 3.04298e-06 0.000277073 -0.00290345 0.144359 -0.0514106 -0.0540172
3.1 0.0288977 0.0415807 2.28966e-25 -4.896e-21 -2.04504e-17 7.94104e-15 -6.30703e-11 -1.02206e-08 2.56973e-06 0.000241767 -0.00261775 0.134485 -0.0494874 -0.0537263
3.12 0.0220391 0.021591 1.58693e-25 -3.50625e-21 -1.51327e-17 6.07162e-15 -4.98271e-11 -8.34318e-09 2.16748e-06 0.000210706 -0.00235734 0.125135 -0.047579 -0.0533729
3.14 0.0157139 0.00159265 1.09856e-25 -2.50797e-21 -1.11843e-17 4.63672e-15 -3.93174e-11 -6.80244e-09 1.826e-06 0.000183416 -0.00212029 0.116296 -0.0456893 -0.0529582
3.16 0.00990261 -0.0184063 7.59575e-26 -1.79176e-21 -8.25623e-18 3.53668e-15 -3.09873e-11 -5.53957e-09 1.53648e-06 0.000159468 -0.00190479 0.107952 -0.043822 -0.0524837
3.18 0.00458522 -0.0383979 5.2456e-26 -1.27855e-21 -6.08741e-18 2.69439e-15 -2.43927e-11 -4.50575e-09 1.29131e-06 0.000138482 -0.00170914 0.100086 -0.0419807 -0.0519511
3.2 -0.000258799 -0.0583741 3.61824e-26 -9.11244e-22 -4.48293e-18 2.05023e-15 -1.91786e-11 -3.66046e-09 1.08396e-06 0.000120112 -0.00153175 0.0926824 -0.0401684 -0.0513622
3.22 -0.00465037 -0.078327 2.49276e-26 -6.48679e-22 -3.29739e-18 1.55821e-15 -1.50609e-11 -2.97019e-09 9.08812e-07 0.000104055 -0.00137112 0.0857232 -0.0383884 -0.0507191
3.24 -0.00861068 -0.0982486 1.7153e-26 -4.61215e-22 -2.42247e-18 1.18284e-15 -1.18131e-11 -2.4072e-09 7.61052e-07 9.0036e-05 -0.00122586 0.0791915 -0.0366432 -0.050024
3.26 -0.012161 -0.118131 1.17891e-26 -3.27534e-22 -1.77756e-18 8.96819e-16 -9.25461e-12 -1.94858e-09 6.36552e-07 7.78124e-05 -0.00109468 0.0730698 -0.0349354 -0.0492792
3.28 -0.0153228 -0.137966 8.09279e-27 -2.32321e-22 -1.30277e-18 6.79146e-16 -7.24152e-12 -1.57544e-09 5.3178e-07 6.71676e-05 -0.000976364 0.0673404 -0.0332672 -0.0484873
3.3 -0.0181173 -0.157746 5.54876e-27 -1.64588e-22 -9.53658e-19 5.13689e-16 -5.65953e-12 -1.27223e-09 4.4372e-07 5.79096e-05 -0.000869792 0.0619858 -0.0316407 -0.0476509
3.32 -0.0205656 -0.177462 3.7999e-27 -1.16463e-22 -6.97261e-19 3.88075e-16 -4.41783e-12 -1.02614e-09 3.69798e-07 4.98677e-05 -0.000773923 0.0569886 -0.0300577 -0.0467728
3.34 -0.0226886 -0.197108 2.59912e-27 -8.23107e-23 -5.09187e-19 2.92827e-16 -3.44443e-12 -8.26665e-10 3.07822e-07 4.28911e-05 -0.000687795 0.0523314 -0.0285196 -0.0458558
3.36 -0.0245069 -0.216675 1.77566e-27 -5.81037e-23 -3.71396e-19 2.20691e-16 -2.68228e-12 -6.65166e-10 2.55925e-07 3.68463e-05 -0.000610518 0.0479972 -0.0270277 -0.0449029
3.38 -0.0260406 -0.236155 1.21164e-27 -4.09666e-23 -2.70568e-19 1.66126e-16 -2.08627e-12 -5.34575e-10 2.12522e-07 3.16155e-05 -0.000541274 0.0439691 -0.0255832 -0.043917
3.4 -0.0273094 -0.255541 8.25781e-28 -2.88492e-23 -1.96877e-19 1.24902e-16 -1.62074e-12 -4.29108e-10 1.76269e-07 2.70947e-05 -0.000479309 0.0402308 -0.0241868 -0.0429013
3.42 -0.0283325 -0.274825 5.62128e-28 -2.02917e-23 -1.43084e-19 9.37947e-17 -1.25759e-12 -3.44036e-10 1.46025e-07 2.31925e-05 -0.000423928 0.0367662 -0.0228393 -0.0418588
3.44 -0.0291285 -0.293998 3.82194e-28 -1.42554e-23 -1.03865e-19 7.03505e-17 -9.74631e-13 -2.75498e-10 1.20824e-07 1.98285e-05 -0.000374496 0.0335596 -0.0215409 -0.0407927
3.46 -0.0297154 -0.313054 2.59545e-28 -1.00028e-23 -7.53046e-20 5.2703e-17 -7.54434e-13 -2.2035e-10 9.98533e-08 1.69321e-05 -0.000330431 0.030596 -0.020292 -0.039706
3.48 -0.0301106 -0.331985 1.76043e-28 -7.01038e-24 -5.45325e-20 3.9435e-17 -5.83286e-13 -1.7603e-10 8.24231e-08 1.44414e-05 -0.000291202 0.0278606 -0.0190926 -0.0386019
3.5 -0.0303306 -0.350783 1.19263e-28 -4.90728e-24 -3.94428e-20 2.94719e-17 -4.50423e-13 -1.40456e-10 6.79539e-08 1.23024e-05 -0.000256322 0.0253394 -0.0179425 -0.0374836
3.52 -0.0303916 -0.369441 8.06993e-29 -3.43098e-24 -2.84943e-20 2.19995e-17 -3.47407e-13 -1.11936e-10 5.59575e-08 1.04676e-05 -0.00022535 0.0230187 -0.0168415 -0.0363539
3.54 -0.0303087 -0.387951 5.45397e-29 -2.39594e-24 -2.05603e-20 1.64019e-17 -2.6763e-13 -8.91004e-11 4.60237e-08 8.89575e-06 -0.000197882 0.0208854 -0.0157891 -0.0352161
3.56 -0.0300964 -0.406306 3.68159e-29 -1.67113e-24 -1.48176e-20 1.2214e-17 -2.05925e-13 -7.08383e-11 3.7808e-08 7.55088e-06 -0.000173554 0.0189271 -0.0147847 -0.0340729
3.58 -0.0297686 -0.424498 2.4822e-29 -1.16419e-24 -1.06661e-20 9.08444e-18 -1.58257e-13 -5.62517e-11 3.10216e-08 6.40165e-06 -0.000152035 0.0171319 -0.0138276 -0.0329273
3.6 -0.0293382 -0.44252 1.67154e-29 -8.10062e-25 -7.66852e-21 6.74867e-18 -1.21478e-13 -4.46151e-11 2.54228e-08 5.42081e-06 -0.000133024 0.0154883 -0.0129169 -0.0317821
3.62 -0.0288176 -0.460366 1.12428e-29 -5.62977e-25 -5.50677e-21 5.00745e-18 -9.31342e-14 -3.53433e-11 2.08095e-08 4.58476e-06 -0.00011625 0.0139857 -0.0120517 -0.0306399
3.64 -0.0282183 -0.478027 7.55288e-30 -3.90788e-25 -3.94967e-21 3.71103e-18 -7.13181e-14 -2.79648e-11 1.70129e-08 3.87299e-06 -0.00010147 0.0126136 -0.011231 -0.0295033
3.66 -0.0275511 -0.495497 5.06791e-30 -2.70939e-25 -2.82946e-21 2.74695e-18 -5.45468e-14 -2.21001e-11 1.38924e-08 3.26781e-06 -8.84627e-05 0.0113626 -0.0104537 -0.0283748
3.68 -0.0268262 -0.512769 3.39645e-30 -1.8762e-25 -2.02454e-21 2.03089e-18 -4.16695e-14 -1.74444e-11 1.13305e-08 2.75388e-06 -7.70303e-05 0.0102233 -0.00971846 -0.0272568
3.7 -0.0260529 -0.529836 2.27352e-30 -1.29768e-25 -1.44686e-21 1.49968e-18 -3.1794e-14 -1.3753e-11 9.23006e-09 2.31799e-06 -6.6995e-05 0.00918723 -0.00902411 -0.0261514
3.72 -0.02524 -0.546691 1.52003e-30 -8.96466e-26 -1.03278e-21 1.10609e-18 -2.42299e-14 -1.08297e-11 7.50995e-09 1.94876e-06 -5.81971e-05 0.00824626 -0.00836932 -0.0250607
3.74 -0.0243956 -0.563327 1.01504e-30 -6.18556e-26 -7.36317e-22 8.14825e-19 -1.84432e-14 -8.51754e-12 6.10308e-09 1.63637e-06 -5.0494e-05 0.00739279 -0.00775273 -0.0239868
3.76 -0.0235269 -0.579738 6.77009e-31 -4.26288e-26 -5.24327e-22 5.99535e-19 -1.40217e-14 -6.691e-12 4.95381e-09 1.37242e-06 -4.37579e-05 0.00661971 -0.00717296 -0.0229313
3.78 -0.0226409 -0.595917 4.51008e-31 -2.93431e-26 -3.72922e-22 4.406e-19 -1.06474e-14 -5.24985e-12 4.01614e-09 1.14966e-06 -3.7875e-05 0.00592036 -0.00662858 -0.021896
3.8 -0.0217437 -0.611858 3.00091e-31 -2.01738e-26 -2.64919e-22 3.23409e-19 -8.0754e-15 -4.11417e-12 3.25204e-09 9.619e-07 -3.27436e-05 0.00528854 -0.00611817 -0.0208823
3.82 -0.020841 -0.627554 1.99434e-31 -1.38531e-26 -1.87969e-22 2.37104e-19 -6.11737e-15 -3.22029e-12 2.63017e-09 8.03841e-07 -2.82735e-05 0.00471848 -0.00564029 -0.0198917
3.84 -0.0199377 -0.642999 1.32381e-31 -9.50139e-27 -1.33211e-22 1.73622e-19 -4.62854e-15 -2.51761e-12 2.12466e-09 6.70948e-07 -2.43844e-05 0.00420483 -0.00519351 -0.0189253
3.86 -0.0190386 -0.658186 8.77669e-32 -6.50887e-27 -9.42912e-23 1.26984e-19 -3.49786e-15 -1.96589e-12 1.71425e-09 5.59354e-07 -2.10051e-05 0.00374259 -0.00477637 -0.0179844
3.88 -0.0181476 -0.673111 5.81185e-32 -4.45351e-27 -6.66625e-23 9.27628e-20 -2.64021e-15 -1.53324e-12 1.38146e-09 4.65762e-07 -1.80723e-05 0.00332718 -0.00438748 -0.0170697
3.9 -0.0172683 -0.687766 3.84395e-32 -3.04354e-27 -4.70729e-23 6.76825e-20 -1.99047e-15 -1.19437e-12 1.11194e-09 3.87364e-07 -1.55304e-05 0.00295432 -0.00402541 -0.016182
3.92 -0.0164039 -0.702146 2.53933e-32 -2.07746e-27 -3.32001e-23 4.93239e-20 -1.49882e-15 -9.2928e-13 8.93924e-10 3.21776e-07 -1.333e-05 0.00262011 -0.00368879 -0.0153222
3.94 -0.0155572 -0.716246 1.67548e-32 -1.41634e-27 -2.33876e-23 3.59019e-20 -1.12726e-15 -7.2216e-13 7.17795e-10 2.66973e-07 -1.14276e-05 0.00232091 -0.00337627 -0.0144906
3.96 -0.0147304 -0.730058 1.10418e-32 -9.6445e-28 -1.64555e-23 2.6101e-20 -8.46789e-16 -5.6053e-13 5.75678e-10 2.21238e-07 -9.78503e-06 0.00205342 -0.00308652 -0.0136878
3.98 -0.0139257 -0.743579 7.26803e-33 -6.5595e-28 -1.15642e-23 1.89529e-20 -6.3534e-16 -4.34553e-13 4.61145e-10 1.83118e-07 -8.36848e-06 0.00181457 -0.00281826 -0.0129139
4 -0.0131448 -0.756802 4.7783e-33 -4.45596e-28 -8.11707e-24 1.37458e-20 -4.7612e-16 -3.36486e-13 3.68955e-10 1.51384e-07 -7.14841e-06 0.00160159 -0.00257022 -0.0121691
