x step cube half
0.0001 0 6 6
0.0006002 0 6 6
0.0011004 0 6 6
0.0016006 0 6 6
0.0021008 0 6 6
0.002601 0 6 6
0.0031012 0 6 6
0.0036014 0 6 6
0.0041016 0 6 6
0.0046018 0 6 6
0.005102 0 5.8088 6
0.0056022 0 5.6305 6
0.0061024 0 5.47226 6
0.0066026 0 5.33042 6
0.0071028 0 5.20224 6
0.007603 0 5.08555 6
0.0081032 0 4.97868 6
0.0086034 0 4.88026 6
0.0091036 0 4.78919 6
0.0096038 0 4.70456 6
0.010104 0 4.62561 6
0.0106042 0 4.5517 6
0.0111044 0 4.48231 6
0.0116046 0 4.41696 6
0.0121048 0 4.35526 6
0.012605 0 4.29687 6
0.0131052 0 4.24149 6
0.0136054 0 4.18886 6
0.0141056 0 4.13875 6
0.0146058 0 4.09096 6
0.015106 0 4.04529 6
0.0156062 0 4.00161 6
0.0161064 0 3.95974 6
0.0166066 0 3.91958 6
0.0171068 0 3.881 6
0.017607 0 3.8439 6
0.0181072 0 3.80817 6
0.0186074 0 3.77374 6
0.0191076 0 3.74051 6
0.0196078 0 3.70843 6
0.020108 0 3.67742 6
0.0206082 0 3.64743 6
0.0211084 0 3.61839 6
0.0216086 0 3.59025 6
0.0221088 0 3.56297 6
0.022609 0 3.53649 6
0.0231092 0 3.51079 6
0.0236094 0 3.48582 6
0.0241096 0 3.46154 6
0.0246098 0 3.43793 6
0.02511 0 3.41495 6
0.0256102 0 3.39257 6
0.0261104 0 3.37077 6
0.0266106 0 3.34951 6
0.0271108 0 3.32879 6
0.027611 0 3.30856 6
0.0281112 0 3.28882 5.96431
0.0286114 0 3.26954 5.91195
0.0291116 0 3.25071 5.86094
0.0296118 0 3.2323 5.81122
0.030112 0 3.2143 5.76275
0.0306122 0 3.1967 5.71548
0.0311124 0 3.17948 5.66935
0.0316126 0 3.16262 5.62432
0.0321128 0 3.14611 5.58034
0.032613 0 3.12994 5.53738
0.0331132 0 3.1141 5.4954
0.0336134 0 3.09858 5.45436
0.0341136 0 3.08336 5.41422
0.0346138 0 3.06843 5.37496
0.035114 0 3.05379 5.33654
0.0356142 0 3.03943 5.29893
0.0361144 0 3.02533 5.26211
0.0366146 0 3.01149 5.22604
0.0371148 0 2.9979 5.19071
0.037615 0 2.98456 5.15608
0.0381152 0 2.97144 5.12213
0.0386154 0 2.95856 5.08885
0.0391156 0 2.94589 5.05621
0.0396158 0 2.93344 5.02419
0.040116 0 2.9212 4.99277
0.0406162 0 2.90916 4.96193
0.0411164 0 2.89731 4.93165
0.0416166 0 2.88566 4.90192
0.0421168 0 2.87419 4.87273
0.042617 0 2.8629 4.84405
0.0431172 0 2.85178 4.81587
0.0436174 0 2.84084 4.78818
0.0441176 0 2.83006 4.76095
0.0446178 0 2.81945 4.73419
0.045118 0 2.80899 4.70788
0.0456182 0 2.79868 4.68199
0.0461184 0 2.78853 4.65653
0.0466186 0 2.77852 4.63149
0.0471188 0 2.76865 4.60684
0.047619 0 2.75892 4.58258
0.0481192 0 2.74933 4.5587
0.0486194 0 2.73987 4.53519
0.0491196 0 2.73054 4.51204
0.0496198 0 2.72133 4.48924
0.05012 0 2.71225 4.46678
0.0506202 0 2.70329 4.44465
0.0511204 0 2.69444 4.42286
0.0516206 0 2.68571 4.40138
0.0521208 0 2.67709 4.3802
0.052621 0 2.66858 4.35934
0.0531212 0 2.66018 4.33876
0.0536214 0 2.65188 4.31848
0.0541216 0 2.64369 4.29848
0.0546218 0 2.63559 4.27875
0.055122 0 2.62759 4.25929
0.0556222 0 2.61969 4.2401
0.0561224 0 2.61189 4.22116
0.0566226 0 2.60417 4.20247
0.0571228 0 2.59655 4.18403
0.057623 0 2.58902 4.16583
0.0581232 0 2.58157 4.14787
0.0586234 0 2.5742 4.13014
0.0591236 0 2.56692 4.11263
0.0596238 0 2.55973 4.09534
0.060124 0 2.55261 4.07827
0.0606242 0 2.54557 4.06141
0.0611244 0 2.5386 4.04476
0.0616246 0 2.53172 4.02831
0.0621248 0 2.5249 4.01206
0.062625 0 2.51816 3.99601
0.0631252 0 2.5115 3.98014
0.0636254 0 2.5049 3.96447
0.0641256 0 2.49837 3.94897
0.0646258 0 2.4919 3.93366
0.065126 0 2.48551 3.91853
0.0656262 0 2.47918 3.90356
0.0661264 0 2.47291 3.88877
0.0666266 0 2.46671 3.87415
0.0671268 0 2.46056 3.85969
0.067627 0 2.45448 3.84539
0.0681272 0 2.44846 3.83124
0.0686274 0 2.4425 3.81726
0.0691276 0 2.43659 3.80342
0.0696278 0 2.43074 3.78973
0.070128 0 2.42495 3.77619
0.0706282 0 2.41921 3.7628
0.0711284 0 2.41353 3.74954
0.0716286 0 2.4079 3.73643
0.0721288 0 2.40232 3.72345
0.072629 0 2.39679 3.71061
0.0731292 0 2.39131 3.69789
0.0736294 0 2.38589 3.68531
0.0741296 0 2.38051 3.67286
0.0746298 0 2.37518 3.66053
0.07513 0 2.36989 3.64832
0.0756302 0 2.36466 3.63624
0.0761304 0 2.35947 3.62427
0.0766306 0 2.35432 3.61243
0.0771308 0 2.34922 3.60069
0.077631 0 2.34417 3.58907
0.0781312 0 2.33915 3.57757
0.0786314 0 2.33418 3.56617
0.0791316 0 2.32925 3.55488
0.0796318 0 2.32437 3.5437
0.080132 0 2.31952 3.53262
0.0806322 0 2.31471 3.52165
0.0811324 0 2.30995 3.51077
0.0816326 0 2.30522 3.5
0.0821328 0 2.30053 3.48933
0.082633 0 2.29588 3.47875
0.0831332 0 2.29126 3.46827
0.0836334 0 2.28669 3.45788
0.0841336 0 2.28215 3.44759
0.0846338 0 2.27764 3.43738
0.085134 0 2.27317 3.42727
0.0856342 0 2.26874 3.41725
0.0861344 0 2.26434 3.40731
0.0866346 0 2.25997 3.39746
0.0871348 0 2.25564 3.38769
0.087635 0 2.25134 3.37801
0.0881352 0 2.24707 3.36841
0.0886354 0 2.24284 3.35889
0.0891356 0 2.23863 3.34946
0.0896358 0 2.23446 3.3401
0.090136 0 2.23032 3.33082
0.0906362 0 2.22621 3.32161
0.0911364 0 2.22213 3.31249
0.0916366 0 2.21808 3.30343
0.0921368 0 2.21406 3.29445
0.092637 0 2.21007 3.28555
0.0931372 0 2.2061 3.27671
0.0936374 0 2.20217 3.26795
0.0941376 0 2.19826 3.25926
0.0946378 0 2.19438 3.25063
0.095138 0 2.19053 3.24207
0.0956382 0 2.1867 3.23358
0.0961384 0 2.1829 3.22516
0.0966386 0 2.17913 3.2168
0.0971388 0 2.17538 3.20851
0.097639 0 2.17166 3.20028
0.0981392 0 2.16797 3.19212
0.0986394 0 2.1643 3.18401
0.0991396 0 2.16065 3.17597
0.0996398 0 2.15703 3.16799
0.10014 0 2.15343 3.16007
0.10064 0 2.14986 3.1522
0.10114 0 2.14631 3.1444
0.101641 0 2.14278 3.13665
0.102141 0 2.13928 3.12896
0.102641 0 2.1358 3.12133
0.103141 0 2.13234 3.11375
0.103641 0 2.1289 3.10623
0.104142 0 2.12549 3.09876
0.104642 0 2.1221 3.09134
0.105142 0 2.11872 3.08398
0.105642 0 2.11538 3.07667
0.106142 0 2.11205 3.06941
0.106643 0 2.10874 3.06221
0.107143 0 2.10545 3.05505
0.107643 0 2.10219 3.04794
0.108143 0 2.09894 3.04089
0.108643 0 2.09571 3.03388
0.109144 0 2.09251 3.02692
0.109644 0 2.08932 3.02001
0.110144 0 2.08615 3.01314
0.110644 0 2.08301 3.00632
0.111144 0 2.07988 2.99955
0.111645 0 2.07677 2.99282
0.112145 0 2.07367 2.98614
0.112645 0 2.0706 2.9795
0.113145 0 2.06754 2.97291
0.113645 0 2.06451 2.96636
0.114146 0 2.06149 2.95985
0.114646 0 2.05848 2.95339
0.115146 0 2.0555 2.94697
0.115646 0 2.05253 2.94059
0.116146 0 2.04958 2.93425
0.116647 0 2.04665 2.92795
0.117147 0 2.04373 2.92169
0.117647 0 2.04083 2.91548
0.118147 0 2.03794 2.9093
0.118647 0 2.03508 2.90316
0.119148 0 2.03222 2.89706
0.119648 0 2.02939 2.891
0.120148 0 2.02657 2.88497
0.120648 0 2.02376 2.87899
0.121148 0 2.02097 2.87304
0.121649 0 2.0182 2.86712
0.122149 0 2.01544 2.86125
0.122649 0 2.0127 2.85541
0.123149 0 2.00997 2.8496
0.123649 0 2.00726 2.84383
0.12415 0 2.00456 2.8381
0.12465 0 2.00187 2.8324
0.12515 0 1.9992 2.82673
0.12565 0 1.99654 2.8211
0.12615 0 1.9939 2.8155
0.126651 0 1.99127 2.80994
0.127151 0 1.98866 2.8044
0.127651 0 1.98606 2.7989
0.128151 0 1.98347 2.79344
0.128651 0 1.9809 2.788
0.129152 0 1.97834 2.7826
0.129652 0 1.97579 2.77722
0.130152 0 1.97325 2.77188
0.130652 0 1.97073 2.76657
0.131152 0 1.96822 2.76129
0.131653 0 1.96573 2.75604
0.132153 0 1.96325 2.75082
0.132653 0 1.96077 2.74563
0.133153 0 1.95832 2.74046
0.133653 0 1.95587 2.73533
0.134154 0 1.95344 2.73023
0.134654 0 1.95101 2.72515
0.135154 0 1.9486 2.7201
0.135654 0 1.94621 2.71508
0.136154 0 1.94382 2.71009
0.136655 0 1.94145 2.70513
0.137155 0 1.93908 2.70019
0.137655 0 1.93673 2.69528
0.138155 0 1.93439 2.6904
0.138655 0 1.93206 2.68554
0.139156 0 1.92974 2.68071
0.139656 0 1.92744 2.6759
0.140156 0 1.92514 2.67112
0.140656 0 1.92286 2.66637
0.141156 0 1.92058 2.66164
0.141657 0 1.91832 2.65694
0.142157 0 1.91607 2.65226
0.142657 0 1.91383 2.64761
0.143157 0 1.91159 2.64298
0.143657 0 1.90937 2.63837
0.144158 0 1.90716 2.63379
0.144658 0 1.90496 2.62923
0.145158 0 1.90277 2.6247
0.145658 0 1.90059 2.62019
0.146158 0 1.89842 2.6157
0.146659 0 1.89626 2.61124
0.147159 0 1.89411 2.60679
0.147659 0 1.89197 2.60238
0.148159 0 1.88983 2.59798
0.148659 0 1.88771 2.5936
0.14916 0 1.8856 2.58925
0.14966 0 1.8835 2.58492
0.15016 0 1.8814 2.58061
0.15066 0 1.87932 2.57633
0.15116 0 1.87724 2.57206
0.151661 0 1.87518 2.56781
0.152161 0 1.87312 2.56359
0.152661 0 1.87107 2.55939
0.153161 0 1.86903 2.5552
0.153661 0 1.867 2.55104
0.154162 0 1.86498 2.5469
0.154662 0 1.86297 2.54278
0.155162 0 1.86096 2.53868
0.155662 0 1.85897 2.53459
0.156162 0 1.85698 2.53053
0.156663 0 1.855 2.52649
0.157163 0 1.85303 2.52246
0.157663 0 1.85107 2.51846
0.158163 0 1.84912 2.51447
0.158663 0 1.84717 2.51051
0.159164 0 1.84524 2.50656
0.159664 0 1.84331 2.50263
0.160164 0 1.84139 2.49872
0.160664 0 1.83947 2.49483
0.161164 0 1.83757 2.49095
0.161665 0 1.83567 2.4871
0.162165 0 1.83378 2.48326
0.162665 0 1.8319 2.47944
0.163165 0 1.83003 2.47563
0.163665 0 1.82816 2.47185
0.164166 0 1.8263 2.46808
0.164666 0 1.82445 2.46433
0.165166 0 1.82261 2.46059
0.165666 0 1.82077 2.45687
0.166166 0 1.81894 2.45317
0.166667 0 1.81712 2.44949
0.167167 0 1.81531 2.44582
0.167667 0 1.8135 2.44217
0.168167 0 1.8117 2.43854
0.168667 0 1.80991 2.43492
0.169168 0 1.80812 2.43132
0.169668 0 1.80634 2.42773
0.170168 0 1.80457 2.42416
0.170668 0 1.80281 2.4206
0.171168 0 1.80105 2.41706
0.171669 0 1.7993 2.41354
0.172169 0 1.79755 2.41003
0.172669 0 1.79582 2.40654
0.173169 0 1.79409 2.40306
0.173669 0 1.79236 2.3996
0.17417 0 1.79064 2.39615
0.17467 0 1.78893 2.39272
0.17517 0 1.78723 2.3893
0.17567 0 1.78553 2.38589
0.17617 0 1.78384 2.3825
0.176671 0 1.78215 2.37913
0.177171 0 1.78048 2.37577
0.177671 0 1.7788 2.37242
0.178171 0 1.77714 2.36909
0.178671 0 1.77548 2.36577
0.179172 0 1.77382 2.36246
0.179672 0 1.77218 2.35917
0.180172 0 1.77053 2.3559
0.180672 0 1.7689 2.35263
0.181172 0 1.76727 2.34938
0.181673 0 1.76565 2.34615
0.182173 0 1.76403 2.34292
0.182673 0 1.76242 2.33971
0.183173 0 1.76081 2.33652
0.183673 0 1.75921 2.33333
0.184174 0 1.75762 2.33016
0.184674 0 1.75603 2.327
0.185174 0 1.75445 2.32386
0.185674 0 1.75287 2.32073
0.186174 0 1.7513 2.31761
0.186675 0 1.74973 2.3145
0.187175 0 1.74817 2.31141
0.187675 0 1.74662 2.30832
0.188175 0 1.74507 2.30525
0.188675 0 1.74353 2.3022
0.189176 0 1.74199 2.29915
0.189676 0 1.74045 2.29612
0.190176 0 1.73893 2.2931
0.190676 0 1.73741 2.29009
0.191176 0 1.73589 2.28709
0.191677 0 1.73438 2.2841
0.192177 0 1.73287 2.28113
0.192677 0 1.73137 2.27816
0.193177 0 1.72987 2.27521
0.193677 0 1.72838 2.27227
0.194178 0 1.7269 2.26934
0.194678 0 1.72542 2.26643
0.195178 0 1.72394 2.26352
0.195678 0 1.72247 2.26063
0.196178 0 1.72101 2.25774
0.196679 0 1.71955 2.25487
0.197179 0 1.71809 2.25201
0.197679 0 1.71664 2.24916
0.198179 0 1.7152 2.24632
0.198679 0 1.71376 2.24349
0.19918 0 1.71232 2.24067
0.19968 0 1.71089 2.23786
0.20018 0 1.70946 2.23506
0.20068 0 1.70804 2.23227
0.20118 0 1.70662 2.2295
0.201681 0 1.70521 2.22673
0.202181 0 1.70381 2.22398
0.202681 0 1.7024 2.22123
0.203181 0 1.701 2.21849
0.203681 0 1.69961 2.21577
0.204182 0 1.69822 2.21305
0.204682 0 1.69684 2.21035
0.205182 0 1.69546 2.20765
0.205682 0 1.69408 2.20496
0.206182 0 1.69271 2.20229
0.206683 0 1.69134 2.19962
0.207183 0 1.68998 2.19696
0.207683 0 1.68862 2.19432
0.208183 0 1.68727 2.19168
0.208683 0 1.68592 2.18905
0.209184 0 1.68458 2.18643
0.209684 0 1.68324 2.18382
0.210184 0 1.6819 2.18122
0.210684 0 1.68057 2.17863
0.211184 0 1.67924 2.17605
0.211685 0 1.67792 2.17348
0.212185 0 1.6766 2.17092
0.212685 0 1.67528 2.16836
0.213185 0 1.67397 2.16582
0.213685 0 1.67266 2.16328
0.214186 0 1.67136 2.16075
0.214686 0 1.67006 2.15823
0.215186 0 1.66877 2.15572
0.215686 0 1.66747 2.15322
0.216186 0 1.66619 2.15073
0.216687 0 1.6649 2.14825
0.217187 0 1.66363 2.14577
0.217687 0 1.66235 2.1433
0.218187 0 1.66108 2.14085
0.218687 0 1.65981 2.1384
0.219188 0 1.65855 2.13595
0.219688 0 1.65729 2.13352
0.220188 0 1.65603 2.1311
0.220688 0 1.65478 2.12868
0.221188 0 1.65353 2.12627
0.221689 0 1.65229 2.12387
0.222189 0 1.65105 2.12148
0.222689 0 1.64981 2.1191
0.223189 0 1.64858 2.11672
0.223689 0 1.64735 2.11435
0.22419 0 1.64612 2.11199
0.22469 0 1.6449 2.10964
0.22519 0 1.64368 2.1073
0.22569 0 1.64246 2.10496
0.22619 0 1.64125 2.10263
0.226691 0 1.64004 2.10031
0.227191 0 1.63884 2.098
0.227691 0 1.63764 2.09569
0.228191 0 1.63644 2.09339
0.228691 0 1.63525 2.0911
0.229192 0 1.63406 2.08882
0.229692 0 1.63287 2.08654
0.230192 0 1.63169 2.08427
0.230692 0 1.63051 2.08201
0.231192 0 1.62933 2.07976
0.231693 0 1.62816 2.07751
0.232193 0 1.62699 2.07527
0.232693 0 1.62582 2.07304
0.233193 0 1.62466 2.07082
0.233693 0 1.6235 2.0686
0.234194 0 1.62234 2.06639
0.234694 0 1.62119 2.06419
0.235194 0 1.62004 2.06199
0.235694 0 1.61889 2.0598
0.236194 0 1.61775 2.05762
0.236695 0 1.6166 2.05544
0.237195 0 1.61547 2.05328
0.237695 0 1.61433 2.05111
0.238195 0 1.6132 2.04896
0.238695 0 1.61208 2.04681
0.239196 0 1.61095 2.04467
0.239696 0 1.60983 2.04254
0.240196 0 1.60871 2.04041
0.240696 0 1.6076 2.03829
0.241196 0 1.60648 2.03617
0.241697 0 1.60537 2.03406
0.242197 0 1.60427 2.03196
0.242697 0 1.60317 2.02987
0.243197 0 1.60207 2.02778
0.243697 0 1.60097 2.0257
0.244198 0 1.59988 2.02362
0.244698 0 1.59878 2.02155
0.245198 0 1.5977 2.01949
0.245698 0 1.59661 2.01743
0.246198 0 1.59553 2.01538
0.246699 0 1.59445 2.01334
0.247199 0 1.59337 2.0113
0.247699 0 1.5923 2.00927
0.248199 0 1.59123 2.00724
0.248699 0 1.59016 2.00522
0.2492 0 1.5891 2.00321
0.2497 0 1.58804 2.0012
0.2502 0 1.58698 1.9992
0.2507 0 1.58592 1.9972
0.2512 0 1.58487 1.99522
0.251701 0 1.58382 1.99323
0.252201 0 1.58277 1.99125
0.252701 0 1.58173 1.98928
0.253201 0 1.58068 1.98732
0.253701 0 1.57964 1.98536
0.254202 0 1.57861 1.9834
0.254702 0 1.57757 1.98145
0.255202 0 1.57654 1.97951
0.255702 0 1.57551 1.97757
0.256202 0 1.57449 1.97564
0.256703 0 1.57346 1.97372
0.257203 0 1.57244 1.9718
0.257703 0 1.57142 1.96988
0.258203 0 1.57041 1.96797
0.258703 0 1.5694 1.96607
0.259204 0 1.56839 1.96417
0.259704 0 1.56738 1.96228
0.260204 0 1.56637 1.96039
0.260704 0 1.56537 1.95851
0.261204 0 1.56437 1.95663
0.261705 0 1.56337 1.95476
0.262205 0 1.56238 1.9529
0.262705 0 1.56139 1.95104
0.263205 0 1.5604 1.94918
0.263705 0 1.55941 1.94733
0.264206 0 1.55843 1.94549
0.264706 0 1.55744 1.94365
0.265206 0 1.55646 1.94182
0.265706 0 1.55549 1.93999
0.266206 0 1.55451 1.93816
0.266707 0 1.55354 1.93635
0.267207 0 1.55257 1.93453
0.267707 0 1.5516 1.93273
0.268207 0 1.55064 1.93092
0.268707 0 1.54967 1.92912
0.269208 0 1.54871 1.92733
0.269708 0 1.54775 1.92554
0.270208 0 1.5468 1.92376
0.270708 0 1.54585 1.92198
0.271208 0 1.54489 1.92021
0.271709 0 1.54395 1.91844
0.272209 0 1.543 1.91668
0.272709 0 1.54206 1.91492
0.273209 0 1.54111 1.91316
0.273709 0 1.54017 1.91142
0.27421 0 1.53924 1.90967
0.27471 0 1.5383 1.90793
0.27521 0 1.53737 1.9062
0.27571 0 1.53644 1.90447
0.27621 0 1.53551 1.90274
0.276711 0 1.53459 1.90102
0.277211 0 1.53366 1.89931
0.277711 0 1.53274 1.89759
0.278211 0 1.53182 1.89589
0.278711 0 1.53091 1.89419
0.279212 0 1.52999 1.89249
0.279712 0 1.52908 1.8908
0.280212 0 1.52817 1.88911
0.280712 0 1.52726 1.88742
0.281212 0 1.52635 1.88574
0.281713 0 1.52545 1.88407
0.282213 0 1.52455 1.8824
0.282713 0 1.52365 1.88073
0.283213 0 1.52275 1.87907
0.283713 0 1.52186 1.87741
0.284214 0 1.52096 1.87576
0.284714 0 1.52007 1.87411
0.285214 0 1.51918 1.87247
0.285714 0 1.51829 1.87083
0.286214 0 1.51741 1.86919
0.286715 0 1.51653 1.86756
0.287215 0 1.51565 1.86594
0.287715 0 1.51477 1.86431
0.288215 0 1.51389 1.86269
0.288715 0 1.51302 1.86108
0.289216 0 1.51214 1.85947
0.289716 0 1.51127 1.85786
0.290216 0 1.5104 1.85626
0.290716 0 1.50954 1.85466
0.291216 0 1.50867 1.85307
0.291717 0 1.50781 1.85148
0.292217 0 1.50695 1.8499
0.292717 0 1.50609 1.84831
0.293217 0 1.50523 1.84674
0.293717 0 1.50438 1.84516
0.294218 0 1.50352 1.8436
0.294718 0 1.50267 1.84203
0.295218 0 1.50182 1.84047
0.295718 0 1.50098 1.83891
0.296218 0 1.50013 1.83736
0.296719 0 1.49929 1.83581
0.297219 0 1.49845 1.83426
0.297719 0 1.49761 1.83272
0.298219 0 1.49677 1.83118
0.298719 0 1.49593 1.82965
0.29922 0 1.4951 1.82812
0.29972 0 1.49427 1.82659
0.30022 0 1.49344 1.82507
0.30072 0 1.49261 1.82355
0.30122 0 1.49178 1.82204
0.301721 0 1.49096 1.82053
0.302221 0 1.49013 1.81902
0.302721 0 1.48931 1.81752
0.303221 0 1.48849 1.81602
0.303721 0 1.48768 1.81452
0.304222 0 1.48686 1.81303
0.304722 0 1.48605 1.81154
0.305222 0 1.48523 1.81006
0.305722 0 1.48442 1.80857
0.306222 0 1.48361 1.8071
0.306723 0 1.48281 1.80562
0.307223 0 1.482 1.80415
0.307723 0 1.4812 1.80269
0.308223 0 1.4804 1.80122
0.308723 0 1.4796 1.79976
0.309224 0 1.4788 1.79831
0.309724 0 1.478 1.79685
0.310224 0 1.47721 1.7954
0.310724 0 1.47641 1.79396
0.311224 0 1.47562 1.79252
0.311725 0 1.47483 1.79108
0.312225 0 1.47405 1.78964
0.312725 0 1.47326 1.78821
0.313225 0 1.47247 1.78678
0.313725 0 1.47169 1.78536
0.314226 0 1.47091 1.78394
0.314726 0 1.47013 1.78252
0.315226 0 1.46935 1.7811
0.315726 0 1.46858 1.77969
0.316226 0 1.4678 1.77828
0.316727 0 1.46703 1.77688
0.317227 0 1.46626 1.77548
0.317727 0 1.46549 1.77408
0.318227 0 1.46472 1.77268
0.318727 0 1.46395 1.77129
0.319228 0 1.46319 1.7699
0.319728 0 1.46242 1.76852
0.320228 0 1.46166 1.76714
0.320728 0 1.4609 1.76576
0.321228 0 1.46014 1.76438
0.321729 0 1.45939 1.76301
0.322229 0 1.45863 1.76164
0.322729 0 1.45788 1.76028
0.323229 0 1.45712 1.75891
0.323729 0 1.45637 1.75755
0.32423 0 1.45562 1.7562
0.32473 0 1.45488 1.75485
0.32523 0 1.45413 1.7535
0.32573 0 1.45338 1.75215
0.32623 0 1.45264 1.7508
0.326731 0 1.4519 1.74946
0.327231 0 1.45116 1.74813
0.327731 0 1.45042 1.74679
0.328231 0 1.44968 1.74546
0.328731 0 1.44895 1.74413
0.329232 0 1.44821 1.74281
0.329732 0 1.44748 1.74148
0.330232 0 1.44675 1.74016
0.330732 0 1.44602 1.73885
0.331232 0 1.44529 1.73753
0.331733 0 1.44457 1.73622
0.332233 0 1.44384 1.73492
0.332733 0 1.44312 1.73361
0.333233 0 1.44239 1.73231
0.333733 0 1.44167 1.73101
0.334234 0 1.44095 1.72972
0.334734 0 1.44024 1.72842
0.335234 0 1.43952 1.72713
0.335734 0 1.4388 1.72585
0.336234 0 1.43809 1.72456
0.336735 0 1.43738 1.72328
0.337235 0 1.43667 1.722
0.337735 0 1.43596 1.72073
0.338235 0 1.43525 1.71945
0.338735 0 1.43454 1.71818
0.339236 0 1.43384 1.71692
0.339736 0 1.43313 1.71565
0.340236 0 1.43243 1.71439
0.340736 0 1.43173 1.71313
0.341236 0 1.43103 1.71188
0.341737 0 1.43033 1.71062
0.342237 0 1.42963 1.70937
0.342737 0 1.42894 1.70812
0.343237 0 1.42824 1.70688
0.343737 0 1.42755 1.70564
0.344238 0 1.42686 1.7044
0.344738 0 1.42617 1.70316
0.345238 0 1.42548 1.70193
0.345738 0 1.42479 1.70069
0.346238 0 1.4241 1.69947
0.346739 0 1.42342 1.69824
0.347239 0 1.42273 1.69702
0.347739 0 1.42205 1.69579
0.348239 0 1.42137 1.69458
0.348739 0 1.42069 1.69336
0.34924 0 1.42001 1.69215
0.34974 0 1.41934 1.69094
0.35024 0 1.41866 1.68973
0.35074 0 1.41798 1.68852
0.35124 0 1.41731 1.68732
0.351741 0 1.41664 1.68612
0.352241 0 1.41597 1.68492
0.352741 0 1.4153 1.68373
0.353241 0 1.41463 1.68254
0.353741 0 1.41396 1.68135
0.354242 0 1.4133 1.68016
0.354742 0 1.41263 1.67897
0.355242 0 1.41197 1.67779
0.355742 0 1.41131 1.67661
0.356242 0 1.41065 1.67543
0.356743 0 1.40999 1.67426
0.357243 0 1.40933 1.67309
0.357743 0 1.40867 1.67192
0.358243 0 1.40802 1.67075
0.358743 0 1.40736 1.66958
0.359244 0 1.40671 1.66842
0.359744 0 1.40605 1.66726
0.360244 0 1.4054 1.6661
0.360744 0 1.40475 1.66495
0.361244 0 1.40411 1.66379
0.361745 0 1.40346 1.66264
0.362245 0 1.40281 1.66149
0.362745 0 1.40217 1.66035
0.363245 0 1.40152 1.6592
0.363745 0 1.40088 1.65806
0.364246 0 1.40024 1.65692
0.364746 0 1.3996 1.65579
0.365246 0 1.39896 1.65465
0.365746 0 1.39832 1.65352
0.366246 0 1.39768 1.65239
0.366747 0 1.39705 1.65127
0.367247 0 1.39641 1.65014
0.367747 0 1.39578 1.64902
0.368247 0 1.39515 1.6479
0.368747 0 1.39452 1.64678
0.369248 0 1.39389 1.64566
0.369748 0 1.39326 1.64455
0.370248 0 1.39263 1.64344
0.370748 0 1.392 1.64233
0.371248 0 1.39138 1.64122
0.371749 0 1.39075 1.64012
0.372249 0 1.39013 1.63902
0.372749 0 1.38951 1.63792
0.373249 0 1.38889 1.63682
0.373749 0 1.38827 1.63572
0.37425 0 1.38765 1.63463
0.37475 0 1.38703 1.63354
0.37525 0 1.38641 1.63245
0.37575 0 1.3858 1.63136
0.37625 0 1.38518 1.63028
0.376751 0 1.38457 1.62919
0.377251 0 1.38396 1.62811
0.377751 0 1.38335 1.62704
0.378251 0 1.38274 1.62596
0.378751 0 1.38213 1.62489
0.379252 0 1.38152 1.62381
0.379752 0 1.38091 1.62274
0.380252 0 1.38031 1.62168
0.380752 0 1.3797 1.62061
0.381252 0 1.3791 1.61955
0.381753 0 1.3785 1.61849
0.382253 0 1.3779 1.61743
0.382753 0 1.3773 1.61637
0.383253 0 1.3767 1.61531
0.383753 0 1.3761 1.61426
0.384254 0 1.3755 1.61321
0.384754 0 1.3749 1.61216
0.385254 0 1.37431 1.61111
0.385754 0 1.37371 1.61007
0.386254 0 1.37312 1.60903
0.386755 0 1.37253 1.60799
0.387255 0 1.37194 1.60695
0.387755 0 1.37135 1.60591
0.388255 0 1.37076 1.60488
0.388755 0 1.37017 1.60384
0.389256 0 1.36958 1.60281
0.389756 0 1.369 1.60178
0.390256 0 1.36841 1.60076
0.390756 0 1.36783 1.59973
0.391256 0 1.36724 1.59871
0.391757 0 1.36666 1.59769
0.392257 0 1.36608 1.59667
0.392757 0 1.3655 1.59565
0.393257 0 1.36492 1.59464
0.393757 0 1.36434 1.59362
0.394258 0 1.36377 1.59261
0.394758 0 1.36319 1.5916
0.395258 0 1.36261 1.5906
0.395758 0 1.36204 1.58959
0.396258 0 1.36147 1.58859
0.396759 0 1.36089 1.58758
0.397259 0 1.36032 1.58658
0.397759 0 1.35975 1.58559
0.398259 0 1.35918 1.58459
0.398759 0 1.35861 1.5836
0.39926 0 1.35805 1.5826
0.39976 0 1.35748 1.58161
0.40026 0 1.35691 1.58063
0.40076 0 1.35635 1.57964
0.40126 0 1.35579 1.57865
0.401761 0 1.35522 1.57767
0.402261 0 1.35466 1.57669
0.402761 0 1.3541 1.57571
0.403261 0 1.35354 1.57473
0.403761 0 1.35298 1.57376
0.404262 0 1.35242 1.57278
0.404762 0 1.35187 1.57181
0.405262 0 1.35131 1.57084
0.405762 0 1.35075 1.56987
0.406262 0 1.3502 1.5689
0.406763 0 1.34965 1.56794
0.407263 0 1.34909 1.56698
0.407763 0 1.34854 1.56602
0.408263 0 1.34799 1.56506
0.408763 0 1.34744 1.5641
0.409264 0 1.34689 1.56314
0.409764 0 1.34634 1.56219
0.410264 0 1.34579 1.56123
0.410764 0 1.34525 1.56028
0.411264 0 1.3447 1.55933
0.411765 0 1.34416 1.55839
0.412265 0 1.34361 1.55744
0.412765 0 1.34307 1.5565
0.413265 0 1.34253 1.55556
0.413765 0 1.34199 1.55462
0.414266 0 1.34145 1.55368
0.414766 0 1.34091 1.55274
0.415266 0 1.34037 1.5518
0.415766 0 1.33983 1.55087
0.416266 0 1.33929 1.54994
0.416767 0 1.33876 1.54901
0.417267 0 1.33822 1.54808
0.417767 0 1.33769 1.54715
0.418267 0 1.33716 1.54623
0.418767 0 1.33662 1.5453
0.419268 0 1.33609 1.54438
0.419768 0 1.33556 1.54346
0.420268 0 1.33503 1.54254
0.420768 0 1.3345 1.54162
0.421268 0 1.33397 1.54071
0.421769 0 1.33345 1.53979
0.422269 0 1.33292 1.53888
0.422769 0 1.33239 1.53797
0.423269 0 1.33187 1.53706
0.423769 0 1.33134 1.53616
0.42427 0 1.33082 1.53525
0.42477 0 1.3303 1.53435
0.42527 0 1.32978 1.53344
0.42577 0 1.32925 1.53254
0.42627 0 1.32873 1.53164
0.426771 0 1.32822 1.53074
0.427271 0 1.3277 1.52985
0.427771 0 1.32718 1.52895
0.428271 0 1.32666 1.52806
0.428771 0 1.32615 1.52717
0.429272 0 1.32563 1.52628
0.429772 0 1.32512 1.52539
0.430272 0 1.3246 1.5245
0.430772 0 1.32409 1.52362
0.431272 0 1.32358 1.52273
0.431773 0 1.32307 1.52185
0.432273 0 1.32256 1.52097
0.432773 0 1.32205 1.52009
0.433273 0 1.32154 1.51921
0.433773 0 1.32103 1.51834
0.434274 0 1.32052 1.51746
0.434774 0 1.32001 1.51659
0.435274 0 1.31951 1.51572
0.435774 0 1.319 1.51485
0.436274 0 1.3185 1.51398
0.436775 0 1.318 1.51311
0.437275 0 1.31749 1.51225
0.437775 0 1.31699 1.51138
0.438275 0 1.31649 1.51052
0.438775 0 1.31599 1.50966
0.439276 0 1.31549 1.5088
0.439776 0 1.31499 1.50794
0.440276 0 1.31449 1.50708
0.440776 0 1.314 1.50623
0.441276 0 1.3135 1.50537
0.441777 0 1.313 1.50452
0.442277 0 1.31251 1.50367
0.442777 0 1.31201 1.50282
0.443277 0 1.31152 1.50197
0.443777 0 1.31103 1.50113
0.444278 0 1.31053 1.50028
0.444778 0 1.31004 1.49944
0.445278 0 1.30955 1.4986
0.445778 0 1.30906 1.49775
0.446278 0 1.30857 1.49691
0.446779 0 1.30808 1.49608
0.447279 0 1.3076 1.49524
0.447779 0 1.30711 1.4944
0.448279 0 1.30662 1.49357
0.448779 0 1.30614 1.49274
0.44928 0 1.30565 1.49191
0.44978 0 1.30517 1.49108
0.45028 0 1.30469 1.49025
0.45078 0 1.3042 1.48942
0.45128 0 1.30372 1.4886
0.451781 0 1.30324 1.48777
0.452281 0 1.30276 1.48695
0.452781 0 1.30228 1.48613
0.453281 0 1.3018 1.48531
0.453781 0 1.30132 1.48449
0.454282 0 1.30084 1.48367
0.454782 0 1.30037 1.48285
0.455282 0 1.29989 1.48204
0.455782 0 1.29941 1.48123
0.456282 0 1.29894 1.48041
0.456783 0 1.29846 1.4796
0.457283 0 1.29799 1.47879
0.457783 0 1.29752 1.47799
0.458283 0 1.29705 1.47718
0.458783 0 1.29657 1.47637
0.459284 0 1.2961 1.47557
0.459784 0 1.29563 1.47477
0.460284 0 1.29516 1.47396
0.460784 0 1.29469 1.47316
0.461284 0 1.29423 1.47237
0.461785 0 1.29376 1.47157
0.462285 0 1.29329 1.47077
0.462785 0 1.29283 1.46998
0.463285 0 1.29236 1.46918
0.463785 0 1.2919 1.46839
0.464286 0 1.29143 1.4676
0.464786 0 1.29097 1.46681
0.465286 0 1.29051 1.46602
0.465786 0 1.29004 1.46523
0.466286 0 1.28958 1.46445
0.466787 0 1.28912 1.46366
0.467287 0 1.28866 1.46288
0.467787 0 1.2882 1.4621
0.468287 0 1.28774 1.46131
0.468787 0 1.28728 1.46054
0.469288 0 1.28683 1.45976
0.469788 0 1.28637 1.45898
0.470288 0 1.28591 1.4582
0.470788 0 1.28546 1.45743
0.471288 0 1.285 1.45665
0.471789 0 1.28455 1.45588
0.472289 0 1.2841 1.45511
0.472789 0 1.28364 1.45434
0.473289 0 1.28319 1.45357
0.473789 0 1.28274 1.4528
0.47429 0 1.28229 1.45204
0.47479 0 1.28184 1.45127
0.47529 0 1.28139 1.45051
0.47579 0 1.28094 1.44975
0.47629 0 1.28049 1.44899
0.476791 0 1.28004 1.44823
0.477291 0 1.27959 1.44747
0.477791 0 1.27915 1.44671
0.478291 0 1.2787 1.44595
0.478791 0 1.27826 1.4452
0.479292 0 1.27781 1.44444
0.479792 0 1.27737 1.44369
0.480292 0 1.27692 1.44294
0.480792 0 1.27648 1.44219
0.481292 0 1.27604 1.44144
0.481793 0 1.2756 1.44069
0.482293 0 1.27516 1.43994
0.482793 0 1.27471 1.43919
0.483293 0 1.27427 1.43845
0.483793 0 1.27384 1.43771
0.484294 0 1.2734 1.43696
0.484794 0 1.27296 1.43622
0.485294 0 1.27252 1.43548
0.485794 0 1.27208 1.43474
0.486294 0 1.27165 1.434
0.486795 0 1.27121 1.43327
0.487295 0 1.27078 1.43253
0.487795 0 1.27034 1.4318
0.488295 0 1.26991 1.43106
0.488795 0 1.26948 1.43033
0.489296 0 1.26904 1.4296
0.489796 0 1.26861 1.42887
0.490296 0 1.26818 1.42814
0.490796 0 1.26775 1.42741
0.491296 0 1.26732 1.42669
0.491797 0 1.26689 1.42596
0.492297 0 1.26646 1.42523
0.492797 0 1.26603 1.42451
0.493297 0 1.2656 1.42379
0.493797 0 1.26517 1.42307
0.494298 0 1.26475 1.42235
0.494798 0 1.26432 1.42163
0.495298 0 1.2639 1.42091
0.495798 0 1.26347 1.42019
0.496298 0 1.26305 1.41948
0.496799 0 1.26262 1.41876
0.497299 0 1.2622 1.41805
0.497799 0 1.26178 1.41734
0.498299 0 1.26135 1.41662
0.498799 0 1.26093 1.41591
0.4993 0 1.26051 1.4152
0.4998 0 1.26009 1.4145
0.5003 1 1.25967 1.41379
0.5008 1 1.25925 1.41308
0.501301 1 1.25883 1.41238
0.501801 1 1.25841 1.41167
0.502301 1 1.25799 1.41097
0.502801 1 1.25758 1.41027
0.503301 1 1.25716 1.40957
0.503802 1 1.25674 1.40887
0.504302 1 1.25633 1.40817
0.504802 1 1.25591 1.40747
0.505302 1 1.2555 1.40677
0.505802 1 1.25508 1.40608
0.506303 1 1.25467 1.40538
0.506803 1 1.25426 1.40469
0.507303 1 1.25385 1.404
0.507803 1 1.25343 1.40331
0.508303 1 1.25302 1.40262
0.508804 1 1.25261 1.40193
0.509304 1 1.2522 1.40124
0.509804 1 1.25179 1.40055
0.510304 1 1.25138 1.39986
0.510804 1 1.25097 1.39918
0.511305 1 1.25057 1.39849
0.511805 1 1.25016 1.39781
0.512305 1 1.24975 1.39713
0.512805 1 1.24935 1.39644
0.513305 1 1.24894 1.39576
0.513806 1 1.24853 1.39508
0.514306 1 1.24813 1.39441
0.514806 1 1.24772 1.39373
0.515306 1 1.24732 1.39305
0.515806 1 1.24692 1.39238
0.516307 1 1.24651 1.3917
0.516807 1 1.24611 1.39103
0.517307 1 1.24571 1.39036
0.517807 1 1.24531 1.38968
0.518307 1 1.24491 1.38901
0.518808 1 1.24451 1.38834
0.519308 1 1.24411 1.38767
0.519808 1 1.24371 1.38701
0.520308 1 1.24331 1.38634
0.520808 1 1.24291 1.38567
0.521309 1 1.24252 1.38501
0.521809 1 1.24212 1.38435
0.522309 1 1.24172 1.38368
0.522809 1 1.24133 1.38302
0.523309 1 1.24093 1.38236
0.52381 1 1.24053 1.3817
0.52431 1 1.24014 1.38104
0.52481 1 1.23975 1.38038
0.52531 1 1.23935 1.37972
0.52581 1 1.23896 1.37907
0.526311 1 1.23857 1.37841
0.526811 1 1.23817 1.37776
0.527311 1 1.23778 1.3771
0.527811 1 1.23739 1.37645
0.528311 1 1.237 1.3758
0.528812 1 1.23661 1.37515
0.529312 1 1.23622 1.3745
0.529812 1 1.23583 1.37385
0.530312 1 1.23544 1.3732
0.530812 1 1.23506 1.37255
0.531313 1 1.23467 1.37191
0.531813 1 1.23428 1.37126
0.532313 1 1.23389 1.37062
0.532813 1 1.23351 1.36997
0.533313 1 1.23312 1.36933
0.533814 1 1.23274 1.36869
0.534314 1 1.23235 1.36805
0.534814 1 1.23197 1.36741
0.535314 1 1.23158 1.36677
0.535814 1 1.2312 1.36613
0.536315 1 1.23082 1.3655
0.536815 1 1.23043 1.36486
0.537315 1 1.23005 1.36422
0.537815 1 1.22967 1.36359
0.538315 1 1.22929 1.36296
0.538816 1 1.22891 1.36232
0.539316 1 1.22853 1.36169
0.539816 1 1.22815 1.36106
0.540316 1 1.22777 1.36043
0.540816 1 1.22739 1.3598
0.541317 1 1.22701 1.35917
0.541817 1 1.22664 1.35854
0.542317 1 1.22626 1.35792
0.542817 1 1.22588 1.35729
0.543317 1 1.22551 1.35667
0.543818 1 1.22513 1.35604
0.544318 1 1.22475 1.35542
0.544818 1 1.22438 1.3548
0.545318 1 1.22401 1.35418
0.545818 1 1.22363 1.35356
0.546319 1 1.22326 1.35294
0.546819 1 1.22288 1.35232
0.547319 1 1.22251 1.3517
0.547819 1 1.22214 1.35108
0.548319 1 1.22177 1.35046
0.54882 1 1.2214 1.34985
0.54932 1 1.22103 1.34923
0.54982 1 1.22066 1.34862
0.55032 1 1.22029 1.34801
0.55082 1 1.21992 1.3474
0.551321 1 1.21955 1.34678
0.551821 1 1.21918 1.34617
0.552321 1 1.21881 1.34556
0.552821 1 1.21844 1.34495
0.553321 1 1.21808 1.34435
0.553822 1 1.21771 1.34374
0.554322 1 1.21734 1.34313
0.554822 1 1.21698 1.34253
0.555322 1 1.21661 1.34192
0.555822 1 1.21625 1.34132
0.556323 1 1.21588 1.34072
0.556823 1 1.21552 1.34011
0.557323 1 1.21515 1.33951
0.557823 1 1.21479 1.33891
0.558323 1 1.21443 1.33831
0.558824 1 1.21406 1.33771
0.559324 1 1.2137 1.33711
0.559824 1 1.21334 1.33652
0.560324 1 1.21298 1.33592
0.560824 1 1.21262 1.33532
0.561325 1 1.21226 1.33473
0.561825 1 1.2119 1.33413
0.562325 1 1.21154 1.33354
0.562825 1 1.21118 1.33295
0.563325 1 1.21082 1.33236
0.563826 1 1.21046 1.33177
0.564326 1 1.21011 1.33117
0.564826 1 1.20975 1.33059
0.565326 1 1.20939 1.33
0.565826 1 1.20904 1.32941
0.566327 1 1.20868 1.32882
0.566827 1 1.20832 1.32823
0.567327 1 1.20797 1.32765
0.567827 1 1.20761 1.32706
0.568327 1 1.20726 1.32648
0.568828 1 1.20691 1.3259
0.569328 1 1.20655 1.32531
0.569828 1 1.2062 1.32473
0.570328 1 1.20585 1.32415
0.570828 1 1.20549 1.32357
0.571329 1 1.20514 1.32299
0.571829 1 1.20479 1.32241
0.572329 1 1.20444 1.32183
0.572829 1 1.20409 1.32126
0.573329 1 1.20374 1.32068
0.57383 1 1.20339 1.32011
0.57433 1 1.20304 1.31953
0.57483 1 1.20269 1.31896
0.57533 1 1.20234 1.31838
0.57583 1 1.20199 1.31781
0.576331 1 1.20164 1.31724
0.576831 1 1.2013 1.31667
0.577331 1 1.20095 1.3161
0.577831 1 1.2006 1.31553
0.578331 1 1.20026 1.31496
0.578832 1 1.19991 1.31439
0.579332 1 1.19957 1.31382
0.579832 1 1.19922 1.31325
0.580332 1 1.19888 1.31269
0.580832 1 1.19853 1.31212
0.581333 1 1.19819 1.31156
0.581833 1 1.19784 1.31099
0.582333 1 1.1975 1.31043
0.582833 1 1.19716 1.30987
0.583333 1 1.19682 1.30931
0.583834 1 1.19648 1.30875
0.584334 1 1.19613 1.30819
0.584834 1 1.19579 1.30763
0.585334 1 1.19545 1.30707
0.585834 1 1.19511 1.30651
0.586335 1 1.19477 1.30595
0.586835 1 1.19443 1.3054
0.587335 1 1.19409 1.30484
0.587835 1 1.19375 1.30428
0.588335 1 1.19342 1.30373
0.588836 1 1.19308 1.30318
0.589336 1 1.19274 1.30262
0.589836 1 1.1924 1.30207
0.590336 1 1.19207 1.30152
0.590836 1 1.19173 1.30097
0.591337 1 1.19139 1.30042
0.591837 1 1.19106 1.29987
0.592337 1 1.19072 1.29932
0.592837 1 1.19039 1.29877
0.593337 1 1.19005 1.29822
0.593838 1 1.18972 1.29768
0.594338 1 1.18938 1.29713
0.594838 1 1.18905 1.29658
0.595338 1 1.18872 1.29604
0.595838 1 1.18839 1.2955
0.596339 1 1.18805 1.29495
0.596839 1 1.18772 1.29441
0.597339 1 1.18739 1.29387
0.597839 1 1.18706 1.29333
0.598339 1 1.18673 1.29278
0.59884 1 1.1864 1.29224
0.59934 1 1.18607 1.29171
0.59984 1 1.18574 1.29117
0.60034 1 1.18541 1.29063
0.60084 1 1.18508 1.29009
0.601341 1 1.18475 1.28955
0.601841 1 1.18442 1.28902
0.602341 1 1.18409 1.28848
0.602841 1 1.18377 1.28795
0.603341 1 1.18344 1.28741
0.603842 1 1.18311 1.28688
0.604342 1 1.18278 1.28635
0.604842 1 1.18246 1.28582
0.605342 1 1.18213 1.28529
0.605842 1 1.18181 1.28475
0.606343 1 1.18148 1.28422
0.606843 1 1.18116 1.2837
0.607343 1 1.18083 1.28317
0.607843 1 1.18051 1.28264
0.608343 1 1.18019 1.28211
0.608844 1 1.17986 1.28158
0.609344 1 1.17954 1.28106
0.609844 1 1.17922 1.28053
0.610344 1 1.17889 1.28001
0.610844 1 1.17857 1.27948
0.611345 1 1.17825 1.27896
0.611845 1 1.17793 1.27844
0.612345 1 1.17761 1.27791
0.612845 1 1.17729 1.27739
0.613345 1 1.17697 1.27687
0.613846 1 1.17665 1.27635
0.614346 1 1.17633 1.27583
0.614846 1 1.17601 1.27531
0.615346 1 1.17569 1.27479
0.615846 1 1.17537 1.27428
0.616347 1 1.17506 1.27376
0.616847 1 1.17474 1.27324
0.617347 1 1.17442 1.27273
0.617847 1 1.1741 1.27221
0.618347 1 1.17379 1.2717
0.618848 1 1.17347 1.27118
0.619348 1 1.17315 1.27067
0.619848 1 1.17284 1.27016
0.620348 1 1.17252 1.26964
0.620848 1 1.17221 1.26913
0.621349 1 1.17189 1.26862
0.621849 1 1.17158 1.26811
0.622349 1 1.17127 1.2676
0.622849 1 1.17095 1.26709
0.623349 1 1.17064 1.26658
0.62385 1 1.17033 1.26608
0.62435 1 1.17001 1.26557
0.62485 1 1.1697 1.26506
0.62535 1 1.16939 1.26456
0.62585 1 1.16908 1.26405
0.626351 1 1.16877 1.26355
0.626851 1 1.16845 1.26304
0.627351 1 1.16814 1.26254
0.627851 1 1.16783 1.26204
0.628351 1 1.16752 1.26153
0.628852 1 1.16721 1.26103
0.629352 1 1.16691 1.26053
0.629852 1 1.1666 1.26003
0.630352 1 1.16629 1.25953
0.630852 1 1.16598 1.25903
0.631353 1 1.16567 1.25853
0.631853 1 1.16536 1.25803
0.632353 1 1.16506 1.25754
0.632853 1 1.16475 1.25704
0.633353 1 1.16444 1.25654
0.633854 1 1.16414 1.25605
0.634354 1 1.16383 1.25555
0.634854 1 1.16352 1.25506
0.635354 1 1.16322 1.25456
0.635854 1 1.16291 1.25407
0.636355 1 1.16261 1.25358
0.636855 1 1.1623 1.25308
0.637355 1 1.162 1.25259
0.637855 1 1.1617 1.2521
0.638355 1 1.16139 1.25161
0.638856 1 1.16109 1.25112
0.639356 1 1.16079 1.25063
0.639856 1 1.16048 1.25014
0.640356 1 1.16018 1.24965
0.640856 1 1.15988 1.24916
0.641357 1 1.15958 1.24868
0.641857 1 1.15928 1.24819
0.642357 1 1.15898 1.2477
0.642857 1 1.15868 1.24722
0.643357 1 1.15838 1.24673
0.643858 1 1.15808 1.24625
0.644358 1 1.15778 1.24577
0.644858 1 1.15748 1.24528
0.645358 1 1.15718 1.2448
0.645858 1 1.15688 1.24432
0.646359 1 1.15658 1.24384
0.646859 1 1.15628 1.24336
0.647359 1 1.15598 1.24287
0.647859 1 1.15569 1.2424
0.648359 1 1.15539 1.24192
0.64886 1 1.15509 1.24144
0.64936 1 1.15479 1.24096
0.64986 1 1.1545 1.24048
0.65036 1 1.1542 1.24
0.65086 1 1.15391 1.23953
0.651361 1 1.15361 1.23905
0.651861 1 1.15332 1.23858
0.652361 1 1.15302 1.2381
0.652861 1 1.15273 1.23763
0.653361 1 1.15243 1.23715
0.653862 1 1.15214 1.23668
0.654362 1 1.15184 1.23621
0.654862 1 1.15155 1.23573
0.655362 1 1.15126 1.23526
0.655862 1 1.15097 1.23479
0.656363 1 1.15067 1.23432
0.656863 1 1.15038 1.23385
0.657363 1 1.15009 1.23338
0.657863 1 1.1498 1.23291
0.658363 1 1.14951 1.23244
0.658864 1 1.14922 1.23198
0.659364 1 1.14892 1.23151
0.659864 1 1.14863 1.23104
0.660364 1 1.14834 1.23058
0.660864 1 1.14805 1.23011
0.661365 1 1.14777 1.22964
0.661865 1 1.14748 1.22918
0.662365 1 1.14719 1.22872
0.662865 1 1.1469 1.22825
0.663365 1 1.14661 1.22779
0.663866 1 1.14632 1.22733
0.664366 1 1.14603 1.22686
0.664866 1 1.14575 1.2264
0.665366 1 1.14546 1.22594
0.665866 1 1.14517 1.22548
0.666367 1 1.14489 1.22502
0.666867 1 1.1446 1.22456
0.667367 1 1.14431 1.2241
0.667867 1 1.14403 1.22364
0.668367 1 1.14374 1.22319
0.668868 1 1.14346 1.22273
0.669368 1 1.14317 1.22227
0.669868 1 1.14289 1.22181
0.670368 1 1.1426 1.22136
0.670868 1 1.14232 1.2209
0.671369 1 1.14204 1.22045
0.671869 1 1.14175 1.21999
0.672369 1 1.14147 1.21954
0.672869 1 1.14119 1.21909
0.673369 1 1.1409 1.21863
0.67387 1 1.14062 1.21818
0.67437 1 1.14034 1.21773
0.67487 1 1.14006 1.21728
0.67537 1 1.13978 1.21683
0.67587 1 1.13949 1.21638
0.676371 1 1.13921 1.21593
0.676871 1 1.13893 1.21548
0.677371 1 1.13865 1.21503
0.677871 1 1.13837 1.21458
0.678371 1 1.13809 1.21413
0.678872 1 1.13781 1.21369
0.679372 1 1.13753 1.21324
0.679872 1 1.13725 1.21279
0.680372 1 1.13698 1.21235
0.680872 1 1.1367 1.2119
0.681373 1 1.13642 1.21146
0.681873 1 1.13614 1.21101
0.682373 1 1.13586 1.21057
0.682873 1 1.13559 1.21012
0.683373 1 1.13531 1.20968
0.683874 1 1.13503 1.20924
0.684374 1 1.13476 1.2088
0.684874 1 1.13448 1.20836
0.685374 1 1.1342 1.20791
0.685874 1 1.13393 1.20747
0.686375 1 1.13365 1.20703
0.686875 1 1.13338 1.20659
0.687375 1 1.1331 1.20616
0.687875 1 1.13283 1.20572
0.688375 1 1.13255 1.20528
0.688876 1 1.13228 1.20484
0.689376 1 1.132 1.2044
0.689876 1 1.13173 1.20397
0.690376 1 1.13146 1.20353
0.690876 1 1.13118 1.20309
0.691377 1 1.13091 1.20266
0.691877 1 1.13064 1.20222
0.692377 1 1.13037 1.20179
0.692877 1 1.13009 1.20136
0.693377 1 1.12982 1.20092
0.693878 1 1.12955 1.20049
0.694378 1 1.12928 1.20006
0.694878 1 1.12901 1.19963
0.695378 1 1.12874 1.19919
0.695878 1 1.12847 1.19876
0.696379 1 1.1282 1.19833
0.696879 1 1.12793 1.1979
0.697379 1 1.12766 1.19747
0.697879 1 1.12739 1.19704
0.698379 1 1.12712 1.19661
0.69888 1 1.12685 1.19619
0.69938 1 1.12658 1.19576
0.69988 1 1.12631 1.19533
0.70038 1 1.12604 1.1949
0.70088 1 1.12578 1.19448
0.701381 1 1.12551 1.19405
0.701881 1 1.12524 1.19363
0.702381 1 1.12497 1.1932
0.702881 1 1.12471 1.19278
0.703381 1 1.12444 1.19235
0.703882 1 1.12417 1.19193
0.704382 1 1.12391 1.19151
0.704882 1 1.12364 1.19108
0.705382 1 1.12338 1.19066
0.705882 1 1.12311 1.19024
0.706383 1 1.12285 1.18982
0.706883 1 1.12258 1.1894
0.707383 1 1.12232 1.18897
0.707883 1 1.12205 1.18855
0.708383 1 1.12179 1.18814
0.708884 1 1.12152 1.18772
0.709384 1 1.12126 1.1873
0.709884 1 1.121 1.18688
0.710384 1 1.12073 1.18646
0.710884 1 1.12047 1.18604
0.711385 1 1.12021 1.18563
0.711885 1 1.11995 1.18521
0.712385 1 1.11968 1.18479
0.712885 1 1.11942 1.18438
0.713385 1 1.11916 1.18396
0.713886 1 1.1189 1.18355
0.714386 1 1.11864 1.18313
0.714886 1 1.11838 1.18272
0.715386 1 1.11812 1.18231
0.715886 1 1.11785 1.18189
0.716387 1 1.11759 1.18148
0.716887 1 1.11733 1.18107
0.717387 1 1.11707 1.18066
0.717887 1 1.11682 1.18024
0.718387 1 1.11656 1.17983
0.718888 1 1.1163 1.17942
0.719388 1 1.11604 1.17901
0.719888 1 1.11578 1.1786
0.720388 1 1.11552 1.17819
0.720888 1 1.11526 1.17778
0.721389 1 1.11501 1.17738
0.721889 1 1.11475 1.17697
0.722389 1 1.11449 1.17656
0.722889 1 1.11423 1.17615
0.723389 1 1.11398 1.17575
0.72389 1 1.11372 1.17534
0.72439 1 1.11346 1.17494
0.72489 1 1.11321 1.17453
0.72539 1 1.11295 1.17412
0.72589 1 1.1127 1.17372
0.726391 1 1.11244 1.17332
0.726891 1 1.11218 1.17291
0.727391 1 1.11193 1.17251
0.727891 1 1.11168 1.17211
0.728391 1 1.11142 1.1717
0.728892 1 1.11117 1.1713
0.729392 1 1.11091 1.1709
0.729892 1 1.11066 1.1705
0.730392 1 1.1104 1.1701
0.730892 1 1.11015 1.1697
0.731393 1 1.1099 1.1693
0.731893 1 1.10965 1.1689
0.732393 1 1.10939 1.1685
0.732893 1 1.10914 1.1681
0.733393 1 1.10889 1.1677
0.733894 1 1.10864 1.1673
0.734394 1 1.10838 1.16691
0.734894 1 1.10813 1.16651
0.735394 1 1.10788 1.16611
0.735894 1 1.10763 1.16571
0.736395 1 1.10738 1.16532
0.736895 1 1.10713 1.16492
0.737395 1 1.10688 1.16453
0.737895 1 1.10663 1.16413
0.738395 1 1.10638 1.16374
0.738896 1 1.10613 1.16334
0.739396 1 1.10588 1.16295
0.739896 1 1.10563 1.16256
0.740396 1 1.10538 1.16217
0.740896 1 1.10513 1.16177
0.741397 1 1.10488 1.16138
0.741897 1 1.10464 1.16099
0.742397 1 1.10439 1.1606
0.742897 1 1.10414 1.16021
0.743397 1 1.10389 1.15982
0.743898 1 1.10364 1.15943
0.744398 1 1.1034 1.15904
0.744898 1 1.10315 1.15865
0.745398 1 1.1029 1.15826
0.745898 1 1.10266 1.15787
0.746399 1 1.10241 1.15748
0.746899 1 1.10216 1.1571
0.747399 1 1.10192 1.15671
0.747899 1 1.10167 1.15632
0.748399 1 1.10143 1.15593
0.7489 1 1.10118 1.15555
0.7494 1 1.10094 1.15516
0.7499 1 1.10069 1.15478
0.7504 1 1.10045 1.15439
0.7509 1 1.1002 1.15401
0.751401 1 1.09996 1.15362
0.751901 1 1.09971 1.15324
0.752401 1 1.09947 1.15286
0.752901 1 1.09923 1.15247
0.753401 1 1.09898 1.15209
0.753902 1 1.09874 1.15171
0.754402 1 1.0985 1.15133
0.754902 1 1.09825 1.15095
0.755402 1 1.09801 1.15056
0.755902 1 1.09777 1.15018
0.756403 1 1.09753 1.1498
0.756903 1 1.09729 1.14942
0.757403 1 1.09704 1.14904
0.757903 1 1.0968 1.14866
0.758403 1 1.09656 1.14829
0.758904 1 1.09632 1.14791
0.759404 1 1.09608 1.14753
0.759904 1 1.09584 1.14715
0.760404 1 1.0956 1.14677
0.760904 1 1.09536 1.1464
0.761405 1 1.09512 1.14602
0.761905 1 1.09488 1.14564
0.762405 1 1.09464 1.14527
0.762905 1 1.0944 1.14489
0.763405 1 1.09416 1.14452
0.763906 1 1.09392 1.14414
0.764406 1 1.09368 1.14377
0.764906 1 1.09345 1.14339
0.765406 1 1.09321 1.14302
0.765906 1 1.09297 1.14265
0.766407 1 1.09273 1.14227
0.766907 1 1.09249 1.1419
0.767407 1 1.09226 1.14153
0.767907 1 1.09202 1.14116
0.768407 1 1.09178 1.14079
0.768908 1 1.09155 1.14042
0.769408 1 1.09131 1.14004
0.769908 1 1.09107 1.13967
0.770408 1 1.09084 1.1393
0.770908 1 1.0906 1.13893
0.771409 1 1.09036 1.13856
0.771909 1 1.09013 1.1382
0.772409 1 1.08989 1.13783
0.772909 1 1.08966 1.13746
0.773409 1 1.08942 1.13709
0.77391 1 1.08919 1.13672
0.77441 1 1.08895 1.13636
0.77491 1 1.08872 1.13599
0.77541 1 1.08849 1.13562
0.77591 1 1.08825 1.13526
0.776411 1 1.08802 1.13489
0.776911 1 1.08778 1.13453
0.777411 1 1.08755 1.13416
0.777911 1 1.08732 1.1338
0.778411 1 1.08709 1.13343
0.778912 1 1.08685 1.13307
0.779412 1 1.08662 1.1327
0.779912 1 1.08639 1.13234
0.780412 1 1.08616 1.13198
0.780912 1 1.08592 1.13162
0.781413 1 1.08569 1.13125
0.781913 1 1.08546 1.13089
0.782413 1 1.08523 1.13053
0.782913 1 1.085 1.13017
0.783413 1 1.08477 1.12981
0.783914 1 1.08454 1.12945
0.784414 1 1.08431 1.12909
0.784914 1 1.08407 1.12873
0.785414 1 1.08384 1.12837
0.785914 1 1.08361 1.12801
0.786415 1 1.08339 1.12765
0.786915 1 1.08316 1.12729
0.787415 1 1.08293 1.12693
0.787915 1 1.0827 1.12658
0.788415 1 1.08247 1.12622
0.788916 1 1.08224 1.12586
0.789416 1 1.08201 1.1255
0.789916 1 1.08178 1.12515
0.790416 1 1.08155 1.12479
0.790916 1 1.08133 1.12444
0.791417 1 1.0811 1.12408
0.791917 1 1.08087 1.12373
0.792417 1 1.08064 1.12337
0.792917 1 1.08042 1.12302
0.793417 1 1.08019 1.12266
0.793918 1 1.07996 1.12231
0.794418 1 1.07973 1.12196
0.794918 1 1.07951 1.1216
0.795418 1 1.07928 1.12125
0.795918 1 1.07906 1.1209
0.796419 1 1.07883 1.12055
0.796919 1 1.0786 1.12019
0.797419 1 1.07838 1.11984
0.797919 1 1.07815 1.11949
0.798419 1 1.07793 1.11914
0.79892 1 1.0777 1.11879
0.79942 1 1.07748 1.11844
0.79992 1 1.07725 1.11809
0.80042 1 1.07703 1.11774
0.80092 1 1.0768 1.11739
0.801421 1 1.07658 1.11704
0.801921 1 1.07636 1.11669
0.802421 1 1.07613 1.11635
0.802921 1 1.07591 1.116
0.803421 1 1.07569 1.11565
0.803922 1 1.07546 1.1153
0.804422 1 1.07524 1.11496
0.804922 1 1.07502 1.11461
0.805422 1 1.07479 1.11426
0.805922 1 1.07457 1.11392
0.806423 1 1.07435 1.11357
0.806923 1 1.07413 1.11323
0.807423 1 1.07391 1.11288
0.807923 1 1.07368 1.11254
0.808423 1 1.07346 1.11219
0.808924 1 1.07324 1.11185
0.809424 1 1.07302 1.11151
0.809924 1 1.0728 1.11116
0.810424 1 1.07258 1.11082
0.810924 1 1.07236 1.11048
0.811425 1 1.07214 1.11014
0.811925 1 1.07192 1.10979
0.812425 1 1.0717 1.10945
0.812925 1 1.07148 1.10911
0.813425 1 1.07126 1.10877
0.813926 1 1.07104 1.10843
0.814426 1 1.07082 1.10809
0.814926 1 1.0706 1.10775
0.815426 1 1.07038 1.10741
0.815926 1 1.07016 1.10707
0.816427 1 1.06994 1.10673
0.816927 1 1.06973 1.10639
0.817427 1 1.06951 1.10605
0.817927 1 1.06929 1.10571
0.818427 1 1.06907 1.10538
0.818928 1 1.06885 1.10504
0.819428 1 1.06864 1.1047
0.819928 1 1.06842 1.10436
0.820428 1 1.0682 1.10403
0.820928 1 1.06798 1.10369
0.821429 1 1.06777 1.10335
0.821929 1 1.06755 1.10302
0.822429 1 1.06733 1.10268
0.822929 1 1.06712 1.10235
0.823429 1 1.0669 1.10201
0.82393 1 1.06669 1.10168
0.82443 1 1.06647 1.10134
0.82493 1 1.06625 1.10101
0.82543 1 1.06604 1.10068
0.82593 1 1.06582 1.10034
0.826431 1 1.06561 1.10001
0.826931 1 1.06539 1.09968
0.827431 1 1.06518 1.09935
0.827931 1 1.06496 1.09901
0.828431 1 1.06475 1.09868
0.828932 1 1.06454 1.09835
0.829432 1 1.06432 1.09802
0.829932 1 1.06411 1.09769
0.830432 1 1.06389 1.09736
0.830932 1 1.06368 1.09703
0.831433 1 1.06347 1.0967
0.831933 1 1.06325 1.09637
0.832433 1 1.06304 1.09604
0.832933 1 1.06283 1.09571
0.833433 1 1.06262 1.09538
0.833934 1 1.0624 1.09505
0.834434 1 1.06219 1.09472
0.834934 1 1.06198 1.09439
0.835434 1 1.06177 1.09407
0.835934 1 1.06156 1.09374
0.836435 1 1.06134 1.09341
0.836935 1 1.06113 1.09309
0.837435 1 1.06092 1.09276
0.837935 1 1.06071 1.09243
0.838435 1 1.0605 1.09211
0.838936 1 1.06029 1.09178
0.839436 1 1.06008 1.09146
0.839936 1 1.05987 1.09113
0.840436 1 1.05966 1.09081
0.840936 1 1.05945 1.09048
0.841437 1 1.05924 1.09016
0.841937 1 1.05903 1.08983
0.842437 1 1.05882 1.08951
0.842937 1 1.05861 1.08919
0.843437 1 1.0584 1.08886
0.843938 1 1.05819 1.08854
0.844438 1 1.05798 1.08822
0.844938 1 1.05777 1.0879
0.845438 1 1.05756 1.08757
0.845938 1 1.05735 1.08725
0.846439 1 1.05715 1.08693
0.846939 1 1.05694 1.08661
0.847439 1 1.05673 1.08629
0.847939 1 1.05652 1.08597
0.848439 1 1.05631 1.08565
0.84894 1 1.05611 1.08533
0.84944 1 1.0559 1.08501
0.84994 1 1.05569 1.08469
0.85044 1 1.05549 1.08437
0.85094 1 1.05528 1.08405
0.851441 1 1.05507 1.08373
0.851941 1 1.05486 1.08342
0.852441 1 1.05466 1.0831
0.852941 1 1.05445 1.08278
0.853441 1 1.05425 1.08246
0.853942 1 1.05404 1.08215
0.854442 1 1.05383 1.08183
0.854942 1 1.05363 1.08151
0.855442 1 1.05342 1.0812
0.855942 1 1.05322 1.08088
0.856443 1 1.05301 1.08056
0.856943 1 1.05281 1.08025
0.857443 1 1.0526 1.07993
0.857943 1 1.0524 1.07962
0.858443 1 1.05219 1.0793
0.858944 1 1.05199 1.07899
0.859444 1 1.05179 1.07868
0.859944 1 1.05158 1.07836
0.860444 1 1.05138 1.07805
0.860944 1 1.05117 1.07774
0.861445 1 1.05097 1.07742
0.861945 1 1.05077 1.07711
0.862445 1 1.05056 1.0768
0.862945 1 1.05036 1.07649
0.863445 1 1.05016 1.07617
0.863946 1 1.04996 1.07586
0.864446 1 1.04975 1.07555
0.864946 1 1.04955 1.07524
0.865446 1 1.04935 1.07493
0.865946 1 1.04915 1.07462
0.866447 1 1.04895 1.07431
0.866947 1 1.04874 1.074
0.867447 1 1.04854 1.07369
0.867947 1 1.04834 1.07338
0.868447 1 1.04814 1.07307
0.868948 1 1.04794 1.07276
0.869448 1 1.04774 1.07245
0.869948 1 1.04754 1.07214
0.870448 1 1.04734 1.07184
0.870948 1 1.04713 1.07153
0.871449 1 1.04693 1.07122
0.871949 1 1.04673 1.07091
0.872449 1 1.04653 1.07061
0.872949 1 1.04633 1.0703
0.873449 1 1.04613 1.06999
0.87395 1 1.04593 1.06969
0.87445 1 1.04574 1.06938
0.87495 1 1.04554 1.06908
0.87545 1 1.04534 1.06877
0.87595 1 1.04514 1.06846
0.876451 1 1.04494 1.06816
0.876951 1 1.04474 1.06786
0.877451 1 1.04454 1.06755
0.877951 1 1.04434 1.06725
0.878451 1 1.04414 1.06694
0.878952 1 1.04395 1.06664
0.879452 1 1.04375 1.06634
0.879952 1 1.04355 1.06603
0.880452 1 1.04335 1.06573
0.880952 1 1.04316 1.06543
0.881453 1 1.04296 1.06512
0.881953 1 1.04276 1.06482
0.882453 1 1.04256 1.06452
0.882953 1 1.04237 1.06422
0.883453 1 1.04217 1.06392
0.883954 1 1.04197 1.06362
0.884454 1 1.04178 1.06332
0.884954 1 1.04158 1.06302
0.885454 1 1.04138 1.06272
0.885954 1 1.04119 1.06242
0.886455 1 1.04099 1.06212
0.886955 1 1.0408 1.06182
0.887455 1 1.0406 1.06152
0.887955 1 1.04041 1.06122
0.888455 1 1.04021 1.06092
0.888956 1 1.04002 1.06062
0.889456 1 1.03982 1.06032
0.889956 1 1.03963 1.06002
0.890456 1 1.03943 1.05973
0.890956 1 1.03924 1.05943
0.891457 1 1.03904 1.05913
0.891957 1 1.03885 1.05883
0.892457 1 1.03865 1.05854
0.892957 1 1.03846 1.05824
0.893457 1 1.03827 1.05794
0.893958 1 1.03807 1.05765
0.894458 1 1.03788 1.05735
0.894958 1 1.03769 1.05706
0.895458 1 1.03749 1.05676
0.895958 1 1.0373 1.05647
0.896459 1 1.03711 1.05617
0.896959 1 1.03691 1.05588
0.897459 1 1.03672 1.05558
0.897959 1 1.03653 1.05529
0.898459 1 1.03634 1.055
0.89896 1 1.03614 1.0547
0.89946 1 1.03595 1.05441
0.89996 1 1.03576 1.05412
0.90046 1 1.03557 1.05382
0.90096 1 1.03538 1.05353
0.901461 1 1.03518 1.05324
0.901961 1 1.03499 1.05295
0.902461 1 1.0348 1.05265
0.902961 1 1.03461 1.05236
0.903461 1 1.03442 1.05207
0.903962 1 1.03423 1.05178
0.904462 1 1.03404 1.05149
0.904962 1 1.03385 1.0512
0.905462 1 1.03366 1.05091
0.905962 1 1.03347 1.05062
0.906463 1 1.03328 1.05033
0.906963 1 1.03309 1.05004
0.907463 1 1.0329 1.04975
0.907963 1 1.03271 1.04946
0.908463 1 1.03252 1.04917
0.908964 1 1.03233 1.04888
0.909464 1 1.03214 1.04859
0.909964 1 1.03195 1.04831
0.910464 1 1.03176 1.04802
0.910964 1 1.03157 1.04773
0.911465 1 1.03138 1.04744
0.911965 1 1.03119 1.04715
0.912465 1 1.03101 1.04687
0.912965 1 1.03082 1.04658
0.913465 1 1.03063 1.04629
0.913966 1 1.03044 1.04601
0.914466 1 1.03025 1.04572
0.914966 1 1.03007 1.04544
0.915466 1 1.02988 1.04515
0.915966 1 1.02969 1.04487
0.916467 1 1.0295 1.04458
0.916967 1 1.02932 1.04429
0.917467 1 1.02913 1.04401
0.917967 1 1.02894 1.04373
0.918467 1 1.02876 1.04344
0.918968 1 1.02857 1.04316
0.919468 1 1.02838 1.04287
0.919968 1 1.0282 1.04259
0.920468 1 1.02801 1.04231
0.920968 1 1.02782 1.04202
0.921469 1 1.02764 1.04174
0.921969 1 1.02745 1.04146
0.922469 1 1.02727 1.04118
0.922969 1 1.02708 1.04089
0.923469 1 1.02689 1.04061
0.92397 1 1.02671 1.04033
0.92447 1 1.02652 1.04005
0.92497 1 1.02634 1.03977
0.92547 1 1.02615 1.03949
0.92597 1 1.02597 1.03921
0.926471 1 1.02578 1.03892
0.926971 1 1.0256 1.03864
0.927471 1 1.02542 1.03836
0.927971 1 1.02523 1.03808
0.928471 1 1.02505 1.0378
0.928972 1 1.02486 1.03753
0.929472 1 1.02468 1.03725
0.929972 1 1.0245 1.03697
0.930472 1 1.02431 1.03669
0.930972 1 1.02413 1.03641
0.931473 1 1.02395 1.03613
0.931973 1 1.02376 1.03585
0.932473 1 1.02358 1.03558
0.932973 1 1.0234 1.0353
0.933473 1 1.02321 1.03502
0.933974 1 1.02303 1.03474
0.934474 1 1.02285 1.03447
0.934974 1 1.02267 1.03419
0.935474 1 1.02248 1.03391
0.935974 1 1.0223 1.03364
0.936475 1 1.02212 1.03336
0.936975 1 1.02194 1.03308
0.937475 1 1.02175 1.03281
0.937975 1 1.02157 1.03253
0.938475 1 1.02139 1.03226
0.938976 1 1.02121 1.03198
0.939476 1 1.02103 1.03171
0.939976 1 1.02085 1.03143
0.940476 1 1.02067 1.03116
0.940976 1 1.02049 1.03089
0.941477 1 1.02031 1.03061
0.941977 1 1.02012 1.03034
0.942477 1 1.01994 1.03006
0.942977 1 1.01976 1.02979
0.943477 1 1.01958 1.02952
0.943978 1 1.0194 1.02925
0.944478 1 1.01922 1.02897
0.944978 1 1.01904 1.0287
0.945478 1 1.01886 1.02843
0.945978 1 1.01868 1.02816
0.946479 1 1.0185 1.02789
0.946979 1 1.01833 1.02761
0.947479 1 1.01815 1.02734
0.947979 1 1.01797 1.02707
0.948479 1 1.01779 1.0268
0.94898 1 1.01761 1.02653
0.94948 1 1.01743 1.02626
0.94998 1 1.01725 1.02599
0.95048 1 1.01707 1.02572
0.95098 1 1.0169 1.02545
0.951481 1 1.01672 1.02518
0.951981 1 1.01654 1.02491
0.952481 1 1.01636 1.02464
0.952981 1 1.01618 1.02437
0.953481 1 1.01601 1.0241
0.953982 1 1.01583 1.02384
0.954482 1 1.01565 1.02357
0.954982 1 1.01547 1.0233
0.955482 1 1.0153 1.02303
0.955982 1 1.01512 1.02276
0.956483 1 1.01494 1.0225
0.956983 1 1.01476 1.02223
0.957483 1 1.01459 1.02196
0.957983 1 1.01441 1.02169
0.958483 1 1.01423 1.02143
0.958984 1 1.01406 1.02116
0.959484 1 1.01388 1.0209
0.959984 1 1.01371 1.02063
0.960484 1 1.01353 1.02036
0.960984 1 1.01335 1.0201
0.961485 1 1.01318 1.01983
0.961985 1 1.013 1.01957
0.962485 1 1.01283 1.0193
0.962985 1 1.01265 1.01904
0.963485 1 1.01248 1.01877
0.963986 1 1.0123 1.01851
0.964486 1 1.01213 1.01824
0.964986 1 1.01195 1.01798
0.965486 1 1.01178 1.01772
0.965986 1 1.0116 1.01745
0.966487 1 1.01143 1.01719
0.966987 1 1.01125 1.01693
0.967487 1 1.01108 1.01666
0.967987 1 1.0109 1.0164
0.968487 1 1.01073 1.01614
0.968988 1 1.01056 1.01588
0.969488 1 1.01038 1.01561
0.969988 1 1.01021 1.01535
0.970488 1 1.01004 1.01509
0.970988 1 1.00986 1.01483
0.971489 1 1.00969 1.01457
0.971989 1 1.00952 1.01431
0.972489 1 1.00934 1.01405
0.972989 1 1.00917 1.01379
0.973489 1 1.009 1.01352
0.97399 1 1.00882 1.01326
0.97449 1 1.00865 1.013
0.97499 1 1.00848 1.01274
0.97549 1 1.00831 1.01248
0.97599 1 1.00813 1.01223
0.976491 1 1.00796 1.01197
0.976991 1 1.00779 1.01171
0.977491 1 1.00762 1.01145
0.977991 1 1.00745 1.01119
0.978491 1 1.00727 1.01093
0.978992 1 1.0071 1.01067
0.979492 1 1.00693 1.01041
0.979992 1 1.00676 1.01016
0.980492 1 1.00659 1.0099
0.980992 1 1.00642 1.00964
0.981493 1 1.00625 1.00938
0.981993 1 1.00608 1.00913
0.982493 1 1.0059 1.00887
0.982993 1 1.00573 1.00861
0.983493 1 1.00556 1.00836
0.983994 1 1.00539 1.0081
0.984494 1 1.00522 1.00784
0.984994 1 1.00505 1.00759
0.985494 1 1.00488 1.00733
0.985994 1 1.00471 1.00708
0.986495 1 1.00454 1.00682
0.986995 1 1.00437 1.00657
0.987495 1 1.0042 1.00631
0.987995 1 1.00403 1.00606
0.988495 1 1.00386 1.0058
0.988996 1 1.0037 1.00555
0.989496 1 1.00353 1.00529
0.989996 1 1.00336 1.00504
0.990496 1 1.00319 1.00479
0.990996 1 1.00302 1.00453
0.991497 1 1.00285 1.00428
0.991997 1 1.00268 1.00403
0.992497 1 1.00251 1.00377
0.992997 1 1.00235 1.00352
0.993497 1 1.00218 1.00327
0.993998 1 1.00201 1.00301
0.994498 1 1.00184 1.00276
0.994998 1 1.00167 1.00251
0.995498 1 1.00151 1.00226
0.995998 1 1.00134 1.00201
0.996499 1 1.00117 1.00176
0.996999 1 1.001 1.0015
0.997499 1 1.00084 1.00125
0.997999 1 1.00067 1.001
0.998499 1 1.0005 1.00075
0.999 1 1.00033 1.0005
0.9995 1 1.00017 1.00025
1 1 1 1
