x y z
0 0 0
0.025 0 0
0.05 0 0
0.075 0 0
0.1 0 0
0.125 0 0
0.15 0 0
0.175 0 0
0.2 0 0
0.225 0 0
0.25 0 0
0.275 0 0
0.3 0 0
0.325 0 0
0.35 0 0
0.375 0 0
0.4 0 0
0.425 0 0
0.45 0 0
0.475 0 0
0.5 0 0
0.525 0 0
0.55 0 0
0.575 0 0
0.6 0 0
0.625 0 0
0.65 0 0
0.675 0 0
0.7 0 0
0.725 0 0
0.75 0 0
0.775 0 0
0.8 0 0
0.825 0 0
0.85 0 0
0.875 0 0
0.9 0 0
0.925 0 0
0.95 0 0
0.975 0 0
1 0 0
0 0.025 0
0.025 0.025 0.0134973
0.05 0.025 0.0268208
0.075 0.025 0.0398
0.1 0.025 0.0522707
0.125 0.025 0.0640787
0.15 0.025 0.075082
0.175 0.025 0.0851538
0.2 0.025 0.0941844
0.225 0.025 0.102083
0.25 0.025 0.108781
0.275 0.025 0.114229
0.3 0.025 0.1184
0.325 0.025 0.12129
0.35 0.025 0.122916
0.375 0.025 0.123316
0.4 0.025 0.122546
0.425 0.025 0.12068
0.45 0.025 0.117807
0.475 0.025 0.114028
0.5 0.025 0.109456
0.525 0.025 0.104209
0.55 0.025 0.0984107
0.575 0.025 0.0921842
0.6 0.025 0.0856523
0.625 0.025 0.0789329
0.65 0.025 0.0721364
0.675 0.025 0.0653639
0.7 0.025 0.0587044
0.725 0.025 0.052234
0.75 0.025 0.0460137
0.775 0.025 0.040089
0.8 0.025 0.0344892
0.825 0.025 0.0292278
0.85 0.025 0.0243022
0.875 0.025 0.0196955
0.9 0.025 0.015377
0.925 0.025 0.0113042
0.95 0.025 0.00742467
0.975 0.025 0.00367836
1 0.025 5.71776e-18
0 0.05 0
0.025 0.05 0.0267316
0.05 0.05 0.0531177
0.075 0.05 0.0788194
0.1 0.05 0.103511
0.125 0.05 0.126885
0.15 0.05 0.148661
0.175 0.05 0.168585
0.2 0.05 0.186441
0.225 0.05 0.202049
0.25 0.05 0.21527
0.275 0.05 0.22601
0.3 0.05 0.234215
0.325 0.05 0.239878
0.35 0.05 0.243032
0.375 0.05 0.243754
0.4 0.05 0.242156
0.425 0.05 0.238387
0.45 0.05 0.232623
0.475 0.05 0.225069
0.5 0.05 0.215946
0.525 0.05 0.205491
0.55 0.05 0.193951
0.575 0.05 0.181571
0.6 0.05 0.168597
0.625 0.05 0.155261
0.65 0.05 0.141786
0.675 0.05 0.12837
0.7 0.05 0.115193
0.725 0.05 0.102403
0.75 0.05 0.0901229
0.775 0.05 0.0784421
0.8 0.05 0.0674185
0.825 0.05 0.0570777
0.85 0.05 0.047414
0.875 0.05 0.0383925
0.9 0.05 0.0299509
0.925 0.05 0.0220036
0.95 0.05 0.014445
0.975 0.05 0.00715421
1 0.05 1.11196e-17
0 0.075 0
0.025 0.075 0.0394513
0.05 0.075 0.0783898
0.075 0.075 0.116312
0.1 0.075 0.152735
0.125 0.075 0.187203
0.15 0.075 0.219299
0.175 0.075 0.248648
0.2 0.075 0.274928
0.225 0.075 0.297874
0.25 0.075 0.317281
0.275 0.075 0.333008
0.3 0.075 0.34498
0.325 0.075 0.353186
0.35 0.075 0.357678
0.375 0.075 0.358571
0.4 0.075 0.356034
0.425 0.075 0.35029
0.45 0.075 0.341603
0.475 0.075 0.330277
0.5 0.075 0.316646
0.525 0.075 0.301062
0.55 0.075 0.283892
0.575 0.075 0.265504
0.6 0.075 0.246262
0.625 0.075 0.226514
0.65 0.075 0.206589
0.675 0.075 0.186784
0.7 0.075 0.167364
0.725 0.075 0.148551
0.75 0.075 0.130524
0.775 0.075 0.113417
0.8 0.075 0.0973119
0.825 0.075 0.0822465
0.85 0.075 0.0682097
0.875 0.075 0.0551468
0.9 0.075 0.0429627
0.925 0.075 0.0315267
0.95 0.075 0.0206789
0.975 0.075 0.0102362
1 0.075 1.59069e-17
0 0.1 0
0.025 0.1 0.0514275
0.05 0.1 0.102181
0.075 0.1 0.151599
0.1 0.1 0.199047
0.125 0.1 0.243927
0.15 0.1 0.28569
0.175 0.1 0.323845
0.2 0.1 0.357971
0.225 0.1 0.38772
0.25 0.1 0.412825
0.275 0.1 0.433104
0.3 0.1 0.448459
0.325 0.1 0.458879
0.35 0.1 0.464437
0.375 0.1 0.465286
0.4 0.1 0.461653
0.425 0.1 0.453832
0.45 0.1 0.442178
0.475 0.1 0.427092
0.5 0.1 0.409017
0.525 0.1 0.38842
0.55 0.1 0.365785
0.575 0.1 0.3416
0.6 0.1 0.316344
0.625 0.1 0.290479
0.65 0.1 0.264437
0.675 0.1 0.23861
0.7 0.1 0.213345
0.725 0.1 0.188934
0.75 0.1 0.165612
0.775 0.1 0.14355
0.8 0.1 0.122857
0.825 0.1 0.103576
0.85 0.1 0.0856898
0.875 0.1 0.0691208
0.9 0.1 0.0537389
0.925 0.1 0.0393668
0.95 0.1 0.0257878
0.975 0.1 0.0127547
1 0.1 1.98152e-17
0 0.125 0
0.025 0.125 0.0624633
0.05 0.125 0.124099
0.075 0.125 0.184097
0.1 0.125 0.241678
0.125 0.125 0.296107
0.15 0.125 0.346713
0.175 0.125 0.392896
0.2 0.125 0.434139
0.225 0.125 0.470018
0.25 0.125 0.500208
0.275 0.125 0.524489
0.3 0.125 0.542746
0.325 0.125 0.55497
0.35 0.125 0.561254
0.375 0.125 0.561793
0.4 0.125 0.556869
0.425 0.125 0.546852
0.45 0.125 0.532181
0.475 0.125 0.513355
0.5 0.125 0.490923
0.525 0.125 0.465463
0.55 0.125 0.437576
0.575 0.125 0.407865
0.6 0.125 0.376921
0.625 0.125 0.345314
0.65 0.125 0.313576
0.675 0.125 0.282191
0.7 0.125 0.251583
0.725 0.125 0.222112
0.75 0.125 0.194061
0.775 0.125 0.16764
0.8 0.125 0.142976
0.825 0.125 0.120117
0.85 0.125 0.0990353
0.875 0.125 0.0796287
0.9 0.125 0.0617292
0.925 0.125 0.0451098
0.95 0.125 0.0294949
0.975 0.125 0.0145714
1 0.125 2.26285e-17
0 0.15 0
0.025 0.15 0.0724023
0.05 0.15 0.143834
0.075 0.15 0.213343
0.1 0.15 0.280015
0.125 0.15 0.34299
0.15 0.15 0.401481
0.175 0.15 0.454784
0.2 0.15 0.502297
0.225 0.15 0.543525
0.25 0.15 0.578092
0.275 0.15 0.605743
0.3 0.15 0.626348
0.325 0.15 0.639904
0.35 0.15 0.646529
0.375 0.15 0.646455
0.4 0.15 0.640026
0.425 0.15 0.62768
0.45 0.15 0.609943
0.475 0.15 0.587409
0.5 0.15 0.56073
0.525 0.15 0.530594
0.55 0.15 0.49771
0.575 0.15 0.462794
0.6 0.15 0.426546
0.625 0.15 0.389639
0.65 0.15 0.3527
0.675 0.15 0.316298
0.7 0.15 0.280932
0.725 0.15 0.247022
0.75 0.15 0.2149
0.775 0.15 0.184805
0.8 0.15 0.156881
0.825 0.15 0.131177
0.85 0.15 0.107652
0.875 0.15 0.0861742
0.9 0.15 0.0665356
0.925 0.15 0.0484569
0.95 0.15 0.0316012
0.975 0.15 0.0155865
1 0.15 2.41914e-17
0 0.175 0
0.025 0.175 0.081134
0.05 0.175 0.161164
0.075 0.175 0.239009
0.1 0.175 0.313628
0.125 0.175 0.384047
0.15 0.175 0.44937
0.175 0.175 0.508801
0.2 0.175 0.561658
0.225 0.175 0.607384
0.25 0.175 0.645555
0.275 0.175 0.675887
0.3 0.175 0.698243
0.325 0.175 0.712625
0.35 0.175 0.719176
0.375 0.175 0.718172
0.4 0.175 0.710012
0.425 0.175 0.695208
0.45 0.175 0.674366
0.475 0.175 0.648174
0.5 0.175 0.617382
0.525 0.175 0.582784
0.55 0.175 0.545197
0.575 0.175 0.50544
0.6 0.175 0.464319
0.625 0.175 0.422602
0.65 0.175 0.381008
0.675 0.175 0.340185
0.7 0.175 0.300703
0.725 0.175 0.263035
0.75 0.175 0.227556
0.775 0.175 0.194531
0.8 0.175 0.164118
0.825 0.175 0.136362
0.85 0.175 0.111202
0.875 0.175 0.0884771
0.9 0.175 0.0679348
0.925 0.175 0.0492413
0.95 0.175 0.0319955
0.975 0.175 0.0157445
1 0.175 2.44174e-17
0 0.2 0
0.025 0.2 0.0885974
0.05 0.2 0.17597
0.075 0.2 0.260916
0.1 0.2 0.342284
0.125 0.2 0.41899
0.15 0.2 0.490045
0.175 0.2 0.554567
0.2 0.2 0.611803
0.225 0.2 0.661141
0.25 0.2 0.702115
0.275 0.2 0.734422
0.3 0.2 0.757914
0.325 0.2 0.772605
0.35 0.2 0.778667
0.375 0.2 0.776417
0.4 0.2 0.766312
0.425 0.2 0.748931
0.45 0.2 0.724963
0.475 0.2 0.695184
0.5 0.2 0.66044
0.525 0.2 0.621624
0.55 0.2 0.579654
0.575 0.2 0.535452
0.6 0.2 0.489919
0.625 0.2 0.443916
0.65 0.2 0.398245
0.675 0.2 0.353629
0.7 0.2 0.3107
0.725 0.2 0.269983
0.75 0.2 0.231887
0.775 0.2 0.196702
0.8 0.2 0.16459
0.825 0.2 0.13559
0.85 0.2 0.109622
0.875 0.2 0.0864885
0.9 0.2 0.0658904
0.925 0.2 0.047437
0.95 0.2 0.0306612
0.975 0.2 0.0150375
1 0.2 2.32942e-17
0 0.225 0
0.025 0.225 0.094782
0.05 0.225 0.18823
0.075 0.225 0.279035
0.1 0.225 0.365943
0.125 0.225 0.447776
0.15 0.225 0.523459
0.175 0.225 0.592034
0.2 0.225 0.652687
0.225 0.225 0.704756
0.25 0.225 0.747744
0.275 0.225 0.781327
0.3 0.225 0.805356
0.325 0.225 0.81986
0.35 0.225 0.825037
0.375 0.225 0.821248
0.4 0.225 0.809006
0.425 0.225 0.788957
0.45 0.225 0.761867
0.475 0.225 0.728598
0.5 0.225 0.690086
0.525 0.225 0.647321
0.55 0.225 0.601314
0.575 0.225 0.553082
0.6 0.225 0.503617
0.625 0.225 0.453865
0.65 0.225 0.404706
0.675 0.225 0.35693
0.7 0.225 0.311227
0.725 0.225 0.268165
0.75 0.225 0.228186
0.775 0.225 0.191594
0.8 0.225 0.158558
0.825 0.225 0.129104
0.85 0.225 0.103127
0.875 0.225 0.080393
0.9 0.225 0.0605541
0.925 0.225 0.0431602
0.95 0.225 0.0276771
0.975 0.225 0.0135051
1 0.225 2.08837e-17
0 0.25 0
0.025 0.25 0.0997253
0.05 0.25 0.198019
0.075 0.25 0.293479
0.1 0.25 0.384759
0.125 0.25 0.470598
0.15 0.25 0.549844
0.175 0.25 0.621477
0.2 0.25 0.684626
0.225 0.25 0.73859
0.25 0.25 0.782843
0.275 0.25 0.817049
0.3 0.25 0.841061
0.325 0.25 0.854922
0.35 0.25 0.858861
0.375 0.25 0.853281
0.4 0.25 0.838749
0.425 0.25 0.815977
0.45 0.25 0.785804
0.475 0.25 0.749173
0.5 0.25 0.707107
0.525 0.25 0.660681
0.55 0.25 0.610998
0.575 0.25 0.559161
0.6 0.25 0.506248
0.625 0.25 0.453281
0.65 0.25 0.401212
0.675 0.25 0.350893
0.7 0.25 0.303062
0.725 0.25 0.258328
0.75 0.25 0.217157
0.775 0.25 0.179869
0.8 0.25 0.146628
0.825 0.25 0.117448
0.85 0.25 0.0921952
0.875 0.25 0.0705981
0.9 0.25 0.0522572
0.925 0.25 0.0366629
0.95 0.25 0.0232127
0.975 0.25 0.0112326
1 0.25 1.73191e-17
0 0.275 0
0.025 0.275 0.103509
0.05 0.275 0.205502
0.075 0.275 0.304492
0.1 0.275 0.399057
0.125 0.275 0.487861
0.15 0.275 0.569688
0.175 0.275 0.64346
0.2 0.275 0.708263
0.225 0.275 0.76336
0.25 0.275 0.808205
0.275 0.275 0.842454
0.3 0.275 0.865963
0.325 0.275 0.878793
0.35 0.275 0.881204
0.375 0.275 0.873639
0.4 0.275 0.856719
0.425 0.275 0.831216
0.45 0.275 0.79804
0.475 0.275 0.758209
0.5 0.275 0.712824
0.525 0.275 0.663046
0.55 0.275 0.610057
0.575 0.275 0.555042
0.6 0.275 0.499154
0.625 0.275 0.443489
0.65 0.275 0.389059
0.675 0.275 0.336772
0.7 0.275 0.287412
0.725 0.275 0.241618
0.75 0.275 0.199881
0.775 0.275 0.162525
0.8 0.275 0.129712
0.825 0.275 0.101439
0.85 0.275 0.077543
0.875 0.275 0.0577108
0.9 0.275 0.0414927
0.925 0.275 0.0283187
0.95 0.275 0.017519
0.975 0.275 0.00834608
1 0.275 1.27975e-17
0 0.3 0
0.025 0.3 0.106252
0.05 0.3 0.210915
0.075 0.3 0.312431
0.1 0.3 0.40931
0.125 0.3 0.500154
0.15 0.3 0.58369
0.175 0.3 0.658796
0.2 0.3 0.724518
0.225 0.3 0.780092
0.25 0.3 0.824958
0.275 0.3 0.858763
0.3 0.3 0.881375
0.325 0.3 0.892872
0.35 0.3 0.893542
0.375 0.3 0.883871
0.4 0.3 0.864527
0.425 0.3 0.836341
0.45 0.3 0.800288
0.475 0.3 0.757455
0.5 0.3 0.709017
0.525 0.3 0.656208
0.55 0.3 0.600288
0.575 0.3 0.542512
0.6 0.3 0.484104
0.625 0.3 0.426222
0.65 0.3 0.369935
0.675 0.3 0.316201
0.7 0.3 0.265838
0.725 0.3 0.219518
0.75 0.3 0.177744
0.775 0.3 0.140847
0.8 0.3 0.108981
0.825 0.3 0.0821246
0.85 0.3 0.0600836
0.875 0.3 0.0425045
0.9 0.3 0.028887
0.925 0.3 0.0186023
0.95 0.3 0.0109147
0.975 0.3 0.00500558
1 0.3 7.56873e-18
0 0.325 0
0.025 0.325 0.108102
0.05 0.325 0.214553
0.075 0.325 0.317735
0.1 0.325 0.416101
0.125 0.325 0.508201
0.15 0.325 0.592717
0.175 0.325 0.668485
0.2 0.325 0.734522
0.225 0.325 0.790045
0.25 0.325 0.834478
0.275 0.325 0.867471
0.3 0.325 0.888899
0.325 0.325 0.898859
0.35 0.325 0.897668
0.375 0.325 0.88585
0.4 0.325 0.864119
0.425 0.325 0.83336
0.45 0.325 0.794605
0.475 0.325 0.749006
0.5 0.325 0.697804
0.525 0.325 0.6423
0.55 0.325 0.583821
0.575 0.325 0.523687
0.6 0.325 0.463183
0.625 0.325 0.403524
0.65 0.325 0.345828
0.675 0.325 0.291092
0.7 0.325 0.240172
0.725 0.325 0.193757
0.75 0.325 0.152366
0.775 0.325 0.11633
0.8 0.325 0.0857953
0.825 0.325 0.0607184
0.85 0.325 0.0408762
0.875 0.325 0.025875
0.9 0.325 0.0151656
0.925 0.325 0.00806288
0.95 0.325 0.00376847
0.975 0.325 0.00139614
1 0.325 1.92169e-18
0 0.35 0
0.025 0.35 0.109225
0.05 0.35 0.216747
0.075 0.35 0.320901
0.1 0.35 0.420089
0.125 0.35 0.51282
0.15 0.35 0.597739
0.175 0.35 0.673649
0.2 0.35 0.739545
0.225 0.35 0.794625
0.25 0.35 0.838309
0.275 0.35 0.870245
0.3 0.35 0.890319
0.325 0.35 0.898647
0.35 0.35 0.895573
0.375 0.35 0.881656
0.4 0.35 0.857651
0.425 0.35 0.824491
0.45 0.35 0.783262
0.475 0.35 0.735171
0.5 0.35 0.681518
0.525 0.35 0.623664
0.55 0.35 0.562993
0.575 0.35 0.500885
0.6 0.35 0.438674
0.625 0.35 0.377626
0.65 0.35 0.318902
0.675 0.35 0.263533
0.7 0.35 0.212401
0.725 0.35 0.166216
0.75 0.35 0.125504
0.775 0.35 0.090596
0.8 0.35 0.0616274
0.825 0.35 0.0385353
0.85 0.35 0.0210671
0.875 0.35 0.00879107
0.9 0.35 0.00111255
0.925 0.35 -0.00270611
0.95 0.35 -0.00352151
0.975 0.35 -0.00228234
1 0.35 -3.83154e-18
0 0.375 0
0.025 0.375 0.109795
0.05 0.375 0.217846
0.075 0.375 0.322446
0.1 0.375 0.421962
0.125 0.375 0.514866
0.15 0.375 0.599773
0.175 0.375 0.675463
0.2 0.375 0.740912
0.225 0.375 0.795305
0.25 0.375 0.838057
0.275 0.375 0.868822
0.3 0.375 0.887493
0.325 0.375 0.894204
0.35 0.375 0.889325
0.375 0.375 0.873445
0.4 0.375 0.847356
0.425 0.375 0.812033
0.45 0.375 0.768607
0.475 0.375 0.718335
0.5 0.375 0.662567
0.525 0.375 0.602714
0.55 0.375 0.540212
0.575 0.375 0.476487
0.6 0.375 0.412921
0.625 0.375 0.350819
0.65 0.375 0.291378
0.675 0.375 0.235658
0.7 0.375 0.184563
0.725 0.375 0.138818
0.75 0.375 0.0989538
0.775 0.375 0.0653008
0.8 0.375 0.0379824
0.825 0.375 0.0169172
0.85 0.375 0.0018254
0.875 0.375 -0.0077592
0.9 0.375 -0.0124727
0.925 0.375 -0.0130998
0.95 0.375 -0.0105495
0.975 0.375 -0.00582624
1 0.375 -9.37304e-18
0 0.4 0
0.025 0.4 0.109983
0.05 0.4 0.218189
0.075 0.4 0.322881
0.1 0.4 0.422394
0.125 0.4 0.515175
0.15 0.4 0.599815
0.175 0.4 0.675076
0.2 0.4 0.739919
0.225 0.4 0.793521
0.25 0.4 0.835296
0.275 0.4 0.864899
0.3 0.4 0.882234
0.325 0.4 0.887452
0.35 0.4 0.880942
0.375 0.4 0.86332
0.4 0.4 0.83541
0.425 0.4 0.798222
0.45 0.4 0.752925
0.475 0.4 0.700816
0.5 0.4 0.643288
0.525 0.4 0.581794
0.55 0.4 0.517811
0.575 0.4 0.452806
0.6 0.4 0.388197
0.625 0.4 0.325321
0.65 0.4 0.265406
0.675 0.4 0.209534
0.7 0.4 0.158628
0.725 0.4 0.113421
0.75 0.4 0.0744508
0.775 0.4 0.0420433
0.8 0.4 0.0163119
0.825 0.4 -0.00284188
0.85 0.4 -0.0157216
0.875 0.4 -0.0228237
0.9 0.4 -0.0248198
0.925 0.4 -0.0225356
0.95 0.4 -0.0169246
0.975 0.4 -0.0090394
1 0.4 -1.43966e-17
0 0.425 0
0.025 0.425 0.109946
0.05 0.425 0.218091
0.075 0.425 0.322672
0.1 0.425 0.422005
0.125 0.425 0.514517
0.15 0.425 0.598779
0.175 0.425 0.673542
0.2 0.425 0.737756
0.225 0.425 0.790594
0.25 0.425 0.831466
0.275 0.425 0.860033
0.3 0.425 0.876206
0.325 0.425 0.88015
0.35 0.425 0.872271
0.375 0.425 0.853205
0.4 0.425 0.823803
0.425 0.425 0.785102
0.45 0.425 0.738301
0.475 0.425 0.68473
0.5 0.425 0.625815
0.525 0.425 0.563041
0.55 0.425 0.497918
0.575 0.425 0.431945
0.6 0.425 0.366567
0.625 0.425 0.30315
0.65 0.425 0.24294
0.675 0.425 0.18704
0.7 0.425 0.136383
0.725 0.425 0.0917139
0.75 0.425 0.0535699
0.775 0.425 0.0222748
0.8 0.425 -0.00206682
0.825 0.425 -0.0195679
0.85 0.425 -0.0305516
0.875 0.425 -0.0355388
0.9 0.425 -0.0352305
0.925 0.425 -0.0304851
0.95 0.425 -0.0222925
0.975 0.425 -0.011744
1 0.425 -1.86246e-17
0 0.45 0
0.025 0.45 0.109816
0.05 0.45 0.217815
0.075 0.45 0.322217
0.1 0.45 0.421322
0.125 0.45 0.513543
0.15 0.45 0.597442
0.175 0.45 0.671757
0.2 0.45 0.735434
0.225 0.45 0.787641
0.25 0.45 0.827789
0.275 0.45 0.855541
0.3 0.45 0.870816
0.325 0.45 0.873787
0.35 0.45 0.864874
0.375 0.45 0.844728
0.4 0.45 0.814218
0.425 0.45 0.774402
0.45 0.45 0.7265
0.475 0.45 0.671866
0.5 0.45 0.611949
0.525 0.45 0.54826
0.55 0.45 0.48233
0.575 0.45 0.415681
0.6 0.45 0.349779
0.625 0.45 0.286007
0.65 0.45 0.225628
0.675 0.45 0.169758
0.7 0.45 0.119338
0.725 0.45 0.0751186
0.75 0.45 0.0376382
0.775 0.45 0.00721802
0.8 0.45 -0.0160442
0.825 0.45 -0.032272
0.85 0.45 -0.0418035
0.875 0.45 -0.0451776
0.9 0.45 -0.0431167
0.925 0.45 -0.0365037
0.95 0.45 -0.026355
0.975 0.45 -0.0137904
1 0.45 -2.18234e-17
0 0.475 0
0.025 0.475 0.109696
0.05 0.475 0.217565
0.075 0.475 0.321818
0.1 0.475 0.420745
0.125 0.475 0.512752
0.15 0.475 0.596393
0.175 0.475 0.670402
0.2 0.475 0.73372
0.225 0.475 0.785514
0.25 0.475 0.825195
0.275 0.475 0.852428
0.3 0.475 0.867136
0.325 0.475 0.869497
0.35 0.475 0.85994
0.375 0.475 0.839125
0.4 0.475 0.807933
0.425 0.475 0.767434
0.45 0.475 0.718861
0.475 0.475 0.663582
0.5 0.475 0.60306
0.525 0.475 0.53882
0.55 0.475 0.472409
0.575 0.475 0.405361
0.6 0.475 0.339155
0.625 0.475 0.275184
0.65 0.475 0.214721
0.675 0.475 0.158889
0.7 0.475 0.108636
0.725 0.475 0.0647129
0.75 0.475 0.0276608
0.775 0.475 -0.00220139
0.8 0.475 -0.0247802
0.825 0.475 -0.040206
0.85 0.475 -0.0488258
0.875 0.475 -0.0511898
0.9 0.475 -0.0480336
0.925 0.475 -0.0402549
0.95 0.475 -0.0288864
0.975 0.475 -0.0150654
1 0.475 -2.38162e-17
0 0.5 0
0.025 0.5 0.109649
0.05 0.5 0.217467
0.075 0.5 0.321663
0.1 0.5 0.420524
0.125 0.5 0.512453
0.15 0.5 0.596001
0.175 0.5 0.669902
0.2 0.5 0.733094
0.225 0.5 0.784744
0.25 0.5 0.824264
0.275 0.5 0.851319
0.3 0.5 0.865833
0.325 0.5 0.867987
0.35 0.5 0.858211
0.375 0.5 0.83717
0.4 0.5 0.805748
0.425 0.5 0.765018
0.45 0.5 0.71622
0.475 0.5 0.660724
0.5 0.5 0.6
0.525 0.5 0.535577
0.55 0.5 0.469006
0.575 0.5 0.401826
0.6 0.5 0.33552
0.625 0.5 0.271485
0.65 0.5 0.210997
0.675 0.5 0.155181
0.7 0.5 0.104988
0.725 0.5 0.0611682
0.75 0.5 0.0242641
0.775 0.5 -0.00540651
0.8 0.5 -0.0277515
0.825 0.5 -0.0429035
0.85 0.5 -0.0512125
0.875 0.5 -0.0532327
0.9 0.5 -0.0497039
0.925 0.5 -0.041529
0.95 0.5 -0.0297461
0.975 0.5 -0.0154983
1 0.5 -2.44929e-17
0 0.525 0
0.025 0.525 0.109696
0.05 0.525 0.217565
0.075 0.525 0.321818
0.1 0.525 0.420745
0.125 0.525 0.512752
0.15 0.525 0.596393
0.175 0.525 0.670402
0.2 0.525 0.73372
0.225 0.525 0.785514
0.25 0.525 0.825195
0.275 0.525 0.852428
0.3 0.525 0.867136
0.325 0.525 0.869497
0.35 0.525 0.85994
0.375 0.525 0.839125
0.4 0.525 0.807933
0.425 0.525 0.767434
0.45 0.525 0.718861
0.475 0.525 0.663582
0.5 0.525 0.60306
0.525 0.525 0.53882
0.55 0.525 0.472409
0.575 0.525 0.405361
0.6 0.525 0.339155
0.625 0.525 0.275184
0.65 0.525 0.214721
0.675 0.525 0.158889
0.7 0.525 0.108636
0.725 0.525 0.0647129
0.75 0.525 0.0276608
0.775 0.525 -0.00220139
0.8 0.525 -0.0247802
0.825 0.525 -0.040206
0.85 0.525 -0.0488258
0.875 0.525 -0.0511898
0.9 0.525 -0.0480336
0.925 0.525 -0.0402549
0.95 0.525 -0.0288864
0.975 0.525 -0.0150654
1 0.525 -2.38162e-17
0 0.55 0
0.025 0.55 0.109816
0.05 0.55 0.217815
0.075 0.55 0.322217
0.1 0.55 0.421322
0.125 0.55 0.513543
0.15 0.55 0.597442
0.175 0.55 0.671757
0.2 0.55 0.735434
0.225 0.55 0.787641
0.25 0.55 0.827789
0.275 0.55 0.855541
0.3 0.55 0.870816
0.325 0.55 0.873787
0.35 0.55 0.864874
0.375 0.55 0.844728
0.4 0.55 0.814218
0.425 0.55 0.774402
0.45 0.55 0.7265
0.475 0.55 0.671866
0.5 0.55 0.611949
0.525 0.55 0.54826
0.55 0.55 0.48233
0.575 0.55 0.415681
0.6 0.55 0.349779
0.625 0.55 0.286007
0.65 0.55 0.225628
0.675 0.55 0.169758
0.7 0.55 0.119338
0.725 0.55 0.0751186
0.75 0.55 0.0376382
0.775 0.55 0.00721802
0.8 0.55 -0.0160442
0.825 0.55 -0.032272
0.85 0.55 -0.0418035
0.875 0.55 -0.0451776
0.9 0.55 -0.0431167
0.925 0.55 -0.0365037
0.95 0.55 -0.026355
0.975 0.55 -0.0137904
1 0.55 -2.18234e-17
0 0.575 0
0.025 0.575 0.109946
0.05 0.575 0.218091
0.075 0.575 0.322672
0.1 0.575 0.422005
0.125 0.575 0.514517
0.15 0.575 0.598779
0.175 0.575 0.673542
0.2 0.575 0.737756
0.225 0.575 0.790594
0.25 0.575 0.831466
0.275 0.575 0.860033
0.3 0.575 0.876206
0.325 0.575 0.88015
0.35 0.575 0.872271
0.375 0.575 0.853205
0.4 0.575 0.823803
0.425 0.575 0.785102
0.45 0.575 0.738301
0.475 0.575 0.68473
0.5 0.575 0.625815
0.525 0.575 0.563041
0.55 0.575 0.497918
0.575 0.575 0.431945
0.6 0.575 0.366567
0.625 0.575 0.30315
0.65 0.575 0.24294
0.675 0.575 0.18704
0.7 0.575 0.136383
0.725 0.575 0.0917139
0.75 0.575 0.0535699
0.775 0.575 0.0222748
0.8 0.575 -0.00206682
0.825 0.575 -0.0195679
0.85 0.575 -0.0305516
0.875 0.575 -0.0355388
0.9 0.575 -0.0352305
0.925 0.575 -0.0304851
0.95 0.575 -0.0222925
0.975 0.575 -0.011744
1 0.575 -1.86246e-17
0 0.6 0
0.025 0.6 0.109983
0.05 0.6 0.218189
0.075 0.6 0.322881
0.1 0.6 0.422394
0.125 0.6 0.515175
0.15 0.6 0.599815
0.175 0.6 0.675076
0.2 0.6 0.739919
0.225 0.6 0.793521
0.25 0.6 0.835296
0.275 0.6 0.864899
0.3 0.6 0.882234
0.325 0.6 0.887452
0.35 0.6 0.880942
0.375 0.6 0.86332
0.4 0.6 0.83541
0.425 0.6 0.798222
0.45 0.6 0.752925
0.475 0.6 0.700816
0.5 0.6 0.643288
0.525 0.6 0.581794
0.55 0.6 0.517811
0.575 0.6 0.452806
0.6 0.6 0.388197
0.625 0.6 0.325321
0.65 0.6 0.265406
0.675 0.6 0.209534
0.7 0.6 0.158628
0.725 0.6 0.113421
0.75 0.6 0.0744508
0.775 0.6 0.0420433
0.8 0.6 0.0163119
0.825 0.6 -0.00284188
0.85 0.6 -0.0157216
0.875 0.6 -0.0228237
0.9 0.6 -0.0248198
0.925 0.6 -0.0225356
0.95 0.6 -0.0169246
0.975 0.6 -0.0090394
1 0.6 -1.43966e-17
0 0.625 0
0.025 0.625 0.109795
0.05 0.625 0.217846
0.075 0.625 0.322446
0.1 0.625 0.421962
0.125 0.625 0.514866
0.15 0.625 0.599773
0.175 0.625 0.675463
0.2 0.625 0.740912
0.225 0.625 0.795305
0.25 0.625 0.838057
0.275 0.625 0.868822
0.3 0.625 0.887493
0.325 0.625 0.894204
0.35 0.625 0.889325
0.375 0.625 0.873445
0.4 0.625 0.847356
0.425 0.625 0.812033
0.45 0.625 0.768607
0.475 0.625 0.718335
0.5 0.625 0.662567
0.525 0.625 0.602714
0.55 0.625 0.540212
0.575 0.625 0.476487
0.6 0.625 0.412921
0.625 0.625 0.350819
0.65 0.625 0.291378
0.675 0.625 0.235658
0.7 0.625 0.184563
0.725 0.625 0.138818
0.75 0.625 0.0989538
0.775 0.625 0.0653008
0.8 0.625 0.0379824
0.825 0.625 0.0169172
0.85 0.625 0.0018254
0.875 0.625 -0.0077592
0.9 0.625 -0.0124727
0.925 0.625 -0.0130998
0.95 0.625 -0.0105495
0.975 0.625 -0.00582624
1 0.625 -9.37304e-18
0 0.65 0
0.025 0.65 0.109225
0.05 0.65 0.216747
0.075 0.65 0.320901
0.1 0.65 0.420089
0.125 0.65 0.51282
0.15 0.65 0.597739
0.175 0.65 0.673649
0.2 0.65 0.739545
0.225 0.65 0.794625
0.25 0.65 0.838309
0.275 0.65 0.870245
0.3 0.65 0.890319
0.325 0.65 0.898647
0.35 0.65 0.895573
0.375 0.65 0.881656
0.4 0.65 0.857651
0.425 0.65 0.824491
0.45 0.65 0.783262
0.475 0.65 0.735171
0.5 0.65 0.681518
0.525 0.65 0.623664
0.55 0.65 0.562993
0.575 0.65 0.500885
0.6 0.65 0.438674
0.625 0.65 0.377626
0.65 0.65 0.318902
0.675 0.65 0.263533
0.7 0.65 0.212401
0.725 0.65 0.166216
0.75 0.65 0.125504
0.775 0.65 0.090596
0.8 0.65 0.0616274
0.825 0.65 0.0385353
0.85 0.65 0.0210671
0.875 0.65 0.00879107
0.9 0.65 0.00111255
0.925 0.65 -0.00270611
0.95 0.65 -0.00352151
0.975 0.65 -0.00228234
1 0.65 -3.83154e-18
0 0.675 0
0.025 0.675 0.108102
0.05 0.675 0.214553
0.075 0.675 0.317735
0.1 0.675 0.416101
0.125 0.675 0.508201
0.15 0.675 0.592717
0.175 0.675 0.668485
0.2 0.675 0.734522
0.225 0.675 0.790045
0.25 0.675 0.834478
0.275 0.675 0.867471
0.3 0.675 0.888899
0.325 0.675 0.898859
0.35 0.675 0.897668
0.375 0.675 0.88585
0.4 0.675 0.864119
0.425 0.675 0.83336
0.45 0.675 0.794605
0.475 0.675 0.749006
0.5 0.675 0.697804
0.525 0.675 0.6423
0.55 0.675 0.583821
0.575 0.675 0.523687
0.6 0.675 0.463183
0.625 0.675 0.403524
0.65 0.675 0.345828
0.675 0.675 0.291092
0.7 0.675 0.240172
0.725 0.675 0.193757
0.75 0.675 0.152366
0.775 0.675 0.11633
0.8 0.675 0.0857953
0.825 0.675 0.0607184
0.85 0.675 0.0408762
0.875 0.675 0.025875
0.9 0.675 0.0151656
0.925 0.675 0.00806288
0.95 0.675 0.00376847
0.975 0.675 0.00139614
1 0.675 1.92169e-18
0 0.7 0
0.025 0.7 0.106252
0.05 0.7 0.210915
0.075 0.7 0.312431
0.1 0.7 0.40931
0.125 0.7 0.500154
0.15 0.7 0.58369
0.175 0.7 0.658796
0.2 0.7 0.724518
0.225 0.7 0.780092
0.25 0.7 0.824958
0.275 0.7 0.858763
0.3 0.7 0.881375
0.325 0.7 0.892872
0.35 0.7 0.893542
0.375 0.7 0.883871
0.4 0.7 0.864527
0.425 0.7 0.836341
0.45 0.7 0.800288
0.475 0.7 0.757455
0.5 0.7 0.709017
0.525 0.7 0.656208
0.55 0.7 0.600288
0.575 0.7 0.542512
0.6 0.7 0.484104
0.625 0.7 0.426222
0.65 0.7 0.369935
0.675 0.7 0.316201
0.7 0.7 0.265838
0.725 0.7 0.219518
0.75 0.7 0.177744
0.775 0.7 0.140847
0.8 0.7 0.108981
0.825 0.7 0.0821246
0.85 0.7 0.0600836
0.875 0.7 0.0425045
0.9 0.7 0.028887
0.925 0.7 0.0186023
0.95 0.7 0.0109147
0.975 0.7 0.00500558
1 0.7 7.56873e-18
0 0.725 0
0.025 0.725 0.103509
0.05 0.725 0.205502
0.075 0.725 0.304492
0.1 0.725 0.399057
0.125 0.725 0.487861
0.15 0.725 0.569688
0.175 0.725 0.64346
0.2 0.725 0.708263
0.225 0.725 0.76336
0.25 0.725 0.808205
0.275 0.725 0.842454
0.3 0.725 0.865963
0.325 0.725 0.878793
0.35 0.725 0.881204
0.375 0.725 0.873639
0.4 0.725 0.856719
0.425 0.725 0.831216
0.45 0.725 0.79804
0.475 0.725 0.758209
0.5 0.725 0.712824
0.525 0.725 0.663046
0.55 0.725 0.610057
0.575 0.725 0.555042
0.6 0.725 0.499154
0.625 0.725 0.443489
0.65 0.725 0.389059
0.675 0.725 0.336772
0.7 0.725 0.287412
0.725 0.725 0.241618
0.75 0.725 0.199881
0.775 0.725 0.162525
0.8 0.725 0.129712
0.825 0.725 0.101439
0.85 0.725 0.077543
0.875 0.725 0.0577108
0.9 0.725 0.0414927
0.925 0.725 0.0283187
0.95 0.725 0.017519
0.975 0.725 0.00834608
1 0.725 1.27975e-17
0 0.75 0
0.025 0.75 0.0997253
0.05 0.75 0.198019
0.075 0.75 0.293479
0.1 0.75 0.384759
0.125 0.75 0.470598
0.15 0.75 0.549844
0.175 0.75 0.621477
0.2 0.75 0.684626
0.225 0.75 0.73859
0.25 0.75 0.782843
0.275 0.75 0.817049
0.3 0.75 0.841061
0.325 0.75 0.854922
0.35 0.75 0.858861
0.375 0.75 0.853281
0.4 0.75 0.838749
0.425 0.75 0.815977
0.45 0.75 0.785804
0.475 0.75 0.749173
0.5 0.75 0.707107
0.525 0.75 0.660681
0.55 0.75 0.610998
0.575 0.75 0.559161
0.6 0.75 0.506248
0.625 0.75 0.453281
0.65 0.75 0.401212
0.675 0.75 0.350893
0.7 0.75 0.303062
0.725 0.75 0.258328
0.75 0.75 0.217157
0.775 0.75 0.179869
0.8 0.75 0.146628
0.825 0.75 0.117448
0.85 0.75 0.0921952
0.875 0.75 0.0705981
0.9 0.75 0.0522572
0.925 0.75 0.0366629
0.95 0.75 0.0232127
0.975 0.75 0.0112326
1 0.75 1.73191e-17
0 0.775 0
0.025 0.775 0.094782
0.05 0.775 0.18823
0.075 0.775 0.279035
0.1 0.775 0.365943
0.125 0.775 0.447776
0.15 0.775 0.523459
0.175 0.775 0.592034
0.2 0.775 0.652687
0.225 0.775 0.704756
0.25 0.775 0.747744
0.275 0.775 0.781327
0.3 0.775 0.805356
0.325 0.775 0.81986
0.35 0.775 0.825037
0.375 0.775 0.821248
0.4 0.775 0.809006
0.425 0.775 0.788957
0.45 0.775 0.761867
0.475 0.775 0.728598
0.5 0.775 0.690086
0.525 0.775 0.647321
0.55 0.775 0.601314
0.575 0.775 0.553082
0.6 0.775 0.503617
0.625 0.775 0.453865
0.65 0.775 0.404706
0.675 0.775 0.35693
0.7 0.775 0.311227
0.725 0.775 0.268165
0.75 0.775 0.228186
0.775 0.775 0.191594
0.8 0.775 0.158558
0.825 0.775 0.129104
0.85 0.775 0.103127
0.875 0.775 0.080393
0.9 0.775 0.0605541
0.925 0.775 0.0431602
0.95 0.775 0.0276771
0.975 0.775 0.0135051
1 0.775 2.08837e-17
0 0.8 0
0.025 0.8 0.0885974
0.05 0.8 0.17597
0.075 0.8 0.260916
0.1 0.8 0.342284
0.125 0.8 0.41899
0.15 0.8 0.490045
0.175 0.8 0.554567
0.2 0.8 0.611803
0.225 0.8 0.661141
0.25 0.8 0.702115
0.275 0.8 0.734422
0.3 0.8 0.757914
0.325 0.8 0.772605
0.35 0.8 0.778667
0.375 0.8 0.776417
0.4 0.8 0.766312
0.425 0.8 0.748931
0.45 0.8 0.724963
0.475 0.8 0.695184
0.5 0.8 0.66044
0.525 0.8 0.621624
0.55 0.8 0.579654
0.575 0.8 0.535452
0.6 0.8 0.489919
0.625 0.8 0.443916
0.65 0.8 0.398245
0.675 0.8 0.353629
0.7 0.8 0.3107
0.725 0.8 0.269983
0.75 0.8 0.231887
0.775 0.8 0.196702
0.8 0.8 0.16459
0.825 0.8 0.13559
0.85 0.8 0.109622
0.875 0.8 0.0864885
0.9 0.8 0.0658904
0.925 0.8 0.047437
0.95 0.8 0.0306612
0.975 0.8 0.0150375
1 0.8 2.32942e-17
0 0.825 0
0.025 0.825 0.081134
0.05 0.825 0.161164
0.075 0.825 0.239009
0.1 0.825 0.313628
0.125 0.825 0.384047
0.15 0.825 0.44937
0.175 0.825 0.508801
0.2 0.825 0.561658
0.225 0.825 0.607384
0.25 0.825 0.645555
0.275 0.825 0.675887
0.3 0.825 0.698243
0.325 0.825 0.712625
0.35 0.825 0.719176
0.375 0.825 0.718172
0.4 0.825 0.710012
0.425 0.825 0.695208
0.45 0.825 0.674366
0.475 0.825 0.648174
0.5 0.825 0.617382
0.525 0.825 0.582784
0.55 0.825 0.545197
0.575 0.825 0.50544
0.6 0.825 0.464319
0.625 0.825 0.422602
0.65 0.825 0.381008
0.675 0.825 0.340185
0.7 0.825 0.300703
0.725 0.825 0.263035
0.75 0.825 0.227556
0.775 0.825 0.194531
0.8 0.825 0.164118
0.825 0.825 0.136362
0.85 0.825 0.111202
0.875 0.825 0.0884771
0.9 0.825 0.0679348
0.925 0.825 0.0492413
0.95 0.825 0.0319955
0.975 0.825 0.0157445
1 0.825 2.44174e-17
0 0.85 0
0.025 0.85 0.0724023
0.05 0.85 0.143834
0.075 0.85 0.213343
0.1 0.85 0.280015
0.125 0.85 0.34299
0.15 0.85 0.401481
0.175 0.85 0.454784
0.2 0.85 0.502297
0.225 0.85 0.543525
0.25 0.85 0.578092
0.275 0.85 0.605743
0.3 0.85 0.626348
0.325 0.85 0.639904
0.35 0.85 0.646529
0.375 0.85 0.646455
0.4 0.85 0.640026
0.425 0.85 0.62768
0.45 0.85 0.609943
0.475 0.85 0.587409
0.5 0.85 0.56073
0.525 0.85 0.530594
0.55 0.85 0.49771
0.575 0.85 0.462794
0.6 0.85 0.426546
0.625 0.85 0.389639
0.65 0.85 0.3527
0.675 0.85 0.316298
0.7 0.85 0.280932
0.725 0.85 0.247022
0.75 0.85 0.2149
0.775 0.85 0.184805
0.8 0.85 0.156881
0.825 0.85 0.131177
0.85 0.85 0.107652
0.875 0.85 0.0861742
0.9 0.85 0.0665356
0.925 0.85 0.0484569
0.95 0.85 0.0316012
0.975 0.85 0.0155865
1 0.85 2.41914e-17
0 0.875 0
0.025 0.875 0.0624633
0.05 0.875 0.124099
0.075 0.875 0.184097
0.1 0.875 0.241678
0.125 0.875 0.296107
0.15 0.875 0.346713
0.175 0.875 0.392896
0.2 0.875 0.434139
0.225 0.875 0.470018
0.25 0.875 0.500208
0.275 0.875 0.524489
0.3 0.875 0.542746
0.325 0.875 0.55497
0.35 0.875 0.561254
0.375 0.875 0.561793
0.4 0.875 0.556869
0.425 0.875 0.546852
0.45 0.875 0.532181
0.475 0.875 0.513355
0.5 0.875 0.490923
0.525 0.875 0.465463
0.55 0.875 0.437576
0.575 0.875 0.407865
0.6 0.875 0.376921
0.625 0.875 0.345314
0.65 0.875 0.313576
0.675 0.875 0.282191
0.7 0.875 0.251583
0.725 0.875 0.222112
0.75 0.875 0.194061
0.775 0.875 0.16764
0.8 0.875 0.142976
0.825 0.875 0.120117
0.85 0.875 0.0990353
0.875 0.875 0.0796287
0.9 0.875 0.0617292
0.925 0.875 0.0451098
0.95 0.875 0.0294949
0.975 0.875 0.0145714
1 0.875 2.26285e-17
0 0.9 0
0.025 0.9 0.0514275
0.05 0.9 0.102181
0.075 0.9 0.151599
0.1 0.9 0.199047
0.125 0.9 0.243927
0.15 0.9 0.28569
0.175 0.9 0.323845
0.2 0.9 0.357971
0.225 0.9 0.38772
0.25 0.9 0.412825
0.275 0.9 0.433104
0.3 0.9 0.448459
0.325 0.9 0.458879
0.35 0.9 0.464437
0.375 0.9 0.465286
0.4 0.9 0.461653
0.425 0.9 0.453832
0.45 0.9 0.442178
0.475 0.9 0.427092
0.5 0.9 0.409017
0.525 0.9 0.38842
0.55 0.9 0.365785
0.575 0.9 0.3416
0.6 0.9 0.316344
0.625 0.9 0.290479
0.65 0.9 0.264437
0.675 0.9 0.23861
0.7 0.9 0.213345
0.725 0.9 0.188934
0.75 0.9 0.165612
0.775 0.9 0.14355
0.8 0.9 0.122857
0.825 0.9 0.103576
0.85 0.9 0.0856898
0.875 0.9 0.0691208
0.9 0.9 0.0537389
0.925 0.9 0.0393668
0.95 0.9 0.0257878
0.975 0.9 0.0127547
1 0.9 1.98152e-17
0 0.925 0
0.025 0.925 0.0394513
0.05 0.925 0.0783898
0.075 0.925 0.116312
0.1 0.925 0.152735
0.125 0.925 0.187203
0.15 0.925 0.219299
0.175 0.925 0.248648
0.2 0.925 0.274928
0.225 0.925 0.297874
0.25 0.925 0.317281
0.275 0.925 0.333008
0.3 0.925 0.34498
0.325 0.925 0.353186
0.35 0.925 0.357678
0.375 0.925 0.358571
0.4 0.925 0.356034
0.425 0.925 0.35029
0.45 0.925 0.341603
0.475 0.925 0.330277
0.5 0.925 0.316646
0.525 0.925 0.301062
0.55 0.925 0.283892
0.575 0.925 0.265504
0.6 0.925 0.246262
0.625 0.925 0.226514
0.65 0.925 0.206589
0.675 0.925 0.186784
0.7 0.925 0.167364
0.725 0.925 0.148551
0.75 0.925 0.130524
0.775 0.925 0.113417
0.8 0.925 0.0973119
0.825 0.925 0.0822465
0.85 0.925 0.0682097
0.875 0.925 0.0551468
0.9 0.925 0.0429627
0.925 0.925 0.0315267
0.95 0.925 0.0206789
0.975 0.925 0.0102362
1 0.925 1.59069e-17
0 0.95 0
0.025 0.95 0.0267316
0.05 0.95 0.0531177
0.075 0.95 0.0788194
0.1 0.95 0.103511
0.125 0.95 0.126885
0.15 0.95 0.148661
0.175 0.95 0.168585
0.2 0.95 0.186441
0.225 0.95 0.202049
0.25 0.95 0.21527
0.275 0.95 0.22601
0.3 0.95 0.234215
0.325 0.95 0.239878
0.35 0.95 0.243032
0.375 0.95 0.243754
0.4 0.95 0.242156
0.425 0.95 0.238387
0.45 0.95 0.232623
0.475 0.95 0.225069
0.5 0.95 0.215946
0.525 0.95 0.205491
0.55 0.95 0.193951
0.575 0.95 0.181571
0.6 0.95 0.168597
0.625 0.95 0.155261
0.65 0.95 0.141786
0.675 0.95 0.12837
0.7 0.95 0.115193
0.725 0.95 0.102403
0.75 0.95 0.0901229
0.775 0.95 0.0784421
0.8 0.95 0.0674185
0.825 0.95 0.0570777
0.85 0.95 0.047414
0.875 0.95 0.0383925
0.9 0.95 0.0299509
0.925 0.95 0.0220036
0.95 0.95 0.014445
0.975 0.95 0.00715421
1 0.95 1.11196e-17
0 0.975 0
0.025 0.975 0.0134973
0.05 0.975 0.0268208
0.075 0.975 0.0398
0.1 0.975 0.0522707
0.125 0.975 0.0640787
0.15 0.975 0.075082
0.175 0.975 0.0851538
0.2 0.975 0.0941844
0.225 0.975 0.102083
0.25 0.975 0.108781
0.275 0.975 0.114229
0.3 0.975 0.1184
0.325 0.975 0.12129
0.35 0.975 0.122916
0.375 0.975 0.123316
0.4 0.975 0.122546
0.425 0.975 0.12068
0.45 0.975 0.117807
0.475 0.975 0.114028
0.5 0.975 0.109456
0.525 0.975 0.104209
0.55 0.975 0.0984107
0.575 0.975 0.0921842
0.6 0.975 0.0856523
0.625 0.975 0.0789329
0.65 0.975 0.0721364
0.675 0.975 0.0653639
0.7 0.975 0.0587044
0.725 0.975 0.052234
0.75 0.975 0.0460137
0.775 0.975 0.040089
0.8 0.975 0.0344892
0.825 0.975 0.0292278
0.85 0.975 0.0243022
0.875 0.975 0.0196955
0.9 0.975 0.015377
0.925 0.975 0.0113042
0.95 0.975 0.00742467
0.975 0.975 0.00367836
1 0.975 5.71776e-18
0 1 0
0.025 1 2.11149e-17
0.05 1 4.19582e-17
0.075 1 6.22635e-17
0.1 1 8.17743e-17
0.125 1 1.0025e-16
0.15 1 1.17467e-16
0.175 1 1.33229e-16
0.2 1 1.47364e-16
0.225 1 1.59731e-16
0.25 1 1.7022e-16
0.275 1 1.78755e-16
0.3 1 1.85295e-16
0.325 1 1.89832e-16
0.35 1 1.92394e-16
0.375 1 1.93038e-16
0.4 1 1.91852e-16
0.425 1 1.88952e-16
0.45 1 1.84477e-16
0.475 1 1.78585e-16
0.5 1 1.71451e-16
0.525 1 1.63259e-16
0.55 1 1.54202e-16
0.575 1 1.44474e-16
0.6 1 1.34266e-16
0.625 1 1.23761e-16
0.65 1 1.13133e-16
0.675 1 1.02539e-16
0.7 1 9.21181e-17
0.725 1 8.19892e-17
0.75 1 7.2248e-17
0.775 1 6.29655e-17
0.8 1 5.41878e-17
0.825 1 4.59359e-17
0.85 1 3.82065e-17
0.875 1 3.0973e-17
0.9 1 2.4188e-17
0.925 1 1.77852e-17
0.95 1 1.16833e-17
0.975 1 5.78878e-18
1 1 8.99856e-33
