x y z
0 0 0
0.025 0 0
0.05 0 0
0.075 0 0
0.1 0 0
0.125 0 0
0.15 0 0
0.175 0 0
0.2 0 0
0.225 0 0
0.25 0 0
0.275 0 0
0.3 0 0
0.325 0 0
0.35 0 0
0.375 0 0
0.4 0 0
0.425 0 0
0.45 0 0
0.475 0 0
0.5 0 0
0.525 0 0
0.55 0 0
0.575 0 0
0.6 0 0
0.625 0 0
0.65 0 0
0.675 0 0
0.7 0 0
0.725 0 0
0.75 0 0
0.775 0 0
0.8 0 0
0.825 0 0
0.85 0 0
0.875 0 0
0.9 0 0
0.925 0 0
0.95 0 0
0.975 0 0
1 0 0
0 0.025 0
0.025 0.025 0.00782843
0.05 0.025 0.0156569
0.075 0.025 0.0234853
0.1 0.025 0.0313137
0.125 0.025 0.0391421
0.15 0.025 0.0469706
0.175 0.025 0.054799
0.2 0.025 0.0626274
0.225 0.025 0.0704558
0.25 0.025 0.0782843
0.275 0.025 0.0775269
0.3 0.025 0.0767696
0.325 0.025 0.0760122
0.35 0.025 0.0752548
0.375 0.025 0.0744975
0.4 0.025 0.0737401
0.425 0.025 0.0729828
0.45 0.025 0.0722254
0.475 0.025 0.071468
0.5 0.025 0.0707107
0.525 0.025 0.0658112
0.55 0.025 0.0609117
0.575 0.025 0.0560122
0.6 0.025 0.0511127
0.625 0.025 0.0462132
0.65 0.025 0.0413137
0.675 0.025 0.0364142
0.7 0.025 0.0315147
0.725 0.025 0.0266152
0.75 0.025 0.0217157
0.775 0.025 0.0195442
0.8 0.025 0.0173726
0.825 0.025 0.015201
0.85 0.025 0.0130294
0.875 0.025 0.0108579
0.9 0.025 0.00868629
0.925 0.025 0.00651472
0.95 0.025 0.00434315
0.975 0.025 0.00217157
1 0.025 1.73191e-18
0 0.05 0
0.025 0.05 0.0156569
0.05 0.05 0.0313137
0.075 0.05 0.0469706
0.1 0.05 0.0626274
0.125 0.05 0.0782843
0.15 0.05 0.0939411
0.175 0.05 0.109598
0.2 0.05 0.125255
0.225 0.05 0.140912
0.25 0.05 0.156569
0.275 0.05 0.155054
0.3 0.05 0.153539
0.325 0.05 0.152024
0.35 0.05 0.15051
0.375 0.05 0.148995
0.4 0.05 0.14748
0.425 0.05 0.145966
0.45 0.05 0.144451
0.475 0.05 0.142936
0.5 0.05 0.141421
0.525 0.05 0.131622
0.55 0.05 0.121823
0.575 0.05 0.112024
0.6 0.05 0.102225
0.625 0.05 0.0924264
0.65 0.05 0.0826274
0.675 0.05 0.0728284
0.7 0.05 0.0630294
0.725 0.05 0.0532304
0.75 0.05 0.0434315
0.775 0.05 0.0390883
0.8 0.05 0.0347452
0.825 0.05 0.030402
0.85 0.05 0.0260589
0.875 0.05 0.0217157
0.9 0.05 0.0173726
0.925 0.05 0.0130294
0.95 0.05 0.00868629
0.975 0.05 0.00434315
1 0.05 3.46382e-18
0 0.075 0
0.025 0.075 0.0234853
0.05 0.075 0.0469706
0.075 0.075 0.0704558
0.1 0.075 0.0939411
0.125 0.075 0.117426
0.15 0.075 0.140912
0.175 0.075 0.164397
0.2 0.075 0.187882
0.225 0.075 0.211368
0.25 0.075 0.234853
0.275 0.075 0.232581
0.3 0.075 0.230309
0.325 0.075 0.228037
0.35 0.075 0.225765
0.375 0.075 0.223492
0.4 0.075 0.22122
0.425 0.075 0.218948
0.45 0.075 0.216676
0.475 0.075 0.214404
0.5 0.075 0.212132
0.525 0.075 0.197434
0.55 0.075 0.182735
0.575 0.075 0.168037
0.6 0.075 0.153338
0.625 0.075 0.13864
0.65 0.075 0.123941
0.675 0.075 0.109243
0.7 0.075 0.0945442
0.725 0.075 0.0798457
0.75 0.075 0.0651472
0.775 0.075 0.0586325
0.8 0.075 0.0521177
0.825 0.075 0.045603
0.85 0.075 0.0390883
0.875 0.075 0.0325736
0.9 0.075 0.0260589
0.925 0.075 0.0195442
0.95 0.075 0.0130294
0.975 0.075 0.00651472
1 0.075 5.19574e-18
0 0.1 0
0.025 0.1 0.0313137
0.05 0.1 0.0626274
0.075 0.1 0.0939411
0.1 0.1 0.125255
0.125 0.1 0.156569
0.15 0.1 0.187882
0.175 0.1 0.219196
0.2 0.1 0.25051
0.225 0.1 0.281823
0.25 0.1 0.313137
0.275 0.1 0.310108
0.3 0.1 0.307078
0.325 0.1 0.304049
0.35 0.1 0.301019
0.375 0.1 0.29799
0.4 0.1 0.29496
0.425 0.1 0.291931
0.45 0.1 0.288902
0.475 0.1 0.285872
0.5 0.1 0.282843
0.525 0.1 0.263245
0.55 0.1 0.243647
0.575 0.1 0.224049
0.6 0.1 0.204451
0.625 0.1 0.184853
0.65 0.1 0.165255
0.675 0.1 0.145657
0.7 0.1 0.126059
0.725 0.1 0.106461
0.75 0.1 0.0868629
0.775 0.1 0.0781766
0.8 0.1 0.0694903
0.825 0.1 0.060804
0.85 0.1 0.0521177
0.875 0.1 0.0434315
0.9 0.1 0.0347452
0.925 0.1 0.0260589
0.95 0.1 0.0173726
0.975 0.1 0.00868629
1 0.1 6.92765e-18
0 0.125 0
0.025 0.125 0.0391421
0.05 0.125 0.0782843
0.075 0.125 0.117426
0.1 0.125 0.156569
0.125 0.125 0.195711
0.15 0.125 0.234853
0.175 0.125 0.273995
0.2 0.125 0.313137
0.225 0.125 0.352279
0.25 0.125 0.391421
0.275 0.125 0.387635
0.3 0.125 0.383848
0.325 0.125 0.380061
0.35 0.125 0.376274
0.375 0.125 0.372487
0.4 0.125 0.368701
0.425 0.125 0.364914
0.45 0.125 0.361127
0.475 0.125 0.35734
0.5 0.125 0.353553
0.525 0.125 0.329056
0.55 0.125 0.304558
0.575 0.125 0.280061
0.6 0.125 0.255563
0.625 0.125 0.231066
0.65 0.125 0.206569
0.675 0.125 0.182071
0.7 0.125 0.157574
0.725 0.125 0.133076
0.75 0.125 0.108579
0.775 0.125 0.0977208
0.8 0.125 0.0868629
0.825 0.125 0.0760051
0.85 0.125 0.0651472
0.875 0.125 0.0542893
0.9 0.125 0.0434315
0.925 0.125 0.0325736
0.95 0.125 0.0217157
0.975 0.125 0.0108579
1 0.125 8.65956e-18
0 0.15 0
0.025 0.15 0.0469706
0.05 0.15 0.0939411
0.075 0.15 0.140912
0.1 0.15 0.187882
0.125 0.15 0.234853
0.15 0.15 0.281823
0.175 0.15 0.328794
0.2 0.15 0.375765
0.225 0.15 0.422735
0.25 0.15 0.469706
0.275 0.15 0.465161
0.3 0.15 0.460617
0.325 0.15 0.456073
0.35 0.15 0.451529
0.375 0.15 0.446985
0.4 0.15 0.442441
0.425 0.15 0.437897
0.45 0.15 0.433352
0.475 0.15 0.428808
0.5 0.15 0.424264
0.525 0.15 0.394867
0.55 0.15 0.36547
0.575 0.15 0.336073
0.6 0.15 0.306676
0.625 0.15 0.277279
0.65 0.15 0.247882
0.675 0.15 0.218485
0.7 0.15 0.189088
0.725 0.15 0.159691
0.75 0.15 0.130294
0.775 0.15 0.117265
0.8 0.15 0.104235
0.825 0.15 0.0912061
0.85 0.15 0.0781766
0.875 0.15 0.0651472
0.9 0.15 0.0521177
0.925 0.15 0.0390883
0.95 0.15 0.0260589
0.975 0.15 0.0130294
1 0.15 1.03915e-17
0 0.175 0
0.025 0.175 0.054799
0.05 0.175 0.109598
0.075 0.175 0.164397
0.1 0.175 0.219196
0.125 0.175 0.273995
0.15 0.175 0.328794
0.175 0.175 0.383593
0.2 0.175 0.438392
0.225 0.175 0.493191
0.25 0.175 0.54799
0.275 0.175 0.542688
0.3 0.175 0.537387
0.325 0.175 0.532085
0.35 0.175 0.526784
0.375 0.175 0.521482
0.4 0.175 0.516181
0.425 0.175 0.510879
0.45 0.175 0.505578
0.475 0.175 0.500276
0.5 0.175 0.494975
0.525 0.175 0.460678
0.55 0.175 0.426382
0.575 0.175 0.392085
0.6 0.175 0.357789
0.625 0.175 0.323492
0.65 0.175 0.289196
0.675 0.175 0.254899
0.7 0.175 0.220603
0.725 0.175 0.186307
0.75 0.175 0.15201
0.775 0.175 0.136809
0.8 0.175 0.121608
0.825 0.175 0.106407
0.85 0.175 0.0912061
0.875 0.175 0.0760051
0.9 0.175 0.060804
0.925 0.175 0.045603
0.95 0.175 0.030402
0.975 0.175 0.015201
1 0.175 1.21234e-17
0 0.2 0
0.025 0.2 0.0626274
0.05 0.2 0.125255
0.075 0.2 0.187882
0.1 0.2 0.25051
0.125 0.2 0.313137
0.15 0.2 0.375765
0.175 0.2 0.438392
0.2 0.2 0.501019
0.225 0.2 0.563647
0.25 0.2 0.626274
0.275 0.2 0.620215
0.3 0.2 0.614156
0.325 0.2 0.608098
0.35 0.2 0.602039
0.375 0.2 0.59598
0.4 0.2 0.589921
0.425 0.2 0.583862
0.45 0.2 0.577803
0.475 0.2 0.571744
0.5 0.2 0.565685
0.525 0.2 0.526489
0.55 0.2 0.487294
0.575 0.2 0.448098
0.6 0.2 0.408902
0.625 0.2 0.369706
0.65 0.2 0.33051
0.675 0.2 0.291314
0.7 0.2 0.252118
0.725 0.2 0.212922
0.75 0.2 0.173726
0.775 0.2 0.156353
0.8 0.2 0.138981
0.825 0.2 0.121608
0.85 0.2 0.104235
0.875 0.2 0.0868629
0.9 0.2 0.0694903
0.925 0.2 0.0521177
0.95 0.2 0.0347452
0.975 0.2 0.0173726
1 0.2 1.38553e-17
0 0.225 0
0.025 0.225 0.0704558
0.05 0.225 0.140912
0.075 0.225 0.211368
0.1 0.225 0.281823
0.125 0.225 0.352279
0.15 0.225 0.422735
0.175 0.225 0.493191
0.2 0.225 0.563647
0.225 0.225 0.634103
0.25 0.225 0.704558
0.275 0.225 0.697742
0.3 0.225 0.690926
0.325 0.225 0.68411
0.35 0.225 0.677294
0.375 0.225 0.670477
0.4 0.225 0.663661
0.425 0.225 0.656845
0.45 0.225 0.650029
0.475 0.225 0.643212
0.5 0.225 0.636396
0.525 0.225 0.592301
0.55 0.225 0.548205
0.575 0.225 0.50411
0.6 0.225 0.460014
0.625 0.225 0.415919
0.65 0.225 0.371823
0.675 0.225 0.327728
0.7 0.225 0.283632
0.725 0.225 0.239537
0.75 0.225 0.195442
0.775 0.225 0.175897
0.8 0.225 0.156353
0.825 0.225 0.136809
0.85 0.225 0.117265
0.875 0.225 0.0977208
0.9 0.225 0.0781766
0.925 0.225 0.0586325
0.95 0.225 0.0390883
0.975 0.225 0.0195442
1 0.225 1.55872e-17
0 0.25 0
0.025 0.25 0.0782843
0.05 0.25 0.156569
0.075 0.25 0.234853
0.1 0.25 0.313137
0.125 0.25 0.391421
0.15 0.25 0.469706
0.175 0.25 0.54799
0.2 0.25 0.626274
0.225 0.25 0.704558
0.25 0.25 0.782843
0.275 0.25 0.775269
0.3 0.25 0.767696
0.325 0.25 0.760122
0.35 0.25 0.752548
0.375 0.25 0.744975
0.4 0.25 0.737401
0.425 0.25 0.729828
0.45 0.25 0.722254
0.475 0.25 0.71468
0.5 0.25 0.707107
0.525 0.25 0.658112
0.55 0.25 0.609117
0.575 0.25 0.560122
0.6 0.25 0.511127
0.625 0.25 0.462132
0.65 0.25 0.413137
0.675 0.25 0.364142
0.7 0.25 0.315147
0.725 0.25 0.266152
0.75 0.25 0.217157
0.775 0.25 0.195442
0.8 0.25 0.173726
0.825 0.25 0.15201
0.85 0.25 0.130294
0.875 0.25 0.108579
0.9 0.25 0.0868629
0.925 0.25 0.0651472
0.95 0.25 0.0434315
0.975 0.25 0.0217157
1 0.25 1.73191e-17
0 0.275 0
0.025 0.275 0.0786985
0.05 0.275 0.157397
0.075 0.275 0.236095
0.1 0.275 0.314794
0.125 0.275 0.393492
0.15 0.275 0.472191
0.175 0.275 0.550889
0.2 0.275 0.629588
0.225 0.275 0.708286
0.25 0.275 0.786985
0.275 0.275 0.777926
0.3 0.275 0.768867
0.325 0.275 0.759808
0.35 0.275 0.750749
0.375 0.275 0.74169
0.4 0.275 0.732632
0.425 0.275 0.723573
0.45 0.275 0.714514
0.475 0.275 0.705455
0.5 0.275 0.696396
0.525 0.275 0.646543
0.55 0.275 0.59669
0.575 0.275 0.546838
0.6 0.275 0.496985
0.625 0.275 0.447132
0.65 0.275 0.397279
0.675 0.275 0.347426
0.7 0.275 0.297574
0.725 0.275 0.247721
0.75 0.275 0.197868
0.775 0.275 0.178081
0.8 0.275 0.158294
0.825 0.275 0.138508
0.85 0.275 0.118721
0.875 0.275 0.098934
0.9 0.275 0.0791472
0.925 0.275 0.0593604
0.95 0.275 0.0395736
0.975 0.275 0.0197868
1 0.275 1.31379e-17
0 0.3 0
0.025 0.3 0.0791127
0.05 0.3 0.158225
0.075 0.3 0.237338
0.1 0.3 0.316451
0.125 0.3 0.395563
0.15 0.3 0.474676
0.175 0.3 0.553789
0.2 0.3 0.632902
0.225 0.3 0.712014
0.25 0.3 0.791127
0.275 0.3 0.780583
0.3 0.3 0.770039
0.325 0.3 0.759495
0.35 0.3 0.74895
0.375 0.3 0.738406
0.4 0.3 0.727862
0.425 0.3 0.717318
0.45 0.3 0.706774
0.475 0.3 0.69623
0.5 0.3 0.685685
0.525 0.3 0.634975
0.55 0.3 0.584264
0.575 0.3 0.533553
0.6 0.3 0.482843
0.625 0.3 0.432132
0.65 0.3 0.381421
0.675 0.3 0.330711
0.7 0.3 0.28
0.725 0.3 0.229289
0.75 0.3 0.178579
0.775 0.3 0.160721
0.8 0.3 0.142863
0.825 0.3 0.125005
0.85 0.3 0.107147
0.875 0.3 0.0892893
0.9 0.3 0.0714315
0.925 0.3 0.0535736
0.95 0.3 0.0357157
0.975 0.3 0.0178579
1 0.3 8.95671e-18
0 0.325 0
0.025 0.325 0.0795269
0.05 0.325 0.159054
0.075 0.325 0.238581
0.1 0.325 0.318108
0.125 0.325 0.397635
0.15 0.325 0.477161
0.175 0.325 0.556688
0.2 0.325 0.636215
0.225 0.325 0.715742
0.25 0.325 0.795269
0.275 0.325 0.78324
0.3 0.325 0.77121
0.325 0.325 0.759181
0.35 0.325 0.747151
0.375 0.325 0.735122
0.4 0.325 0.723092
0.425 0.325 0.711063
0.45 0.325 0.699034
0.475 0.325 0.687004
0.5 0.325 0.674975
0.525 0.325 0.623406
0.55 0.325 0.571838
0.575 0.325 0.520269
0.6 0.325 0.468701
0.625 0.325 0.417132
0.65 0.325 0.365563
0.675 0.325 0.313995
0.7 0.325 0.262426
0.725 0.325 0.210858
0.75 0.325 0.159289
0.775 0.325 0.14336
0.8 0.325 0.127431
0.825 0.325 0.111503
0.85 0.325 0.0955736
0.875 0.325 0.0796447
0.9 0.325 0.0637157
0.925 0.325 0.0477868
0.95 0.325 0.0318579
0.975 0.325 0.0159289
1 0.325 4.7755e-18
0 0.35 0
0.025 0.35 0.0799411
0.05 0.35 0.159882
0.075 0.35 0.239823
0.1 0.35 0.319765
0.125 0.35 0.399706
0.15 0.35 0.479647
0.175 0.35 0.559588
0.2 0.35 0.639529
0.225 0.35 0.71947
0.25 0.35 0.799411
0.275 0.35 0.785897
0.3 0.35 0.772382
0.325 0.35 0.758867
0.35 0.35 0.745352
0.375 0.35 0.731838
0.4 0.35 0.718323
0.425 0.35 0.704808
0.45 0.35 0.691294
0.475 0.35 0.677779
0.5 0.35 0.664264
0.525 0.35 0.611838
0.55 0.35 0.559411
0.575 0.35 0.506985
0.6 0.35 0.454558
0.625 0.35 0.402132
0.65 0.35 0.349706
0.675 0.35 0.297279
0.7 0.35 0.244853
0.725 0.35 0.192426
0.75 0.35 0.14
0.775 0.35 0.126
0.8 0.35 0.112
0.825 0.35 0.098
0.85 0.35 0.084
0.875 0.35 0.07
0.9 0.35 0.056
0.925 0.35 0.042
0.95 0.35 0.028
0.975 0.35 0.014
1 0.35 5.94298e-19
0 0.375 0
0.025 0.375 0.0803553
0.05 0.375 0.160711
0.075 0.375 0.241066
0.1 0.375 0.321421
0.125 0.375 0.401777
0.15 0.375 0.482132
0.175 0.375 0.562487
0.2 0.375 0.642843
0.225 0.375 0.723198
0.25 0.375 0.803553
0.275 0.375 0.788553
0.3 0.375 0.773553
0.325 0.375 0.758553
0.35 0.375 0.743553
0.375 0.375 0.728553
0.4 0.375 0.713553
0.425 0.375 0.698553
0.45 0.375 0.683553
0.475 0.375 0.668553
0.5 0.375 0.653553
0.525 0.375 0.600269
0.55 0.375 0.546985
0.575 0.375 0.493701
0.6 0.375 0.440416
0.625 0.375 0.387132
0.65 0.375 0.333848
0.675 0.375 0.280563
0.7 0.375 0.227279
0.725 0.375 0.173995
0.75 0.375 0.120711
0.775 0.375 0.10864
0.8 0.375 0.0965685
0.825 0.375 0.0844975
0.85 0.375 0.0724264
0.875 0.375 0.0603553
0.9 0.375 0.0482843
0.925 0.375 0.0362132
0.95 0.375 0.0241421
0.975 0.375 0.0120711
1 0.375 -3.58691e-18
0 0.4 0
0.025 0.4 0.0807696
0.05 0.4 0.161539
0.075 0.4 0.242309
0.1 0.4 0.323078
0.125 0.4 0.403848
0.15 0.4 0.484617
0.175 0.4 0.565387
0.2 0.4 0.646156
0.225 0.4 0.726926
0.25 0.4 0.807696
0.275 0.4 0.79121
0.3 0.4 0.774725
0.325 0.4 0.75824
0.35 0.4 0.741754
0.375 0.4 0.725269
0.4 0.4 0.708784
0.425 0.4 0.692299
0.45 0.4 0.675813
0.475 0.4 0.659328
0.5 0.4 0.642843
0.525 0.4 0.588701
0.55 0.4 0.534558
0.575 0.4 0.480416
0.6 0.4 0.426274
0.625 0.4 0.372132
0.65 0.4 0.31799
0.675 0.4 0.263848
0.7 0.4 0.209706
0.725 0.4 0.155563
0.75 0.4 0.101421
0.775 0.4 0.0912792
0.8 0.4 0.0811371
0.825 0.4 0.0709949
0.85 0.4 0.0608528
0.875 0.4 0.0507107
0.9 0.4 0.0405685
0.925 0.4 0.0304264
0.95 0.4 0.0202843
0.975 0.4 0.0101421
1 0.4 -7.76811e-18
0 0.425 0
0.025 0.425 0.0811838
0.05 0.425 0.162368
0.075 0.425 0.243551
0.1 0.425 0.324735
0.125 0.425 0.405919
0.15 0.425 0.487103
0.175 0.425 0.568286
0.2 0.425 0.64947
0.225 0.425 0.730654
0.25 0.425 0.811838
0.275 0.425 0.793867
0.3 0.425 0.775897
0.325 0.425 0.757926
0.35 0.425 0.739955
0.375 0.425 0.721985
0.4 0.425 0.704014
0.425 0.425 0.686044
0.45 0.425 0.668073
0.475 0.425 0.650103
0.5 0.425 0.632132
0.525 0.425 0.577132
0.55 0.425 0.522132
0.575 0.425 0.467132
0.6 0.425 0.412132
0.625 0.425 0.357132
0.65 0.425 0.302132
0.675 0.425 0.247132
0.7 0.425 0.192132
0.725 0.425 0.137132
0.75 0.425 0.082132
0.775 0.425 0.0739188
0.8 0.425 0.0657056
0.825 0.425 0.0574924
0.85 0.425 0.0492792
0.875 0.425 0.041066
0.9 0.425 0.0328528
0.925 0.425 0.0246396
0.95 0.425 0.0164264
0.975 0.425 0.0082132
1 0.425 -1.19493e-17
0 0.45 0
0.025 0.45 0.081598
0.05 0.45 0.163196
0.075 0.45 0.244794
0.1 0.45 0.326392
0.125 0.45 0.40799
0.15 0.45 0.489588
0.175 0.45 0.571186
0.2 0.45 0.652784
0.225 0.45 0.734382
0.25 0.45 0.81598
0.275 0.45 0.796524
0.3 0.45 0.777068
0.325 0.45 0.757612
0.35 0.45 0.738156
0.375 0.45 0.718701
0.4 0.45 0.699245
0.425 0.45 0.679789
0.45 0.45 0.660333
0.475 0.45 0.640877
0.5 0.45 0.621421
0.525 0.45 0.565563
0.55 0.45 0.509706
0.575 0.45 0.453848
0.6 0.45 0.39799
0.625 0.45 0.342132
0.65 0.45 0.286274
0.675 0.45 0.230416
0.7 0.45 0.174558
0.725 0.45 0.118701
0.75 0.45 0.0628427
0.775 0.45 0.0565584
0.8 0.45 0.0502742
0.825 0.45 0.0439899
0.85 0.45 0.0377056
0.875 0.45 0.0314214
0.9 0.45 0.0251371
0.925 0.45 0.0188528
0.95 0.45 0.0125685
0.975 0.45 0.00628427
1 0.45 -1.61305e-17
0 0.475 0
0.025 0.475 0.0820122
0.05 0.475 0.164024
0.075 0.475 0.246037
0.1 0.475 0.328049
0.125 0.475 0.410061
0.15 0.475 0.492073
0.175 0.475 0.574085
0.2 0.475 0.656098
0.225 0.475 0.73811
0.25 0.475 0.820122
0.275 0.475 0.799181
0.3 0.475 0.77824
0.325 0.475 0.757299
0.35 0.475 0.736357
0.375 0.475 0.715416
0.4 0.475 0.694475
0.425 0.475 0.673534
0.45 0.475 0.652593
0.475 0.475 0.631652
0.5 0.475 0.610711
0.525 0.475 0.553995
0.55 0.475 0.497279
0.575 0.475 0.440563
0.6 0.475 0.383848
0.625 0.475 0.327132
0.65 0.475 0.270416
0.675 0.475 0.213701
0.7 0.475 0.156985
0.725 0.475 0.100269
0.75 0.475 0.0435534
0.775 0.475 0.0391981
0.8 0.475 0.0348427
0.825 0.475 0.0304874
0.85 0.475 0.026132
0.875 0.475 0.0217767
0.9 0.475 0.0174214
0.925 0.475 0.013066
0.95 0.475 0.00871068
0.975 0.475 0.00435534
1 0.475 -2.03117e-17
0 0.5 0
0.025 0.5 0.0824264
0.05 0.5 0.164853
0.075 0.5 0.247279
0.1 0.5 0.329706
0.125 0.5 0.412132
0.15 0.5 0.494558
0.175 0.5 0.576985
0.2 0.5 0.659411
0.225 0.5 0.741838
0.25 0.5 0.824264
0.275 0.5 0.801838
0.3 0.5 0.779411
0.325 0.5 0.756985
0.35 0.5 0.734558
0.375 0.5 0.712132
0.4 0.5 0.689706
0.425 0.5 0.667279
0.45 0.5 0.644853
0.475 0.5 0.622426
0.5 0.5 0.6
0.525 0.5 0.542426
0.55 0.5 0.484853
0.575 0.5 0.427279
0.6 0.5 0.369706
0.625 0.5 0.312132
0.65 0.5 0.254558
0.675 0.5 0.196985
0.7 0.5 0.139411
0.725 0.5 0.0818377
0.75 0.5 0.0242641
0.775 0.5 0.0218377
0.8 0.5 0.0194113
0.825 0.5 0.0169848
0.85 0.5 0.0145584
0.875 0.5 0.012132
0.9 0.5 0.00970563
0.925 0.5 0.00727922
0.95 0.5 0.00485281
0.975 0.5 0.00242641
1 0.5 -2.44929e-17
0 0.525 0
0.025 0.525 0.0820122
0.05 0.525 0.164024
0.075 0.525 0.246037
0.1 0.525 0.328049
0.125 0.525 0.410061
0.15 0.525 0.492073
0.175 0.525 0.574085
0.2 0.525 0.656098
0.225 0.525 0.73811
0.25 0.525 0.820122
0.275 0.525 0.799181
0.3 0.525 0.77824
0.325 0.525 0.757299
0.35 0.525 0.736357
0.375 0.525 0.715416
0.4 0.525 0.694475
0.425 0.525 0.673534
0.45 0.525 0.652593
0.475 0.525 0.631652
0.5 0.525 0.610711
0.525 0.525 0.553995
0.55 0.525 0.497279
0.575 0.525 0.440563
0.6 0.525 0.383848
0.625 0.525 0.327132
0.65 0.525 0.270416
0.675 0.525 0.213701
0.7 0.525 0.156985
0.725 0.525 0.100269
0.75 0.525 0.0435534
0.775 0.525 0.0391981
0.8 0.525 0.0348427
0.825 0.525 0.0304874
0.85 0.525 0.026132
0.875 0.525 0.0217767
0.9 0.525 0.0174214
0.925 0.525 0.013066
0.95 0.525 0.00871068
0.975 0.525 0.00435534
1 0.525 -2.03117e-17
0 0.55 0
0.025 0.55 0.081598
0.05 0.55 0.163196
0.075 0.55 0.244794
0.1 0.55 0.326392
0.125 0.55 0.40799
0.15 0.55 0.489588
0.175 0.55 0.571186
0.2 0.55 0.652784
0.225 0.55 0.734382
0.25 0.55 0.81598
0.275 0.55 0.796524
0.3 0.55 0.777068
0.325 0.55 0.757612
0.35 0.55 0.738156
0.375 0.55 0.718701
0.4 0.55 0.699245
0.425 0.55 0.679789
0.45 0.55 0.660333
0.475 0.55 0.640877
0.5 0.55 0.621421
0.525 0.55 0.565563
0.55 0.55 0.509706
0.575 0.55 0.453848
0.6 0.55 0.39799
0.625 0.55 0.342132
0.65 0.55 0.286274
0.675 0.55 0.230416
0.7 0.55 0.174558
0.725 0.55 0.118701
0.75 0.55 0.0628427
0.775 0.55 0.0565584
0.8 0.55 0.0502742
0.825 0.55 0.0439899
0.85 0.55 0.0377056
0.875 0.55 0.0314214
0.9 0.55 0.0251371
0.925 0.55 0.0188528
0.95 0.55 0.0125685
0.975 0.55 0.00628427
1 0.55 -1.61305e-17
0 0.575 0
0.025 0.575 0.0811838
0.05 0.575 0.162368
0.075 0.575 0.243551
0.1 0.575 0.324735
0.125 0.575 0.405919
0.15 0.575 0.487103
0.175 0.575 0.568286
0.2 0.575 0.64947
0.225 0.575 0.730654
0.25 0.575 0.811838
0.275 0.575 0.793867
0.3 0.575 0.775897
0.325 0.575 0.757926
0.35 0.575 0.739955
0.375 0.575 0.721985
0.4 0.575 0.704014
0.425 0.575 0.686044
0.45 0.575 0.668073
0.475 0.575 0.650103
0.5 0.575 0.632132
0.525 0.575 0.577132
0.55 0.575 0.522132
0.575 0.575 0.467132
0.6 0.575 0.412132
0.625 0.575 0.357132
0.65 0.575 0.302132
0.675 0.575 0.247132
0.7 0.575 0.192132
0.725 0.575 0.137132
0.75 0.575 0.082132
0.775 0.575 0.0739188
0.8 0.575 0.0657056
0.825 0.575 0.0574924
0.85 0.575 0.0492792
0.875 0.575 0.041066
0.9 0.575 0.0328528
0.925 0.575 0.0246396
0.95 0.575 0.0164264
0.975 0.575 0.0082132
1 0.575 -1.19493e-17
0 0.6 0
0.025 0.6 0.0807696
0.05 0.6 0.161539
0.075 0.6 0.242309
0.1 0.6 0.323078
0.125 0.6 0.403848
0.15 0.6 0.484617
0.175 0.6 0.565387
0.2 0.6 0.646156
0.225 0.6 0.726926
0.25 0.6 0.807696
0.275 0.6 0.79121
0.3 0.6 0.774725
0.325 0.6 0.75824
0.35 0.6 0.741754
0.375 0.6 0.725269
0.4 0.6 0.708784
0.425 0.6 0.692299
0.45 0.6 0.675813
0.475 0.6 0.659328
0.5 0.6 0.642843
0.525 0.6 0.588701
0.55 0.6 0.534558
0.575 0.6 0.480416
0.6 0.6 0.426274
0.625 0.6 0.372132
0.65 0.6 0.31799
0.675 0.6 0.263848
0.7 0.6 0.209706
0.725 0.6 0.155563
0.75 0.6 0.101421
0.775 0.6 0.0912792
0.8 0.6 0.0811371
0.825 0.6 0.0709949
0.85 0.6 0.0608528
0.875 0.6 0.0507107
0.9 0.6 0.0405685
0.925 0.6 0.0304264
0.95 0.6 0.0202843
0.975 0.6 0.0101421
1 0.6 -7.76811e-18
0 0.625 0
0.025 0.625 0.0803553
0.05 0.625 0.160711
0.075 0.625 0.241066
0.1 0.625 0.321421
0.125 0.625 0.401777
0.15 0.625 0.482132
0.175 0.625 0.562487
0.2 0.625 0.642843
0.225 0.625 0.723198
0.25 0.625 0.803553
0.275 0.625 0.788553
0.3 0.625 0.773553
0.325 0.625 0.758553
0.35 0.625 0.743553
0.375 0.625 0.728553
0.4 0.625 0.713553
0.425 0.625 0.698553
0.45 0.625 0.683553
0.475 0.625 0.668553
0.5 0.625 0.653553
0.525 0.625 0.600269
0.55 0.625 0.546985
0.575 0.625 0.493701
0.6 0.625 0.440416
0.625 0.625 0.387132
0.65 0.625 0.333848
0.675 0.625 0.280563
0.7 0.625 0.227279
0.725 0.625 0.173995
0.75 0.625 0.120711
0.775 0.625 0.10864
0.8 0.625 0.0965685
0.825 0.625 0.0844975
0.85 0.625 0.0724264
0.875 0.625 0.0603553
0.9 0.625 0.0482843
0.925 0.625 0.0362132
0.95 0.625 0.0241421
0.975 0.625 0.0120711
1 0.625 -3.58691e-18
0 0.65 0
0.025 0.65 0.0799411
0.05 0.65 0.159882
0.075 0.65 0.239823
0.1 0.65 0.319765
0.125 0.65 0.399706
0.15 0.65 0.479647
0.175 0.65 0.559588
0.2 0.65 0.639529
0.225 0.65 0.71947
0.25 0.65 0.799411
0.275 0.65 0.785897
0.3 0.65 0.772382
0.325 0.65 0.758867
0.35 0.65 0.745352
0.375 0.65 0.731838
0.4 0.65 0.718323
0.425 0.65 0.704808
0.45 0.65 0.691294
0.475 0.65 0.677779
0.5 0.65 0.664264
0.525 0.65 0.611838
0.55 0.65 0.559411
0.575 0.65 0.506985
0.6 0.65 0.454558
0.625 0.65 0.402132
0.65 0.65 0.349706
0.675 0.65 0.297279
0.7 0.65 0.244853
0.725 0.65 0.192426
0.75 0.65 0.14
0.775 0.65 0.126
0.8 0.65 0.112
0.825 0.65 0.098
0.85 0.65 0.084
0.875 0.65 0.07
0.9 0.65 0.056
0.925 0.65 0.042
0.95 0.65 0.028
0.975 0.65 0.014
1 0.65 5.94298e-19
0 0.675 0
0.025 0.675 0.0795269
0.05 0.675 0.159054
0.075 0.675 0.238581
0.1 0.675 0.318108
0.125 0.675 0.397635
0.15 0.675 0.477161
0.175 0.675 0.556688
0.2 0.675 0.636215
0.225 0.675 0.715742
0.25 0.675 0.795269
0.275 0.675 0.78324
0.3 0.675 0.77121
0.325 0.675 0.759181
0.35 0.675 0.747151
0.375 0.675 0.735122
0.4 0.675 0.723092
0.425 0.675 0.711063
0.45 0.675 0.699034
0.475 0.675 0.687004
0.5 0.675 0.674975
0.525 0.675 0.623406
0.55 0.675 0.571838
0.575 0.675 0.520269
0.6 0.675 0.468701
0.625 0.675 0.417132
0.65 0.675 0.365563
0.675 0.675 0.313995
0.7 0.675 0.262426
0.725 0.675 0.210858
0.75 0.675 0.159289
0.775 0.675 0.14336
0.8 0.675 0.127431
0.825 0.675 0.111503
0.85 0.675 0.0955736
0.875 0.675 0.0796447
0.9 0.675 0.0637157
0.925 0.675 0.0477868
0.95 0.675 0.0318579
0.975 0.675 0.0159289
1 0.675 4.7755e-18
0 0.7 0
0.025 0.7 0.0791127
0.05 0.7 0.158225
0.075 0.7 0.237338
0.1 0.7 0.316451
0.125 0.7 0.395563
0.15 0.7 0.474676
0.175 0.7 0.553789
0.2 0.7 0.632902
0.225 0.7 0.712014
0.25 0.7 0.791127
0.275 0.7 0.780583
0.3 0.7 0.770039
0.325 0.7 0.759495
0.35 0.7 0.74895
0.375 0.7 0.738406
0.4 0.7 0.727862
0.425 0.7 0.717318
0.45 0.7 0.706774
0.475 0.7 0.69623
0.5 0.7 0.685685
0.525 0.7 0.634975
0.55 0.7 0.584264
0.575 0.7 0.533553
0.6 0.7 0.482843
0.625 0.7 0.432132
0.65 0.7 0.381421
0.675 0.7 0.330711
0.7 0.7 0.28
0.725 0.7 0.229289
0.75 0.7 0.178579
0.775 0.7 0.160721
0.8 0.7 0.142863
0.825 0.7 0.125005
0.85 0.7 0.107147
0.875 0.7 0.0892893
0.9 0.7 0.0714315
0.925 0.7 0.0535736
0.95 0.7 0.0357157
0.975 0.7 0.0178579
1 0.7 8.95671e-18
0 0.725 0
0.025 0.725 0.0786985
0.05 0.725 0.157397
0.075 0.725 0.236095
0.1 0.725 0.314794
0.125 0.725 0.393492
0.15 0.725 0.472191
0.175 0.725 0.550889
0.2 0.725 0.629588
0.225 0.725 0.708286
0.25 0.725 0.786985
0.275 0.725 0.777926
0.3 0.725 0.768867
0.325 0.725 0.759808
0.35 0.725 0.750749
0.375 0.725 0.74169
0.4 0.725 0.732632
0.425 0.725 0.723573
0.45 0.725 0.714514
0.475 0.725 0.705455
0.5 0.725 0.696396
0.525 0.725 0.646543
0.55 0.725 0.59669
0.575 0.725 0.546838
0.6 0.725 0.496985
0.625 0.725 0.447132
0.65 0.725 0.397279
0.675 0.725 0.347426
0.7 0.725 0.297574
0.725 0.725 0.247721
0.75 0.725 0.197868
0.775 0.725 0.178081
0.8 0.725 0.158294
0.825 0.725 0.138508
0.85 0.725 0.118721
0.875 0.725 0.098934
0.9 0.725 0.0791472
0.925 0.725 0.0593604
0.95 0.725 0.0395736
0.975 0.725 0.0197868
1 0.725 1.31379e-17
0 0.75 0
0.025 0.75 0.0782843
0.05 0.75 0.156569
0.075 0.75 0.234853
0.1 0.75 0.313137
0.125 0.75 0.391421
0.15 0.75 0.469706
0.175 0.75 0.54799
0.2 0.75 0.626274
0.225 0.75 0.704558
0.25 0.75 0.782843
0.275 0.75 0.775269
0.3 0.75 0.767696
0.325 0.75 0.760122
0.35 0.75 0.752548
0.375 0.75 0.744975
0.4 0.75 0.737401
0.425 0.75 0.729828
0.45 0.75 0.722254
0.475 0.75 0.71468
0.5 0.75 0.707107
0.525 0.75 0.658112
0.55 0.75 0.609117
0.575 0.75 0.560122
0.6 0.75 0.511127
0.625 0.75 0.462132
0.65 0.75 0.413137
0.675 0.75 0.364142
0.7 0.75 0.315147
0.725 0.75 0.266152
0.75 0.75 0.217157
0.775 0.75 0.195442
0.8 0.75 0.173726
0.825 0.75 0.15201
0.85 0.75 0.130294
0.875 0.75 0.108579
0.9 0.75 0.0868629
0.925 0.75 0.0651472
0.95 0.75 0.0434315
0.975 0.75 0.0217157
1 0.75 1.73191e-17
0 0.775 0
0.025 0.775 0.0704558
0.05 0.775 0.140912
0.075 0.775 0.211368
0.1 0.775 0.281823
0.125 0.775 0.352279
0.15 0.775 0.422735
0.175 0.775 0.493191
0.2 0.775 0.563647
0.225 0.775 0.634103
0.25 0.775 0.704558
0.275 0.775 0.697742
0.3 0.775 0.690926
0.325 0.775 0.68411
0.35 0.775 0.677294
0.375 0.775 0.670477
0.4 0.775 0.663661
0.425 0.775 0.656845
0.45 0.775 0.650029
0.475 0.775 0.643212
0.5 0.775 0.636396
0.525 0.775 0.592301
0.55 0.775 0.548205
0.575 0.775 0.50411
0.6 0.775 0.460014
0.625 0.775 0.415919
0.65 0.775 0.371823
0.675 0.775 0.327728
0.7 0.775 0.283632
0.725 0.775 0.239537
0.75 0.775 0.195442
0.775 0.775 0.175897
0.8 0.775 0.156353
0.825 0.775 0.136809
0.85 0.775 0.117265
0.875 0.775 0.0977208
0.9 0.775 0.0781766
0.925 0.775 0.0586325
0.95 0.775 0.0390883
0.975 0.775 0.0195442
1 0.775 1.55872e-17
0 0.8 0
0.025 0.8 0.0626274
0.05 0.8 0.125255
0.075 0.8 0.187882
0.1 0.8 0.25051
0.125 0.8 0.313137
0.15 0.8 0.375765
0.175 0.8 0.438392
0.2 0.8 0.501019
0.225 0.8 0.563647
0.25 0.8 0.626274
0.275 0.8 0.620215
0.3 0.8 0.614156
0.325 0.8 0.608098
0.35 0.8 0.602039
0.375 0.8 0.59598
0.4 0.8 0.589921
0.425 0.8 0.583862
0.45 0.8 0.577803
0.475 0.8 0.571744
0.5 0.8 0.565685
0.525 0.8 0.526489
0.55 0.8 0.487294
0.575 0.8 0.448098
0.6 0.8 0.408902
0.625 0.8 0.369706
0.65 0.8 0.33051
0.675 0.8 0.291314
0.7 0.8 0.252118
0.725 0.8 0.212922
0.75 0.8 0.173726
0.775 0.8 0.156353
0.8 0.8 0.138981
0.825 0.8 0.121608
0.85 0.8 0.104235
0.875 0.8 0.0868629
0.9 0.8 0.0694903
0.925 0.8 0.0521177
0.95 0.8 0.0347452
0.975 0.8 0.0173726
1 0.8 1.38553e-17
0 0.825 0
0.025 0.825 0.054799
0.05 0.825 0.109598
0.075 0.825 0.164397
0.1 0.825 0.219196
0.125 0.825 0.273995
0.15 0.825 0.328794
0.175 0.825 0.383593
0.2 0.825 0.438392
0.225 0.825 0.493191
0.25 0.825 0.54799
0.275 0.825 0.542688
0.3 0.825 0.537387
0.325 0.825 0.532085
0.35 0.825 0.526784
0.375 0.825 0.521482
0.4 0.825 0.516181
0.425 0.825 0.510879
0.45 0.825 0.505578
0.475 0.825 0.500276
0.5 0.825 0.494975
0.525 0.825 0.460678
0.55 0.825 0.426382
0.575 0.825 0.392085
0.6 0.825 0.357789
0.625 0.825 0.323492
0.65 0.825 0.289196
0.675 0.825 0.254899
0.7 0.825 0.220603
0.725 0.825 0.186307
0.75 0.825 0.15201
0.775 0.825 0.136809
0.8 0.825 0.121608
0.825 0.825 0.106407
0.85 0.825 0.0912061
0.875 0.825 0.0760051
0.9 0.825 0.060804
0.925 0.825 0.045603
0.95 0.825 0.030402
0.975 0.825 0.015201
1 0.825 1.21234e-17
0 0.85 0
0.025 0.85 0.0469706
0.05 0.85 0.0939411
0.075 0.85 0.140912
0.1 0.85 0.187882
0.125 0.85 0.234853
0.15 0.85 0.281823
0.175 0.85 0.328794
0.2 0.85 0.375765
0.225 0.85 0.422735
0.25 0.85 0.469706
0.275 0.85 0.465161
0.3 0.85 0.460617
0.325 0.85 0.456073
0.35 0.85 0.451529
0.375 0.85 0.446985
0.4 0.85 0.442441
0.425 0.85 0.437897
0.45 0.85 0.433352
0.475 0.85 0.428808
0.5 0.85 0.424264
0.525 0.85 0.394867
0.55 0.85 0.36547
0.575 0.85 0.336073
0.6 0.85 0.306676
0.625 0.85 0.277279
0.65 0.85 0.247882
0.675 0.85 0.218485
0.7 0.85 0.189088
0.725 0.85 0.159691
0.75 0.85 0.130294
0.775 0.85 0.117265
0.8 0.85 0.104235
0.825 0.85 0.0912061
0.85 0.85 0.0781766
0.875 0.85 0.0651472
0.9 0.85 0.0521177
0.925 0.85 0.0390883
0.95 0.85 0.0260589
0.975 0.85 0.0130294
1 0.85 1.03915e-17
0 0.875 0
0.025 0.875 0.0391421
0.05 0.875 0.0782843
0.075 0.875 0.117426
0.1 0.875 0.156569
0.125 0.875 0.195711
0.15 0.875 0.234853
0.175 0.875 0.273995
0.2 0.875 0.313137
0.225 0.875 0.352279
0.25 0.875 0.391421
0.275 0.875 0.387635
0.3 0.875 0.383848
0.325 0.875 0.380061
0.35 0.875 0.376274
0.375 0.875 0.372487
0.4 0.875 0.368701
0.425 0.875 0.364914
0.45 0.875 0.361127
0.475 0.875 0.35734
0.5 0.875 0.353553
0.525 0.875 0.329056
0.55 0.875 0.304558
0.575 0.875 0.280061
0.6 0.875 0.255563
0.625 0.875 0.231066
0.65 0.875 0.206569
0.675 0.875 0.182071
0.7 0.875 0.157574
0.725 0.875 0.133076
0.75 0.875 0.108579
0.775 0.875 0.0977208
0.8 0.875 0.0868629
0.825 0.875 0.0760051
0.85 0.875 0.0651472
0.875 0.875 0.0542893
0.9 0.875 0.0434315
0.925 0.875 0.0325736
0.95 0.875 0.0217157
0.975 0.875 0.0108579
1 0.875 8.65956e-18
0 0.9 0
0.025 0.9 0.0313137
0.05 0.9 0.0626274
0.075 0.9 0.0939411
0.1 0.9 0.125255
0.125 0.9 0.156569
0.15 0.9 0.187882
0.175 0.9 0.219196
0.2 0.9 0.25051
0.225 0.9 0.281823
0.25 0.9 0.313137
0.275 0.9 0.310108
0.3 0.9 0.307078
0.325 0.9 0.304049
0.35 0.9 0.301019
0.375 0.9 0.29799
0.4 0.9 0.29496
0.425 0.9 0.291931
0.45 0.9 0.288902
0.475 0.9 0.285872
0.5 0.9 0.282843
0.525 0.9 0.263245
0.55 0.9 0.243647
0.575 0.9 0.224049
0.6 0.9 0.204451
0.625 0.9 0.184853
0.65 0.9 0.165255
0.675 0.9 0.145657
0.7 0.9 0.126059
0.725 0.9 0.106461
0.75 0.9 0.0868629
0.775 0.9 0.0781766
0.8 0.9 0.0694903
0.825 0.9 0.060804
0.85 0.9 0.0521177
0.875 0.9 0.0434315
0.9 0.9 0.0347452
0.925 0.9 0.0260589
0.95 0.9 0.0173726
0.975 0.9 0.00868629
1 0.9 6.92765e-18
0 0.925 0
0.025 0.925 0.0234853
0.05 0.925 0.0469706
0.075 0.925 0.0704558
0.1 0.925 0.0939411
0.125 0.925 0.117426
0.15 0.925 0.140912
0.175 0.925 0.164397
0.2 0.925 0.187882
0.225 0.925 0.211368
0.25 0.925 0.234853
0.275 0.925 0.232581
0.3 0.925 0.230309
0.325 0.925 0.228037
0.35 0.925 0.225765
0.375 0.925 0.223492
0.4 0.925 0.22122
0.425 0.925 0.218948
0.45 0.925 0.216676
0.475 0.925 0.214404
0.5 0.925 0.212132
0.525 0.925 0.197434
0.55 0.925 0.182735
0.575 0.925 0.168037
0.6 0.925 0.153338
0.625 0.925 0.13864
0.65 0.925 0.123941
0.675 0.925 0.109243
0.7 0.925 0.0945442
0.725 0.925 0.0798457
0.75 0.925 0.0651472
0.775 0.925 0.0586325
0.8 0.925 0.0521177
0.825 0.925 0.045603
0.85 0.925 0.0390883
0.875 0.925 0.0325736
0.9 0.925 0.0260589
0.925 0.925 0.0195442
0.95 0.925 0.0130294
0.975 0.925 0.00651472
1 0.925 5.19574e-18
0 0.95 0
0.025 0.95 0.0156569
0.05 0.95 0.0313137
0.075 0.95 0.0469706
0.1 0.95 0.0626274
0.125 0.95 0.0782843
0.15 0.95 0.0939411
0.175 0.95 0.109598
0.2 0.95 0.125255
0.225 0.95 0.140912
0.25 0.95 0.156569
0.275 0.95 0.155054
0.3 0.95 0.153539
0.325 0.95 0.152024
0.35 0.95 0.15051
0.375 0.95 0.148995
0.4 0.95 0.14748
0.425 0.95 0.145966
0.45 0.95 0.144451
0.475 0.95 0.142936
0.5 0.95 0.141421
0.525 0.95 0.131622
0.55 0.95 0.121823
0.575 0.95 0.112024
0.6 0.95 0.102225
0.625 0.95 0.0924264
0.65 0.95 0.0826274
0.675 0.95 0.0728284
0.7 0.95 0.0630294
0.725 0.95 0.0532304
0.75 0.95 0.0434315
0.775 0.95 0.0390883
0.8 0.95 0.0347452
0.825 0.95 0.030402
0.85 0.95 0.0260589
0.875 0.95 0.0217157
0.9 0.95 0.0173726
0.925 0.95 0.0130294
0.95 0.95 0.00868629
0.975 0.95 0.00434315
1 0.95 3.46382e-18
0 0.975 0
0.025 0.975 0.00782843
0.05 0.975 0.0156569
0.075 0.975 0.0234853
0.1 0.975 0.0313137
0.125 0.975 0.0391421
0.15 0.975 0.0469706
0.175 0.975 0.054799
0.2 0.975 0.0626274
0.225 0.975 0.0704558
0.25 0.975 0.0782843
0.275 0.975 0.0775269
0.3 0.975 0.0767696
0.325 0.975 0.0760122
0.35 0.975 0.0752548
0.375 0.975 0.0744975
0.4 0.975 0.0737401
0.425 0.975 0.0729828
0.45 0.975 0.0722254
0.475 0.975 0.071468
0.5 0.975 0.0707107
0.525 0.975 0.0658112
0.55 0.975 0.0609117
0.575 0.975 0.0560122
0.6 0.975 0.0511127
0.625 0.975 0.0462132
0.65 0.975 0.0413137
0.675 0.975 0.0364142
0.7 0.975 0.0315147
0.725 0.975 0.0266152
0.75 0.975 0.0217157
0.775 0.975 0.0195442
0.8 0.975 0.0173726
0.825 0.975 0.015201
0.85 0.975 0.0130294
0.875 0.975 0.0108579
0.9 0.975 0.00868629
0.925 0.975 0.00651472
0.95 0.975 0.00434315
0.975 0.975 0.00217157
1 0.975 1.73191e-18
0 1 0
0.025 1 1.7022e-17
0.05 1 3.40439e-17
0.075 1 5.10659e-17
0.1 1 6.80879e-17
0.125 1 8.51099e-17
0.15 1 1.02132e-16
0.175 1 1.19154e-16
0.2 1 1.36176e-16
0.225 1 1.53198e-16
0.25 1 1.7022e-16
0.275 1 1.70343e-16
0.3 1 1.70466e-16
0.325 1 1.70589e-16
0.35 1 1.70712e-16
0.375 1 1.70835e-16
0.4 1 1.70958e-16
0.425 1 1.71081e-16
0.45 1 1.71204e-16
0.475 1 1.71327e-16
0.5 1 1.71451e-16
0.525 1 1.6153e-16
0.55 1 1.5161e-16
0.575 1 1.4169e-16
0.6 1 1.3177e-16
0.625 1 1.21849e-16
0.65 1 1.11929e-16
0.675 1 1.02009e-16
0.7 1 9.20885e-17
0.725 1 8.21682e-17
0.75 1 7.2248e-17
0.775 1 6.50232e-17
0.8 1 5.77984e-17
0.825 1 5.05736e-17
0.85 1 4.33488e-17
0.875 1 3.6124e-17
0.9 1 2.88992e-17
0.925 1 2.16744e-17
0.95 1 1.44496e-17
0.975 1 7.2248e-18
1 1 8.99856e-33
