x y z
0 0 0
0.025 0 0
0.05 0 0
0.075 0 0
0.1 0 0
0.125 0 0
0.15 0 0
0.175 0 0
0.2 0 0
0.225 0 0
0.25 0 0
0.275 0 0
0.3 0 0
0.325 0 0
0.35 0 0
0.375 0 0
0.4 0 0
0.425 0 0
0.45 0 0
0.475 0 0
0.5 0 0
0.525 0 0
0.55 0 0
0.575 0 0
0.6 0 0
0.625 0 0
0.65 0 0
0.675 0 0
0.7 0 0
0.725 0 0
0.75 0 0
0.775 0 0
0.8 0 0
0.825 0 0
0.85 0 0
0.875 0 0
0.9 0 0
0.925 0 0
0.95 0 0
0.975 0 0
1 0 0
0 0.025 0
0.025 0.025 0.701024
0.05 0.025 1.39325
0.075 0.025 2.06806
0.1 0.025 2.71714
0.125 0.025 3.33266
0.15 0.025 3.90743
0.175 0.025 4.43497
0.2 0.025 4.9097
0.225 0.025 5.32698
0.25 0.025 5.68318
0.275 0.025 5.97575
0.3 0.025 6.20325
0.325 0.025 6.36531
0.35 0.025 6.46266
0.375 0.025 6.49704
0.4 0.025 6.47115
0.425 0.025 6.38855
0.45 0.025 6.2536
0.475 0.025 6.07125
0.5 0.025 5.847
0.525 0.025 5.58671
0.55 0.025 5.29644
0.575 0.025 4.98235
0.6 0.025 4.65052
0.625 0.025 4.30682
0.65 0.025 3.95678
0.675 0.025 3.60547
0.7 0.025 3.2574
0.725 0.025 2.91644
0.75 0.025 2.58574
0.775 0.025 2.26767
0.8 0.025 1.96386
0.825 0.025 1.67513
0.85 0.025 1.40154
0.875 0.025 1.14244
0.9 0.025 0.896508
0.925 0.025 0.661851
0.95 0.025 0.436092
0.975 0.025 0.216477
1 0.025 3.36724e-16
0 0.05 0
0.025 0.05 1.37998
0.05 0.05 2.74253
0.075 0.05 4.07056
0.1 0.05 5.34762
0.125 0.05 6.5582
0.15 0.05 7.68805
0.175 0.05 8.72439
0.2 0.05 9.65616
0.225 0.05 10.4742
0.25 0.05 11.1713
0.275 0.05 11.7426
0.3 0.05 12.1852
0.325 0.05 12.4985
0.35 0.05 12.6839
0.375 0.05 12.745
0.4 0.05 12.6872
0.425 0.05 12.5177
0.45 0.05 12.2452
0.475 0.05 11.8795
0.5 0.05 11.4317
0.525 0.05 10.9134
0.55 0.05 10.3368
0.575 0.05 9.71399
0.6 0.05 9.0572
0.625 0.05 8.37807
0.65 0.05 7.68759
0.675 0.05 6.99582
0.7 0.05 6.3117
0.725 0.05 5.64288
0.75 0.05 4.99556
0.775 0.05 4.37444
0.8 0.05 3.78264
0.825 0.05 3.22173
0.85 0.05 2.69174
0.875 0.05 2.19126
0.9 0.05 1.71758
0.925 0.05 1.26681
0.95 0.05 0.834105
0.975 0.05 0.41387
1 0.05 6.43667e-16
0 0.075 0
0.025 0.075 2.0159
0.05 0.075 4.00607
0.075 0.075 5.94525
0.1 0.075 7.80917
0.125 0.075 9.57494
0.15 0.075 11.2215
0.175 0.075 12.7301
0.2 0.075 14.0845
0.225 0.075 15.2711
0.25 0.075 16.2795
0.275 0.075 17.1026
0.3 0.075 17.7361
0.325 0.075 18.1795
0.35 0.075 18.4349
0.375 0.075 18.5079
0.4 0.075 18.4067
0.425 0.075 18.142
0.45 0.075 17.7268
0.475 0.075 17.176
0.5 0.075 16.506
0.525 0.075 15.7343
0.55 0.075 14.8788
0.575 0.075 13.9579
0.6 0.075 12.9896
0.625 0.075 11.9912
0.65 0.075 10.979
0.675 0.075 9.96791
0.7 0.075 8.97115
0.725 0.075 7.99998
0.75 0.075 7.06349
0.775 0.075 6.1685
0.8 0.075 5.3195
0.825 0.075 4.51859
0.85 0.075 3.7656
0.875 0.075 3.05821
0.9 0.075 2.39211
0.925 0.075 1.76125
0.95 0.075 1.15815
0.975 0.075 0.574193
1 0.075 8.92762e-16
0 0.1 0
0.025 0.1 2.59002
0.05 0.1 5.14645
0.075 0.1 7.63637
0.1 0.1 10.0281
0.125 0.1 12.2918
0.15 0.1 14.4001
0.175 0.1 16.3286
0.2 0.1 18.056
0.225 0.1 19.5651
0.25 0.1 20.8423
0.275 0.1 21.8785
0.3 0.1 22.6685
0.325 0.1 23.2117
0.35 0.1 23.5115
0.375 0.1 23.5753
0.4 0.1 23.4141
0.425 0.1 23.0423
0.45 0.1 22.4774
0.475 0.1 21.7391
0.5 0.1 20.8492
0.525 0.1 19.8307
0.55 0.1 18.7075
0.575 0.1 17.5039
0.6 0.1 16.2434
0.625 0.1 14.9489
0.65 0.1 13.6419
0.675 0.1 12.3419
0.7 0.1 11.0661
0.725 0.1 9.82917
0.75 0.1 8.64283
0.775 0.1 7.51579
0.8 0.1 6.45362
0.825 0.1 5.45874
0.85 0.1 4.53052
0.875 0.1 3.66545
0.9 0.1 2.8574
0.925 0.1 2.09791
0.95 0.1 1.3766
0.975 0.1 0.681595
1 0.1 1.05928e-15
0 0.125 0
0.025 0.125 3.08665
0.05 0.125 6.13246
0.075 0.125 9.09738
0.1 0.125 11.9429
0.125 0.125 14.6328
0.15 0.125 17.134
0.175 0.125 19.4167
0.2 0.125 21.4554
0.225 0.125 23.2293
0.25 0.125 24.7222
0.275 0.125 25.9233
0.3 0.125 26.8269
0.325 0.125 27.4324
0.35 0.125 27.7446
0.375 0.125 27.773
0.4 0.125 27.5315
0.425 0.125 27.0383
0.45 0.125 26.3151
0.475 0.125 25.3866
0.5 0.125 24.2797
0.525 0.125 23.0232
0.55 0.125 21.6465
0.575 0.125 20.1795
0.6 0.125 18.6514
0.625 0.125 17.0902
0.65 0.125 15.5222
0.675 0.125 13.9713
0.7 0.125 12.4586
0.725 0.125 11.0016
0.75 0.125 9.6145
0.775 0.125 8.30757
0.8 0.125 7.08712
0.825 0.125 5.95559
0.85 0.125 4.91157
0.875 0.125 3.95006
0.9 0.125 3.0628
0.925 0.125 2.23861
0.95 0.125 1.46392
0.975 0.125 0.723282
1 0.125 1.12325e-15
0 0.15 0
0.025 0.15 3.49401
0.05 0.15 6.9406
0.075 0.15 10.2933
0.1 0.15 13.5074
0.125 0.15 16.5411
0.15 0.15 19.3557
0.175 0.15 21.9173
0.2 0.15 24.1963
0.225 0.15 26.1688
0.25 0.15 27.8166
0.275 0.15 29.1275
0.3 0.15 30.0955
0.325 0.15 30.7206
0.35 0.15 31.0089
0.375 0.15 30.9722
0.4 0.15 30.6276
0.425 0.15 29.9969
0.45 0.15 29.1063
0.475 0.15 27.985
0.5 0.15 26.6653
0.525 0.15 25.1812
0.55 0.15 23.5678
0.575 0.15 21.8602
0.6 0.15 20.0928
0.625 0.15 18.2989
0.65 0.15 16.509
0.675 0.15 14.7512
0.7 0.15 13.0499
0.725 0.15 11.4254
0.75 0.15 9.89381
0.775 0.15 8.46665
0.8 0.15 7.15067
0.825 0.15 5.94791
0.85 0.15 4.85586
0.875 0.15 3.8677
0.9 0.15 2.97265
0.925 0.15 2.1565
0.95 0.15 1.40215
0.975 0.15 0.690263
1 0.15 1.07065e-15
0 0.175 0
0.025 0.175 3.80473
0.05 0.175 7.55622
0.075 0.175 11.2023
0.1 0.175 14.6929
0.125 0.175 17.981
0.15 0.175 21.0236
0.175 0.175 23.7826
0.2 0.175 26.2254
0.225 0.175 28.3254
0.25 0.175 30.0627
0.275 0.175 31.4244
0.3 0.175 32.4042
0.325 0.175 33.0032
0.35 0.175 33.2292
0.375 0.175 33.0962
0.4 0.175 32.6246
0.425 0.175 31.84
0.45 0.175 30.7726
0.475 0.175 29.4566
0.5 0.175 27.9293
0.525 0.175 26.2298
0.55 0.175 24.3984
0.575 0.175 22.4753
0.6 0.175 20.5001
0.625 0.175 18.5104
0.65 0.175 16.5412
0.675 0.175 14.6241
0.7 0.175 12.7864
0.725 0.175 11.0509
0.75 0.175 9.43531
0.775 0.175 7.95192
0.8 0.175 6.60753
0.825 0.175 5.40345
0.85 0.175 4.33568
0.875 0.175 3.3952
0.9 0.175 2.56839
0.925 0.175 1.83765
0.95 0.175 1.182
0.975 0.175 0.57789
1 0.175 8.94226e-16
0 0.2 0
0.025 0.2 4.01619
0.05 0.2 7.97412
0.075 0.2 11.8167
0.1 0.2 15.4892
0.125 0.2 18.9403
0.15 0.2 22.1233
0.175 0.2 24.9965
0.2 0.2 27.5249
0.225 0.2 29.6799
0.25 0.2 31.4403
0.275 0.2 32.7928
0.3 0.2 33.7316
0.325 0.2 34.2587
0.35 0.2 34.3838
0.375 0.2 34.1236
0.4 0.2 33.5017
0.425 0.2 32.5473
0.45 0.2 31.295
0.475 0.2 29.7836
0.5 0.2 28.055
0.525 0.2 26.1535
0.55 0.2 24.1243
0.575 0.2 22.0125
0.6 0.2 19.8622
0.625 0.2 17.7153
0.65 0.2 15.6107
0.675 0.2 13.583
0.7 0.2 11.6624
0.725 0.2 9.87365
0.75 0.2 8.23549
0.775 0.2 6.76072
0.8 0.2 5.45578
0.825 0.2 4.32089
0.85 0.2 3.35017
0.875 0.2 2.53205
0.9 0.2 1.84975
0.925 0.2 1.28193
0.95 0.2 0.803431
0.975 0.2 0.386155
1 0.2 5.93979e-16
0 0.225 0
0.025 0.225 4.13058
0.05 0.225 8.19867
0.075 0.225 12.1431
0.1 0.225 15.9052
0.125 0.225 19.4302
0.15 0.225 22.6681
0.175 0.225 25.5748
0.2 0.225 28.113
0.225 0.225 30.2528
0.25 0.225 31.9724
0.275 0.225 33.2582
0.3 0.225 34.1053
0.325 0.225 34.517
0.35 0.225 34.5052
0.375 0.225 34.0891
0.4 0.225 33.2956
0.425 0.225 32.1577
0.45 0.225 30.7141
0.475 0.225 29.008
0.5 0.225 27.0861
0.525 0.225 24.9972
0.55 0.225 22.7912
0.575 0.225 20.5178
0.6 0.225 18.2253
0.625 0.225 15.9595
0.65 0.225 13.7626
0.675 0.225 11.6724
0.7 0.225 9.72097
0.725 0.225 7.93468
0.75 0.225 6.33318
0.775 0.225 4.92926
0.8 0.225 3.72866
0.825 0.225 2.73012
0.85 0.225 1.92557
0.875 0.225 1.30059
0.9 0.225 0.834903
0.925 0.225 0.503156
0.95 0.225 0.275731
0.975 0.225 0.119726
1 0.225 1.77198e-16
0 0.25 0
0.025 0.25 4.15467
0.05 0.25 8.24342
0.075 0.25 12.2017
0.1 0.25 15.9679
0.125 0.25 19.4841
0.15 0.25 22.6981
0.175 0.25 25.5636
0.2 0.25 28.0421
0.225 0.25 30.1026
0.25 0.25 31.723
0.275 0.25 32.8903
0.3 0.25 33.6003
0.325 0.25 33.8581
0.35 0.25 33.6776
0.375 0.25 33.0811
0.4 0.25 32.0984
0.425 0.25 30.7664
0.45 0.25 29.1278
0.475 0.25 27.2299
0.5 0.25 25.1239
0.525 0.25 22.863
0.55 0.25 20.5014
0.575 0.25 18.0931
0.6 0.25 15.6901
0.625 0.25 13.3419
0.65 0.25 11.0935
0.675 0.25 8.98523
0.7 0.25 7.05108
0.725 0.25 5.31849
0.75 0.25 3.80756
0.775 0.25 2.53079
0.8 0.25 1.49288
0.825 0.25 0.69078
0.85 0.25 0.113977
0.875 0.25 -0.2551
0.9 0.25 -0.440431
0.925 0.25 -0.471616
0.95 0.25 -0.38293
0.975 0.25 -0.21227
1 0.25 -3.41866e-16
0 0.275 0
0.025 0.275 4.09938
0.05 0.275 8.13015
0.075 0.275 12.0252
0.1 0.275 15.7203
0.125 0.275 19.1556
0.15 0.275 22.277
0.175 0.275 25.0368
0.2 0.275 27.3955
0.225 0.275 29.3217
0.25 0.275 30.7935
0.275 0.275 31.7985
0.3 0.275 32.3337
0.325 0.275 32.4061
0.35 0.275 32.0318
0.375 0.275 31.236
0.4 0.275 30.0516
0.425 0.275 28.5191
0.45 0.275 26.685
0.475 0.275 24.6008
0.5 0.275 22.3216
0.525 0.275 19.9047
0.55 0.275 17.4085
0.575 0.275 14.8905
0.6 0.275 12.4065
0.625 0.275 10.0089
0.65 0.275 7.74546
0.675 0.275 5.65842
0.7 0.275 3.78334
0.725 0.275 2.14843
0.75 0.275 0.773913
0.775 0.275 -0.328324
0.8 0.275 -1.1549
0.825 0.275 -1.71086
0.85 0.275 -2.00942
0.875 0.275 -2.07145
0.9 0.275 -1.92481
0.925 0.275 -1.60345
0.95 0.275 -1.14643
0.975 0.275 -0.596723
1 0.275 -9.42741e-16
0 0.3 0
0.025 0.3 3.97909
0.05 0.3 7.88754
0.075 0.3 11.6563
0.1 0.3 15.2193
0.125 0.3 18.5153
0.15 0.3 21.4887
0.175 0.3 24.0911
0.2 0.3 26.2823
0.225 0.3 28.0312
0.25 0.3 29.3162
0.275 0.3 30.1256
0.3 0.3 30.4581
0.325 0.3 30.3226
0.35 0.3 29.7374
0.375 0.3 28.7305
0.4 0.3 27.338
0.425 0.3 25.6036
0.45 0.3 23.5777
0.475 0.3 21.3152
0.5 0.3 18.8752
0.525 0.3 16.3189
0.55 0.3 13.708
0.575 0.3 11.1038
0.6 0.3 8.56486
0.625 0.3 6.1464
0.65 0.3 3.89848
0.675 0.3 1.86498
0.7 0.3 0.0826266
0.725 0.3 -1.4199
0.75 0.3 -2.62255
0.775 0.3 -3.51426
0.8 0.3 -4.09317
0.825 0.3 -4.36652
0.85 0.3 -4.3503
0.875 0.3 -4.0688
0.9 0.3 -3.55378
0.925 0.3 -2.8436
0.95 0.3 -1.98206
0.975 0.3 -1.01722
1 0.3 -1.59981e-15
0 0.325 0
0.025 0.325 3.81077
0.05 0.325 7.54945
0.075 0.325 11.1456
0.1 0.325 14.532
0.125 0.325 17.6462
0.15 0.325 20.4319
0.175 0.325 22.8403
0.2 0.325 24.8312
0.225 0.325 26.3734
0.25 0.325 27.4463
0.275 0.325 28.0393
0.3 0.325 28.1525
0.325 0.325 27.7968
0.35 0.325 26.9929
0.375 0.325 25.7712
0.4 0.325 24.171
0.425 0.325 22.2391
0.45 0.325 20.0291
0.475 0.325 17.5997
0.5 0.325 15.0131
0.525 0.325 12.3339
0.55 0.325 9.62735
0.575 0.325 6.9574
0.6 0.325 4.3856
0.625 0.325 1.96935
0.65 0.325 -0.239367
0.675 0.325 -2.19528
0.7 0.325 -3.86087
0.725 0.325 -5.2072
0.75 0.325 -6.2146
0.775 0.325 -6.87302
0.8 0.325 -7.18224
0.825 0.325 -7.15172
0.85 0.325 -6.80032
0.875 0.325 -6.15567
0.9 0.325 -5.25339
0.925 0.325 -4.13613
0.95 0.325 -2.85233
0.975 0.325 -1.45495
1 0.325 -2.2837e-15
0 0.35 0
0.025 0.35 3.613
0.05 0.35 7.15293
0.075 0.35 10.5484
0.1 0.35 13.7316
0.125 0.35 16.6392
0.15 0.35 19.2147
0.175 0.35 21.4091
0.2 0.35 23.1822
0.225 0.35 24.5037
0.25 0.35 25.3534
0.275 0.35 25.7222
0.3 0.35 25.6118
0.325 0.35 25.0348
0.35 0.35 24.0141
0.375 0.35 22.5828
0.4 0.35 20.7826
0.425 0.35 18.6636
0.45 0.35 16.282
0.475 0.35 13.6998
0.5 0.35 10.9823
0.525 0.35 8.19713
0.55 0.35 5.41219
0.575 0.35 2.6942
0.6 0.35 0.106977
0.625 0.35 -2.29009
0.65 0.35 -4.44348
0.675 0.35 -6.30685
0.7 0.35 -7.84208
0.725 0.35 -9.02021
0.75 0.35 -9.82209
0.775 0.35 -10.2388
0.8 0.35 -10.2717
0.825 0.35 -9.93257
0.85 0.35 -9.24293
0.875 0.35 -8.23368
0.9 0.35 -6.94411
0.925 0.35 -5.42091
0.95 0.35 -3.7169
0.975 0.35 -1.88967
1 0.35 -2.96281e-15
0 0.375 0
0.025 0.375 3.40484
0.05 0.375 6.73602
0.075 0.375 9.92166
0.1 0.375 12.8933
0.125 0.375 15.5876
0.15 0.375 17.9478
0.175 0.375 19.925
0.2 0.375 21.4794
0.225 0.375 22.5813
0.25 0.375 23.2115
0.275 0.375 23.3619
0.3 0.375 23.0359
0.325 0.375 22.2477
0.35 0.375 21.0224
0.375 0.375 19.3952
0.4 0.375 17.4103
0.425 0.375 15.1203
0.45 0.375 12.5843
0.475 0.375 9.86661
0.5 0.375 7.03545
0.525 0.375 4.16092
0.55 0.375 1.3134
0.575 0.375 -1.4382
0.6 0.375 -4.02812
0.625 0.375 -6.39535
0.65 0.375 -8.48513
0.675 0.375 -10.2503
0.7 0.375 -11.6523
0.725 0.375 -12.6623
0.75 0.375 -13.2618
0.775 0.375 -13.443
0.8 0.375 -13.2088
0.825 0.375 -12.573
0.85 0.375 -11.5597
0.875 0.375 -10.2029
0.9 0.375 -8.54516
0.925 0.375 -6.63687
0.95 0.375 -4.53485
0.975 0.375 -2.30085
1 0.375 -3.6051e-15
0 0.4 0
0.025 0.4 3.20478
0.05 0.4 6.3356
0.075 0.4 9.32028
0.1 0.4 12.0902
0.125 0.4 14.5819
0.15 0.4 16.7386
0.175 0.4 18.5118
0.2 0.4 19.8622
0.225 0.4 20.7605
0.25 0.4 21.1886
0.275 0.4 21.1396
0.3 0.4 20.6179
0.325 0.4 19.6396
0.35 0.4 18.2315
0.375 0.4 16.4306
0.4 0.4 14.2834
0.425 0.4 11.8445
0.45 0.4 9.17522
0.475 0.4 6.3423
0.5 0.4 3.41607
0.525 0.4 0.468776
0.55 0.4 -2.4272
0.575 0.4 -5.20113
0.6 0.4 -7.78568
0.625 0.4 -10.1186
0.65 0.4 -12.144
0.675 0.4 -13.8143
0.7 0.4 -15.0906
0.725 0.4 -15.9444
0.75 0.4 -16.3576
0.775 0.4 -16.3234
0.8 0.4 -15.8464
0.825 0.4 -14.9421
0.85 0.4 -13.6369
0.875 0.4 -11.9673
0.9 0.4 -9.97893
0.925 0.4 -7.72535
0.95 0.4 -5.26682
0.975 0.4 -2.66874
1 0.4 -4.17974e-15
0 0.425 0
0.025 0.425 3.02966
0.05 0.425 5.98522
0.075 0.425 8.7944
0.1 0.425 11.3885
0.125 0.425 13.7042
0.15 0.425 15.6849
0.175 0.425 17.2822
0.2 0.425 18.4573
0.225 0.425 19.1817
0.25 0.425 19.4379
0.275 0.425 19.22
0.3 0.425 18.5337
0.325 0.425 17.3962
0.35 0.425 15.8357
0.375 0.425 13.891
0.4 0.425 11.6102
0.425 0.425 9.04951
0.45 0.425 6.2722
0.475 0.425 3.34675
0.5 0.425 0.345238
0.525 0.425 -2.6584
0.55 0.425 -5.59023
0.575 0.425 -8.37811
0.6 0.425 -10.9535
0.625 0.425 -13.2531
0.65 0.425 -15.2205
0.675 0.425 -16.8074
0.7 0.425 -17.9751
0.725 0.425 -18.695
0.75 0.425 -18.9497
0.775 0.425 -18.7333
0.8 0.425 -18.0515
0.825 0.425 -16.9214
0.85 0.425 -15.3714
0.875 0.425 -13.44
0.9 0.425 -11.1752
0.925 0.425 -8.63321
0.95 0.425 -5.87721
0.975 0.425 -2.97549
1 0.425 -4.65885e-15
0 0.45 0
0.025 0.45 2.89368
0.05 0.45 5.71322
0.075 0.45 8.38634
0.1 0.45 10.8444
0.125 0.45 13.024
0.15 0.45 14.8689
0.175 0.45 16.331
0.2 0.45 17.3718
0.225 0.45 17.9632
0.25 0.45 18.0885
0.275 0.45 17.7423
0.3 0.45 16.9314
0.325 0.45 15.6738
0.35 0.45 13.9989
0.375 0.45 11.9466
0.4 0.45 9.56619
0.425 0.45 6.91528
0.45 0.45 4.05835
0.475 0.45 1.0652
0.5 0.45 -1.99081
0.525 0.45 -5.03455
0.55 0.45 -7.99096
0.575 0.45 -10.7869
0.6 0.45 -13.3529
0.625 0.45 -15.6252
0.65 0.45 -17.5466
0.675 0.45 -19.0687
0.7 0.45 -20.1526
0.725 0.45 -20.77
0.75 0.45 -20.9039
0.775 0.45 -20.5491
0.8 0.45 -19.7121
0.825 0.45 -18.4114
0.85 0.45 -16.6766
0.875 0.45 -14.5477
0.9 0.45 -12.0748
0.925 0.45 -9.31583
0.95 0.45 -6.33608
0.975 0.45 -3.20607
1 0.45 -5.01899e-15
0 0.475 0
0.025 0.475 2.8076
0.05 0.475 5.54107
0.075 0.475 8.12814
0.1 0.475 10.5002
0.125 0.475 12.594
0.15 0.475 14.3533
0.175 0.475 15.7303
0.2 0.475 16.6867
0.225 0.475 17.1948
0.25 0.475 17.238
0.275 0.475 16.8118
0.3 0.475 15.9232
0.325 0.475 14.591
0.35 0.475 12.8452
0.375 0.475 10.7263
0.4 0.475 8.28443
0.425 0.475 5.57802
0.45 0.475 2.67231
0.475 0.475 -0.362113
0.5 0.475 -3.45113
0.525 0.475 -6.51886
0.55 0.475 -9.48958
0.575 0.475 -12.2896
0.6 0.475 -14.8489
0.625 0.475 -17.1031
0.65 0.475 -18.9951
0.675 0.475 -20.4761
0.7 0.475 -21.5073
0.725 0.475 -22.0603
0.75 0.475 -22.1187
0.775 0.475 -21.6774
0.8 0.475 -20.7438
0.825 0.475 -19.3368
0.85 0.475 -17.4869
0.875 0.475 -15.2354
0.9 0.475 -12.6331
0.925 0.475 -9.73944
0.95 0.475 -6.62082
0.975 0.475 -3.34915
1 0.475 -5.24245e-15
0 0.5 0
0.025 0.5 2.77815
0.05 0.5 5.48217
0.075 0.5 8.03981
0.1 0.5 10.3825
0.125 0.5 12.447
0.15 0.5 14.1771
0.175 0.5 15.525
0.2 0.5 16.4526
0.225 0.5 16.9323
0.25 0.5 16.9477
0.275 0.5 16.4942
0.3 0.5 15.5792
0.325 0.5 14.2217
0.35 0.5 12.4518
0.375 0.5 10.3104
0.4 0.5 7.8478
0.425 0.5 5.12265
0.45 0.5 2.20051
0.475 0.5 -0.847779
0.5 0.5 -3.94784
0.525 0.5 -7.02356
0.55 0.5 -9.99899
0.575 0.5 -12.8002
0.6 0.5 -15.357
0.625 0.5 -17.6051
0.65 0.5 -19.4869
0.675 0.5 -20.9539
0.7 0.5 -21.967
0.725 0.5 -22.4981
0.75 0.5 -22.5308
0.775 0.5 -22.0601
0.8 0.5 -21.0936
0.825 0.5 -19.6505
0.85 0.5 -17.7616
0.875 0.5 -15.4685
0.9 0.5 -12.8224
0.925 0.5 -9.88302
0.95 0.5 -6.71733
0.975 0.5 -3.39764
1 0.5 -5.31818e-15
0 0.525 0
0.025 0.525 2.8076
0.05 0.525 5.54107
0.075 0.525 8.12814
0.1 0.525 10.5002
0.125 0.525 12.594
0.15 0.525 14.3533
0.175 0.525 15.7303
0.2 0.525 16.6867
0.225 0.525 17.1948
0.25 0.525 17.238
0.275 0.525 16.8118
0.3 0.525 15.9232
0.325 0.525 14.591
0.35 0.525 12.8452
0.375 0.525 10.7263
0.4 0.525 8.28443
0.425 0.525 5.57802
0.45 0.525 2.67231
0.475 0.525 -0.362113
0.5 0.525 -3.45113
0.525 0.525 -6.51886
0.55 0.525 -9.48958
0.575 0.525 -12.2896
0.6 0.525 -14.8489
0.625 0.525 -17.1031
0.65 0.525 -18.9951
0.675 0.525 -20.4761
0.7 0.525 -21.5073
0.725 0.525 -22.0603
0.75 0.525 -22.1187
0.775 0.525 -21.6774
0.8 0.525 -20.7438
0.825 0.525 -19.3368
0.85 0.525 -17.4869
0.875 0.525 -15.2354
0.9 0.525 -12.6331
0.925 0.525 -9.73944
0.95 0.525 -6.62082
0.975 0.525 -3.34915
1 0.525 -5.24245e-15
0 0.55 0
0.025 0.55 2.89368
0.05 0.55 5.71322
0.075 0.55 8.38634
0.1 0.55 10.8444
0.125 0.55 13.024
0.15 0.55 14.8689
0.175 0.55 16.331
0.2 0.55 17.3718
0.225 0.55 17.9632
0.25 0.55 18.0885
0.275 0.55 17.7423
0.3 0.55 16.9314
0.325 0.55 15.6738
0.35 0.55 13.9989
0.375 0.55 11.9466
0.4 0.55 9.56619
0.425 0.55 6.91528
0.45 0.55 4.05835
0.475 0.55 1.0652
0.5 0.55 -1.99081
0.525 0.55 -5.03455
0.55 0.55 -7.99096
0.575 0.55 -10.7869
0.6 0.55 -13.3529
0.625 0.55 -15.6252
0.65 0.55 -17.5466
0.675 0.55 -19.0687
0.7 0.55 -20.1526
0.725 0.55 -20.77
0.75 0.55 -20.9039
0.775 0.55 -20.5491
0.8 0.55 -19.7121
0.825 0.55 -18.4114
0.85 0.55 -16.6766
0.875 0.55 -14.5477
0.9 0.55 -12.0748
0.925 0.55 -9.31583
0.95 0.55 -6.33608
0.975 0.55 -3.20607
1 0.55 -5.01899e-15
0 0.575 0
0.025 0.575 3.02966
0.05 0.575 5.98522
0.075 0.575 8.7944
0.1 0.575 11.3885
0.125 0.575 13.7042
0.15 0.575 15.6849
0.175 0.575 17.2822
0.2 0.575 18.4573
0.225 0.575 19.1817
0.25 0.575 19.4379
0.275 0.575 19.22
0.3 0.575 18.5337
0.325 0.575 17.3962
0.35 0.575 15.8357
0.375 0.575 13.891
0.4 0.575 11.6102
0.425 0.575 9.04951
0.45 0.575 6.2722
0.475 0.575 3.34675
0.5 0.575 0.345238
0.525 0.575 -2.6584
0.55 0.575 -5.59023
0.575 0.575 -8.37811
0.6 0.575 -10.9535
0.625 0.575 -13.2531
0.65 0.575 -15.2205
0.675 0.575 -16.8074
0.7 0.575 -17.9751
0.725 0.575 -18.695
0.75 0.575 -18.9497
0.775 0.575 -18.7333
0.8 0.575 -18.0515
0.825 0.575 -16.9214
0.85 0.575 -15.3714
0.875 0.575 -13.44
0.9 0.575 -11.1752
0.925 0.575 -8.63321
0.95 0.575 -5.87721
0.975 0.575 -2.97549
1 0.575 -4.65885e-15
0 0.6 0
0.025 0.6 3.20478
0.05 0.6 6.3356
0.075 0.6 9.32028
0.1 0.6 12.0902
0.125 0.6 14.5819
0.15 0.6 16.7386
0.175 0.6 18.5118
0.2 0.6 19.8622
0.225 0.6 20.7605
0.25 0.6 21.1886
0.275 0.6 21.1396
0.3 0.6 20.6179
0.325 0.6 19.6396
0.35 0.6 18.2315
0.375 0.6 16.4306
0.4 0.6 14.2834
0.425 0.6 11.8445
0.45 0.6 9.17522
0.475 0.6 6.3423
0.5 0.6 3.41607
0.525 0.6 0.468776
0.55 0.6 -2.4272
0.575 0.6 -5.20113
0.6 0.6 -7.78568
0.625 0.6 -10.1186
0.65 0.6 -12.144
0.675 0.6 -13.8143
0.7 0.6 -15.0906
0.725 0.6 -15.9444
0.75 0.6 -16.3576
0.775 0.6 -16.3234
0.8 0.6 -15.8464
0.825 0.6 -14.9421
0.85 0.6 -13.6369
0.875 0.6 -11.9673
0.9 0.6 -9.97893
0.925 0.6 -7.72535
0.95 0.6 -5.26682
0.975 0.6 -2.66874
1 0.6 -4.17974e-15
0 0.625 0
0.025 0.625 3.40484
0.05 0.625 6.73602
0.075 0.625 9.92166
0.1 0.625 12.8933
0.125 0.625 15.5876
0.15 0.625 17.9478
0.175 0.625 19.925
0.2 0.625 21.4794
0.225 0.625 22.5813
0.25 0.625 23.2115
0.275 0.625 23.3619
0.3 0.625 23.0359
0.325 0.625 22.2477
0.35 0.625 21.0224
0.375 0.625 19.3952
0.4 0.625 17.4103
0.425 0.625 15.1203
0.45 0.625 12.5843
0.475 0.625 9.86661
0.5 0.625 7.03545
0.525 0.625 4.16092
0.55 0.625 1.3134
0.575 0.625 -1.4382
0.6 0.625 -4.02812
0.625 0.625 -6.39535
0.65 0.625 -8.48513
0.675 0.625 -10.2503
0.7 0.625 -11.6523
0.725 0.625 -12.6623
0.75 0.625 -13.2618
0.775 0.625 -13.443
0.8 0.625 -13.2088
0.825 0.625 -12.573
0.85 0.625 -11.5597
0.875 0.625 -10.2029
0.9 0.625 -8.54516
0.925 0.625 -6.63687
0.95 0.625 -4.53485
0.975 0.625 -2.30085
1 0.625 -3.6051e-15
0 0.65 0
0.025 0.65 3.613
0.05 0.65 7.15293
0.075 0.65 10.5484
0.1 0.65 13.7316
0.125 0.65 16.6392
0.15 0.65 19.2147
0.175 0.65 21.4091
0.2 0.65 23.1822
0.225 0.65 24.5037
0.25 0.65 25.3534
0.275 0.65 25.7222
0.3 0.65 25.6118
0.325 0.65 25.0348
0.35 0.65 24.0141
0.375 0.65 22.5828
0.4 0.65 20.7826
0.425 0.65 18.6636
0.45 0.65 16.282
0.475 0.65 13.6998
0.5 0.65 10.9823
0.525 0.65 8.19713
0.55 0.65 5.41219
0.575 0.65 2.6942
0.6 0.65 0.106977
0.625 0.65 -2.29009
0.65 0.65 -4.44348
0.675 0.65 -6.30685
0.7 0.65 -7.84208
0.725 0.65 -9.02021
0.75 0.65 -9.82209
0.775 0.65 -10.2388
0.8 0.65 -10.2717
0.825 0.65 -9.93257
0.85 0.65 -9.24293
0.875 0.65 -8.23368
0.9 0.65 -6.94411
0.925 0.65 -5.42091
0.95 0.65 -3.7169
0.975 0.65 -1.88967
1 0.65 -2.96281e-15
0 0.675 0
0.025 0.675 3.81077
0.05 0.675 7.54945
0.075 0.675 11.1456
0.1 0.675 14.532
0.125 0.675 17.6462
0.15 0.675 20.4319
0.175 0.675 22.8403
0.2 0.675 24.8312
0.225 0.675 26.3734
0.25 0.675 27.4463
0.275 0.675 28.0393
0.3 0.675 28.1525
0.325 0.675 27.7968
0.35 0.675 26.9929
0.375 0.675 25.7712
0.4 0.675 24.171
0.425 0.675 22.2391
0.45 0.675 20.0291
0.475 0.675 17.5997
0.5 0.675 15.0131
0.525 0.675 12.3339
0.55 0.675 9.62735
0.575 0.675 6.9574
0.6 0.675 4.3856
0.625 0.675 1.96935
0.65 0.675 -0.239367
0.675 0.675 -2.19528
0.7 0.675 -3.86087
0.725 0.675 -5.2072
0.75 0.675 -6.2146
0.775 0.675 -6.87302
0.8 0.675 -7.18224
0.825 0.675 -7.15172
0.85 0.675 -6.80032
0.875 0.675 -6.15567
0.9 0.675 -5.25339
0.925 0.675 -4.13613
0.95 0.675 -2.85233
0.975 0.675 -1.45495
1 0.675 -2.2837e-15
0 0.7 0
0.025 0.7 3.97909
0.05 0.7 7.88754
0.075 0.7 11.6563
0.1 0.7 15.2193
0.125 0.7 18.5153
0.15 0.7 21.4887
0.175 0.7 24.0911
0.2 0.7 26.2823
0.225 0.7 28.0312
0.25 0.7 29.3162
0.275 0.7 30.1256
0.3 0.7 30.4581
0.325 0.7 30.3226
0.35 0.7 29.7374
0.375 0.7 28.7305
0.4 0.7 27.338
0.425 0.7 25.6036
0.45 0.7 23.5777
0.475 0.7 21.3152
0.5 0.7 18.8752
0.525 0.7 16.3189
0.55 0.7 13.708
0.575 0.7 11.1038
0.6 0.7 8.56486
0.625 0.7 6.1464
0.65 0.7 3.89848
0.675 0.7 1.86498
0.7 0.7 0.0826266
0.725 0.7 -1.4199
0.75 0.7 -2.62255
0.775 0.7 -3.51426
0.8 0.7 -4.09317
0.825 0.7 -4.36652
0.85 0.7 -4.3503
0.875 0.7 -4.0688
0.9 0.7 -3.55378
0.925 0.7 -2.8436
0.95 0.7 -1.98206
0.975 0.7 -1.01722
1 0.7 -1.59981e-15
0 0.725 0
0.025 0.725 4.09938
0.05 0.725 8.13015
0.075 0.725 12.0252
0.1 0.725 15.7203
0.125 0.725 19.1556
0.15 0.725 22.277
0.175 0.725 25.0368
0.2 0.725 27.3955
0.225 0.725 29.3217
0.25 0.725 30.7935
0.275 0.725 31.7985
0.3 0.725 32.3337
0.325 0.725 32.4061
0.35 0.725 32.0318
0.375 0.725 31.236
0.4 0.725 30.0516
0.425 0.725 28.5191
0.45 0.725 26.685
0.475 0.725 24.6008
0.5 0.725 22.3216
0.525 0.725 19.9047
0.55 0.725 17.4085
0.575 0.725 14.8905
0.6 0.725 12.4065
0.625 0.725 10.0089
0.65 0.725 7.74546
0.675 0.725 5.65842
0.7 0.725 3.78334
0.725 0.725 2.14843
0.75 0.725 0.773913
0.775 0.725 -0.328324
0.8 0.725 -1.1549
0.825 0.725 -1.71086
0.85 0.725 -2.00942
0.875 0.725 -2.07145
0.9 0.725 -1.92481
0.925 0.725 -1.60345
0.95 0.725 -1.14643
0.975 0.725 -0.596723
1 0.725 -9.42741e-16
0 0.75 0
0.025 0.75 4.15467
0.05 0.75 8.24342
0.075 0.75 12.2017
0.1 0.75 15.9679
0.125 0.75 19.4841
0.15 0.75 22.6981
0.175 0.75 25.5636
0.2 0.75 28.0421
0.225 0.75 30.1026
0.25 0.75 31.723
0.275 0.75 32.8903
0.3 0.75 33.6003
0.325 0.75 33.8581
0.35 0.75 33.6776
0.375 0.75 33.0811
0.4 0.75 32.0984
0.425 0.75 30.7664
0.45 0.75 29.1278
0.475 0.75 27.2299
0.5 0.75 25.1239
0.525 0.75 22.863
0.55 0.75 20.5014
0.575 0.75 18.0931
0.6 0.75 15.6901
0.625 0.75 13.3419
0.65 0.75 11.0935
0.675 0.75 8.98523
0.7 0.75 7.05108
0.725 0.75 5.31849
0.75 0.75 3.80756
0.775 0.75 2.53079
0.8 0.75 1.49288
0.825 0.75 0.69078
0.85 0.75 0.113977
0.875 0.75 -0.2551
0.9 0.75 -0.440431
0.925 0.75 -0.471616
0.95 0.75 -0.38293
0.975 0.75 -0.21227
1 0.75 -3.41866e-16
0 0.775 0
0.025 0.775 4.13058
0.05 0.775 8.19867
0.075 0.775 12.1431
0.1 0.775 15.9052
0.125 0.775 19.4302
0.15 0.775 22.6681
0.175 0.775 25.5748
0.2 0.775 28.113
0.225 0.775 30.2528
0.25 0.775 31.9724
0.275 0.775 33.2582
0.3 0.775 34.1053
0.325 0.775 34.517
0.35 0.775 34.5052
0.375 0.775 34.0891
0.4 0.775 33.2956
0.425 0.775 32.1577
0.45 0.775 30.7141
0.475 0.775 29.008
0.5 0.775 27.0861
0.525 0.775 24.9972
0.55 0.775 22.7912
0.575 0.775 20.5178
0.6 0.775 18.2253
0.625 0.775 15.9595
0.65 0.775 13.7626
0.675 0.775 11.6724
0.7 0.775 9.72097
0.725 0.775 7.93468
0.75 0.775 6.33318
0.775 0.775 4.92926
0.8 0.775 3.72866
0.825 0.775 2.73012
0.85 0.775 1.92557
0.875 0.775 1.30059
0.9 0.775 0.834903
0.925 0.775 0.503156
0.95 0.775 0.275731
0.975 0.775 0.119726
1 0.775 1.77198e-16
0 0.8 0
0.025 0.8 4.01619
0.05 0.8 7.97412
0.075 0.8 11.8167
0.1 0.8 15.4892
0.125 0.8 18.9403
0.15 0.8 22.1233
0.175 0.8 24.9965
0.2 0.8 27.5249
0.225 0.8 29.6799
0.25 0.8 31.4403
0.275 0.8 32.7928
0.3 0.8 33.7316
0.325 0.8 34.2587
0.35 0.8 34.3838
0.375 0.8 34.1236
0.4 0.8 33.5017
0.425 0.8 32.5473
0.45 0.8 31.295
0.475 0.8 29.7836
0.5 0.8 28.055
0.525 0.8 26.1535
0.55 0.8 24.1243
0.575 0.8 22.0125
0.6 0.8 19.8622
0.625 0.8 17.7153
0.65 0.8 15.6107
0.675 0.8 13.583
0.7 0.8 11.6624
0.725 0.8 9.87365
0.75 0.8 8.23549
0.775 0.8 6.76072
0.8 0.8 5.45578
0.825 0.8 4.32089
0.85 0.8 3.35017
0.875 0.8 2.53205
0.9 0.8 1.84975
0.925 0.8 1.28193
0.95 0.8 0.803431
0.975 0.8 0.386155
1 0.8 5.93979e-16
0 0.825 0
0.025 0.825 3.80473
0.05 0.825 7.55622
0.075 0.825 11.2023
0.1 0.825 14.6929
0.125 0.825 17.981
0.15 0.825 21.0236
0.175 0.825 23.7826
0.2 0.825 26.2254
0.225 0.825 28.3254
0.25 0.825 30.0627
0.275 0.825 31.4244
0.3 0.825 32.4042
0.325 0.825 33.0032
0.35 0.825 33.2292
0.375 0.825 33.0962
0.4 0.825 32.6246
0.425 0.825 31.84
0.45 0.825 30.7726
0.475 0.825 29.4566
0.5 0.825 27.9293
0.525 0.825 26.2298
0.55 0.825 24.3984
0.575 0.825 22.4753
0.6 0.825 20.5001
0.625 0.825 18.5104
0.65 0.825 16.5412
0.675 0.825 14.6241
0.7 0.825 12.7864
0.725 0.825 11.0509
0.75 0.825 9.43531
0.775 0.825 7.95192
0.8 0.825 6.60753
0.825 0.825 5.40345
0.85 0.825 4.33568
0.875 0.825 3.3952
0.9 0.825 2.56839
0.925 0.825 1.83765
0.95 0.825 1.182
0.975 0.825 0.57789
1 0.825 8.94226e-16
0 0.85 0
0.025 0.85 3.49401
0.05 0.85 6.9406
0.075 0.85 10.2933
0.1 0.85 13.5074
0.125 0.85 16.5411
0.15 0.85 19.3557
0.175 0.85 21.9173
0.2 0.85 24.1963
0.225 0.85 26.1688
0.25 0.85 27.8166
0.275 0.85 29.1275
0.3 0.85 30.0955
0.325 0.85 30.7206
0.35 0.85 31.0089
0.375 0.85 30.9722
0.4 0.85 30.6276
0.425 0.85 29.9969
0.45 0.85 29.1063
0.475 0.85 27.985
0.5 0.85 26.6653
0.525 0.85 25.1812
0.55 0.85 23.5678
0.575 0.85 21.8602
0.6 0.85 20.0928
0.625 0.85 18.2989
0.65 0.85 16.509
0.675 0.85 14.7512
0.7 0.85 13.0499
0.725 0.85 11.4254
0.75 0.85 9.89381
0.775 0.85 8.46665
0.8 0.85 7.15067
0.825 0.85 5.94791
0.85 0.85 4.85586
0.875 0.85 3.8677
0.9 0.85 2.97265
0.925 0.85 2.1565
0.95 0.85 1.40215
0.975 0.85 0.690263
1 0.85 1.07065e-15
0 0.875 0
0.025 0.875 3.08665
0.05 0.875 6.13246
0.075 0.875 9.09738
0.1 0.875 11.9429
0.125 0.875 14.6328
0.15 0.875 17.134
0.175 0.875 19.4167
0.2 0.875 21.4554
0.225 0.875 23.2293
0.25 0.875 24.7222
0.275 0.875 25.9233
0.3 0.875 26.8269
0.325 0.875 27.4324
0.35 0.875 27.7446
0.375 0.875 27.773
0.4 0.875 27.5315
0.425 0.875 27.0383
0.45 0.875 26.3151
0.475 0.875 25.3866
0.5 0.875 24.2797
0.525 0.875 23.0232
0.55 0.875 21.6465
0.575 0.875 20.1795
0.6 0.875 18.6514
0.625 0.875 17.0902
0.65 0.875 15.5222
0.675 0.875 13.9713
0.7 0.875 12.4586
0.725 0.875 11.0016
0.75 0.875 9.6145
0.775 0.875 8.30757
0.8 0.875 7.08712
0.825 0.875 5.95559
0.85 0.875 4.91157
0.875 0.875 3.95006
0.9 0.875 3.0628
0.925 0.875 2.23861
0.95 0.875 1.46392
0.975 0.875 0.723282
1 0.875 1.12325e-15
0 0.9 0
0.025 0.9 2.59002
0.05 0.9 5.14645
0.075 0.9 7.63637
0.1 0.9 10.0281
0.125 0.9 12.2918
0.15 0.9 14.4001
0.175 0.9 16.3286
0.2 0.9 18.056
0.225 0.9 19.5651
0.25 0.9 20.8423
0.275 0.9 21.8785
0.3 0.9 22.6685
0.325 0.9 23.2117
0.35 0.9 23.5115
0.375 0.9 23.5753
0.4 0.9 23.4141
0.425 0.9 23.0423
0.45 0.9 22.4774
0.475 0.9 21.7391
0.5 0.9 20.8492
0.525 0.9 19.8307
0.55 0.9 18.7075
0.575 0.9 17.5039
0.6 0.9 16.2434
0.625 0.9 14.9489
0.65 0.9 13.6419
0.675 0.9 12.3419
0.7 0.9 11.0661
0.725 0.9 9.82917
0.75 0.9 8.64283
0.775 0.9 7.51579
0.8 0.9 6.45362
0.825 0.9 5.45874
0.85 0.9 4.53052
0.875 0.9 3.66545
0.9 0.9 2.8574
0.925 0.9 2.09791
0.95 0.9 1.3766
0.975 0.9 0.681595
1 0.9 1.05928e-15
0 0.925 0
0.025 0.925 2.0159
0.05 0.925 4.00607
0.075 0.925 5.94525
0.1 0.925 7.80917
0.125 0.925 9.57494
0.15 0.925 11.2215
0.175 0.925 12.7301
0.2 0.925 14.0845
0.225 0.925 15.2711
0.25 0.925 16.2795
0.275 0.925 17.1026
0.3 0.925 17.7361
0.325 0.925 18.1795
0.35 0.925 18.4349
0.375 0.925 18.5079
0.4 0.925 18.4067
0.425 0.925 18.142
0.45 0.925 17.7268
0.475 0.925 17.176
0.5 0.925 16.506
0.525 0.925 15.7343
0.55 0.925 14.8788
0.575 0.925 13.9579
0.6 0.925 12.9896
0.625 0.925 11.9912
0.65 0.925 10.979
0.675 0.925 9.96791
0.7 0.925 8.97115
0.725 0.925 7.99998
0.75 0.925 7.06349
0.775 0.925 6.1685
0.8 0.925 5.3195
0.825 0.925 4.51859
0.85 0.925 3.7656
0.875 0.925 3.05821
0.9 0.925 2.39211
0.925 0.925 1.76125
0.95 0.925 1.15815
0.975 0.925 0.574193
1 0.925 8.92762e-16
0 0.95 0
0.025 0.95 1.37998
0.05 0.95 2.74253
0.075 0.95 4.07056
0.1 0.95 5.34762
0.125 0.95 6.5582
0.15 0.95 7.68805
0.175 0.95 8.72439
0.2 0.95 9.65616
0.225 0.95 10.4742
0.25 0.95 11.1713
0.275 0.95 11.7426
0.3 0.95 12.1852
0.325 0.95 12.4985
0.35 0.95 12.6839
0.375 0.95 12.745
0.4 0.95 12.6872
0.425 0.95 12.5177
0.45 0.95 12.2452
0.475 0.95 11.8795
0.5 0.95 11.4317
0.525 0.95 10.9134
0.55 0.95 10.3368
0.575 0.95 9.71399
0.6 0.95 9.0572
0.625 0.95 8.37807
0.65 0.95 7.68759
0.675 0.95 6.99582
0.7 0.95 6.3117
0.725 0.95 5.64288
0.75 0.95 4.99556
0.775 0.95 4.37444
0.8 0.95 3.78264
0.825 0.95 3.22173
0.85 0.95 2.69174
0.875 0.95 2.19126
0.9 0.95 1.71758
0.925 0.95 1.26681
0.95 0.95 0.834105
0.975 0.95 0.41387
1 0.95 6.43667e-16
0 0.975 0
0.025 0.975 0.701024
0.05 0.975 1.39325
0.075 0.975 2.06806
0.1 0.975 2.71714
0.125 0.975 3.33266
0.15 0.975 3.90743
0.175 0.975 4.43497
0.2 0.975 4.9097
0.225 0.975 5.32698
0.25 0.975 5.68318
0.275 0.975 5.97575
0.3 0.975 6.20325
0.325 0.975 6.36531
0.35 0.975 6.46266
0.375 0.975 6.49704
0.4 0.975 6.47115
0.425 0.975 6.38855
0.45 0.975 6.2536
0.475 0.975 6.07125
0.5 0.975 5.847
0.525 0.975 5.58671
0.55 0.975 5.29644
0.575 0.975 4.98235
0.6 0.975 4.65052
0.625 0.975 4.30682
0.65 0.975 3.95678
0.675 0.975 3.60547
0.7 0.975 3.2574
0.725 0.975 2.91644
0.75 0.975 2.58574
0.775 0.975 2.26767
0.8 0.975 1.96386
0.825 0.975 1.67513
0.85 0.975 1.40154
0.875 0.975 1.14244
0.9 0.975 0.896508
0.925 0.975 0.661851
0.95 0.975 0.436092
0.975 0.975 0.216477
1 0.975 3.36724e-16
0 1 0
0.025 1 1.09888e-15
0.05 1 2.184e-15
0.075 1 3.24187e-15
0.1 1 4.2595e-15
0.125 1 5.22464e-15
0.15 1 6.12602e-15
0.175 1 6.95353e-15
0.2 1 7.69841e-15
0.225 1 8.35339e-15
0.25 1 8.91281e-15
0.275 1 9.37265e-15
0.3 1 9.73063e-15
0.325 1 9.98619e-15
0.35 1 1.01404e-14
0.375 1 1.0196e-14
0.4 1 1.01572e-14
0.425 1 1.00296e-14
0.45 1 9.81986e-15
0.475 1 9.53579e-15
0.5 1 9.18595e-15
0.525 1 8.77948e-15
0.55 1 8.32585e-15
0.575 1 7.83469e-15
0.6 1 7.31547e-15
0.625 1 6.77738e-15
0.65 1 6.22906e-15
0.675 1 5.67843e-15
0.7 1 5.13255e-15
0.725 1 4.59746e-15
0.75 1 4.07809e-15
0.775 1 3.5782e-15
0.8 1 3.10033e-15
0.825 1 2.64577e-15
0.85 1 2.21465e-15
0.875 1 1.80598e-15
0.9 1 1.41773e-15
0.925 1 1.04696e-15
0.95 1 6.89995e-16
0.975 1 3.42564e-16
1 1 5.32873e-31
