x y z
0 0 0
0.025 0 0
0.05 0 0
0.075 0 0
0.1 0 0
0.125 0 0
0.15 0 0
0.175 0 0
0.2 0 0
0.225 0 0
0.25 0 0
0.275 0 0
0.3 0 0
0.325 0 0
0.35 0 0
0.375 0 0
0.4 0 0
0.425 0 0
0.45 0 0
0.475 0 0
0.5 0 0
0.525 0 0
0.55 0 0
0.575 0 0
0.6 0 0
0.625 0 0
0.65 0 0
0.675 0 0
0.7 0 0
0.725 0 0
0.75 0 0
0.775 0 0
0.8 0 0
0.825 0 0
0.85 0 0
0.875 0 0
0.9 0 0
0.925 0 0
0.95 0 0
0.975 0 0
1 0 0
0 0.025 0
0.025 0.025 0.00615583
0.05 0.025 0.0122737
0.075 0.025 0.0183159
0.1 0.025 0.0242452
0.125 0.025 0.030025
0.15 0.025 0.0356197
0.175 0.025 0.0409948
0.2 0.025 0.0461171
0.225 0.025 0.0509551
0.25 0.025 0.055479
0.275 0.025 0.0596608
0.3 0.025 0.0634747
0.325 0.025 0.0668974
0.35 0.025 0.0699076
0.375 0.025 0.0724868
0.4 0.025 0.074619
0.425 0.025 0.0762913
0.45 0.025 0.0774931
0.475 0.025 0.0782172
0.5 0.025 0.0784591
0.525 0.025 0.0782172
0.55 0.025 0.0774931
0.575 0.025 0.0762913
0.6 0.025 0.074619
0.625 0.025 0.0724868
0.65 0.025 0.0699076
0.675 0.025 0.0668974
0.7 0.025 0.0634747
0.725 0.025 0.0596608
0.75 0.025 0.055479
0.775 0.025 0.0509551
0.8 0.025 0.0461171
0.825 0.025 0.0409948
0.85 0.025 0.0356197
0.875 0.025 0.030025
0.9 0.025 0.0242452
0.925 0.025 0.0183159
0.95 0.025 0.0122737
0.975 0.025 0.00615583
1 0.025 9.60847e-18
0 0.05 0
0.025 0.05 0.0122737
0.05 0.05 0.0244717
0.075 0.05 0.0365189
0.1 0.05 0.0483409
0.125 0.05 0.0598649
0.15 0.05 0.0710198
0.175 0.05 0.0817368
0.2 0.05 0.0919499
0.225 0.05 0.101596
0.25 0.05 0.110616
0.275 0.05 0.118954
0.3 0.05 0.126558
0.325 0.05 0.133382
0.35 0.05 0.139384
0.375 0.05 0.144527
0.4 0.05 0.148778
0.425 0.05 0.152112
0.45 0.05 0.154508
0.475 0.05 0.155952
0.5 0.05 0.156434
0.525 0.05 0.155952
0.55 0.05 0.154508
0.575 0.05 0.152112
0.6 0.05 0.148778
0.625 0.05 0.144527
0.65 0.05 0.139384
0.675 0.05 0.133382
0.7 0.05 0.126558
0.725 0.05 0.118954
0.75 0.05 0.110616
0.775 0.05 0.101596
0.8 0.05 0.0919499
0.825 0.05 0.0817368
0.85 0.05 0.0710198
0.875 0.05 0.0598649
0.9 0.05 0.0483409
0.925 0.05 0.0365189
0.95 0.05 0.0244717
0.975 0.05 0.0122737
1 0.05 1.91577e-17
0 0.075 0
0.025 0.075 0.0183159
0.05 0.075 0.0365189
0.075 0.075 0.0544967
0.1 0.075 0.0721386
0.125 0.075 0.0893357
0.15 0.075 0.105982
0.175 0.075 0.121975
0.2 0.075 0.137216
0.225 0.075 0.151611
0.25 0.075 0.165071
0.275 0.075 0.177513
0.3 0.075 0.188861
0.325 0.075 0.199045
0.35 0.075 0.208001
0.375 0.075 0.215675
0.4 0.075 0.22202
0.425 0.075 0.226995
0.45 0.075 0.230571
0.475 0.075 0.232726
0.5 0.075 0.233445
0.525 0.075 0.232726
0.55 0.075 0.230571
0.575 0.075 0.226995
0.6 0.075 0.22202
0.625 0.075 0.215675
0.65 0.075 0.208001
0.675 0.075 0.199045
0.7 0.075 0.188861
0.725 0.075 0.177513
0.75 0.075 0.165071
0.775 0.075 0.151611
0.8 0.075 0.137216
0.825 0.075 0.121975
0.85 0.075 0.105982
0.875 0.075 0.0893357
0.9 0.075 0.0721386
0.925 0.075 0.0544967
0.95 0.075 0.0365189
0.975 0.075 0.0183159
1 0.075 2.85888e-17
0 0.1 0
0.025 0.1 0.0242452
0.05 0.1 0.0483409
0.075 0.1 0.0721386
0.1 0.1 0.0954915
0.125 0.1 0.118256
0.15 0.1 0.140291
0.175 0.1 0.161461
0.2 0.1 0.181636
0.225 0.1 0.20069
0.25 0.1 0.218508
0.275 0.1 0.234978
0.3 0.1 0.25
0.325 0.1 0.26348
0.35 0.1 0.275336
0.375 0.1 0.285494
0.4 0.1 0.293893
0.425 0.1 0.300479
0.45 0.1 0.305212
0.475 0.1 0.308064
0.5 0.1 0.309017
0.525 0.1 0.308064
0.55 0.1 0.305212
0.575 0.1 0.300479
0.6 0.1 0.293893
0.625 0.1 0.285494
0.65 0.1 0.275336
0.675 0.1 0.26348
0.7 0.1 0.25
0.725 0.1 0.234978
0.75 0.1 0.218508
0.775 0.1 0.20069
0.8 0.1 0.181636
0.825 0.1 0.161461
0.85 0.1 0.140291
0.875 0.1 0.118256
0.9 0.1 0.0954915
0.925 0.1 0.0721386
0.95 0.1 0.0483409
0.975 0.1 0.0242452
1 0.1 3.78437e-17
0 0.125 0
0.025 0.125 0.030025
0.05 0.125 0.0598649
0.075 0.125 0.0893357
0.1 0.125 0.118256
0.125 0.125 0.146447
0.15 0.125 0.173735
0.175 0.125 0.199952
0.2 0.125 0.224936
0.225 0.125 0.248533
0.25 0.125 0.270598
0.275 0.125 0.290995
0.3 0.125 0.309597
0.325 0.125 0.326291
0.35 0.125 0.340973
0.375 0.125 0.353553
0.4 0.125 0.363954
0.425 0.125 0.37211
0.45 0.125 0.377972
0.475 0.125 0.381504
0.5 0.125 0.382683
0.525 0.125 0.381504
0.55 0.125 0.377972
0.575 0.125 0.37211
0.6 0.125 0.363954
0.625 0.125 0.353553
0.65 0.125 0.340973
0.675 0.125 0.326291
0.7 0.125 0.309597
0.725 0.125 0.290995
0.75 0.125 0.270598
0.775 0.125 0.248533
0.8 0.125 0.224936
0.825 0.125 0.199952
0.85 0.125 0.173735
0.875 0.125 0.146447
0.9 0.125 0.118256
0.925 0.125 0.0893357
0.95 0.125 0.0598649
0.975 0.125 0.030025
1 0.125 4.68652e-17
0 0.15 0
0.025 0.15 0.0356197
0.05 0.15 0.0710198
0.075 0.15 0.105982
0.1 0.15 0.140291
0.125 0.15 0.173735
0.15 0.15 0.206107
0.175 0.15 0.237209
0.2 0.15 0.266849
0.225 0.15 0.294843
0.25 0.15 0.32102
0.275 0.15 0.345217
0.3 0.15 0.367286
0.325 0.15 0.387091
0.35 0.15 0.404508
0.375 0.15 0.419433
0.4 0.15 0.431771
0.425 0.15 0.441447
0.45 0.15 0.448401
0.475 0.15 0.452591
0.5 0.15 0.45399
0.525 0.15 0.452591
0.55 0.15 0.448401
0.575 0.15 0.441447
0.6 0.15 0.431771
0.625 0.15 0.419433
0.65 0.15 0.404508
0.675 0.15 0.387091
0.7 0.15 0.367286
0.725 0.15 0.345217
0.75 0.15 0.32102
0.775 0.15 0.294843
0.8 0.15 0.266849
0.825 0.15 0.237209
0.85 0.15 0.206107
0.875 0.15 0.173735
0.9 0.15 0.140291
0.925 0.15 0.105982
0.95 0.15 0.0710198
0.975 0.15 0.0356197
1 0.15 5.55978e-17
0 0.175 0
0.025 0.175 0.0409948
0.05 0.175 0.0817368
0.075 0.175 0.121975
0.1 0.175 0.161461
0.125 0.175 0.199952
0.15 0.175 0.237209
0.175 0.175 0.273005
0.2 0.175 0.307117
0.225 0.175 0.339336
0.25 0.175 0.369462
0.275 0.175 0.397311
0.3 0.175 0.42271
0.325 0.175 0.445503
0.35 0.175 0.46555
0.375 0.175 0.482726
0.4 0.175 0.496926
0.425 0.175 0.508062
0.45 0.175 0.516066
0.475 0.175 0.520888
0.5 0.175 0.522499
0.525 0.175 0.520888
0.55 0.175 0.516066
0.575 0.175 0.508062
0.6 0.175 0.496926
0.625 0.175 0.482726
0.65 0.175 0.46555
0.675 0.175 0.445503
0.7 0.175 0.42271
0.725 0.175 0.397311
0.75 0.175 0.369462
0.775 0.175 0.339336
0.8 0.175 0.307117
0.825 0.175 0.273005
0.85 0.175 0.237209
0.875 0.175 0.199952
0.9 0.175 0.161461
0.925 0.175 0.121975
0.95 0.175 0.0817368
0.975 0.175 0.0409948
1 0.175 6.39876e-17
0 0.2 0
0.025 0.2 0.0461171
0.05 0.2 0.0919499
0.075 0.2 0.137216
0.1 0.2 0.181636
0.125 0.2 0.224936
0.15 0.2 0.266849
0.175 0.2 0.307117
0.2 0.2 0.345492
0.225 0.2 0.381736
0.25 0.2 0.415627
0.275 0.2 0.446955
0.3 0.2 0.475528
0.325 0.2 0.501169
0.35 0.2 0.52372
0.375 0.2 0.543043
0.4 0.2 0.559017
0.425 0.2 0.571545
0.45 0.2 0.580549
0.475 0.2 0.585973
0.5 0.2 0.587785
0.525 0.2 0.585973
0.55 0.2 0.580549
0.575 0.2 0.571545
0.6 0.2 0.559017
0.625 0.2 0.543043
0.65 0.2 0.52372
0.675 0.2 0.501169
0.7 0.2 0.475528
0.725 0.2 0.446955
0.75 0.2 0.415627
0.775 0.2 0.381736
0.8 0.2 0.345492
0.825 0.2 0.307117
0.85 0.2 0.266849
0.875 0.2 0.224936
0.9 0.2 0.181636
0.925 0.2 0.137216
0.95 0.2 0.0919499
0.975 0.2 0.0461171
1 0.2 7.19829e-17
0 0.225 0
0.025 0.225 0.0509551
0.05 0.225 0.101596
0.075 0.225 0.151611
0.1 0.225 0.20069
0.125 0.225 0.248533
0.15 0.225 0.294843
0.175 0.225 0.339336
0.2 0.225 0.381736
0.225 0.225 0.421783
0.25 0.225 0.459229
0.275 0.225 0.493844
0.3 0.225 0.525415
0.325 0.225 0.553745
0.35 0.225 0.578662
0.375 0.225 0.600012
0.4 0.225 0.617662
0.425 0.225 0.631504
0.45 0.225 0.641452
0.475 0.225 0.647446
0.5 0.225 0.649448
0.525 0.225 0.647446
0.55 0.225 0.641452
0.575 0.225 0.631504
0.6 0.225 0.617662
0.625 0.225 0.600012
0.65 0.225 0.578662
0.675 0.225 0.553745
0.7 0.225 0.525415
0.725 0.225 0.493844
0.75 0.225 0.459229
0.775 0.225 0.421783
0.8 0.225 0.381736
0.825 0.225 0.339336
0.85 0.225 0.294843
0.875 0.225 0.248533
0.9 0.225 0.20069
0.925 0.225 0.151611
0.95 0.225 0.101596
0.975 0.225 0.0509551
1 0.225 7.95344e-17
0 0.25 0
0.025 0.25 0.055479
0.05 0.25 0.110616
0.075 0.25 0.165071
0.1 0.25 0.218508
0.125 0.25 0.270598
0.15 0.25 0.32102
0.175 0.25 0.369462
0.2 0.25 0.415627
0.225 0.25 0.459229
0.25 0.25 0.5
0.275 0.25 0.537688
0.3 0.25 0.572061
0.325 0.25 0.602908
0.35 0.25 0.630037
0.375 0.25 0.653281
0.4 0.25 0.672499
0.425 0.25 0.687569
0.45 0.25 0.698401
0.475 0.25 0.704927
0.5 0.25 0.707107
0.525 0.25 0.704927
0.55 0.25 0.698401
0.575 0.25 0.687569
0.6 0.25 0.672499
0.625 0.25 0.653281
0.65 0.25 0.630037
0.675 0.25 0.602908
0.7 0.25 0.572061
0.725 0.25 0.537688
0.75 0.25 0.5
0.775 0.25 0.459229
0.8 0.25 0.415627
0.825 0.25 0.369462
0.85 0.25 0.32102
0.875 0.25 0.270598
0.9 0.25 0.218508
0.925 0.25 0.165071
0.95 0.25 0.110616
0.975 0.25 0.055479
1 0.25 8.65956e-17
0 0.275 0
0.025 0.275 0.0596608
0.05 0.275 0.118954
0.075 0.275 0.177513
0.1 0.275 0.234978
0.125 0.275 0.290995
0.15 0.275 0.345217
0.175 0.275 0.397311
0.2 0.275 0.446955
0.225 0.275 0.493844
0.25 0.275 0.537688
0.275 0.275 0.578217
0.3 0.275 0.615181
0.325 0.275 0.648353
0.35 0.275 0.677527
0.375 0.275 0.702524
0.4 0.275 0.723189
0.425 0.275 0.739396
0.45 0.275 0.751044
0.475 0.275 0.758062
0.5 0.275 0.760406
0.525 0.275 0.758062
0.55 0.275 0.751044
0.575 0.275 0.739396
0.6 0.275 0.723189
0.625 0.275 0.702524
0.65 0.275 0.677527
0.675 0.275 0.648353
0.7 0.275 0.615181
0.725 0.275 0.578217
0.75 0.275 0.537688
0.775 0.275 0.493844
0.8 0.275 0.446955
0.825 0.275 0.397311
0.85 0.275 0.345217
0.875 0.275 0.290995
0.9 0.275 0.234978
0.925 0.275 0.177513
0.95 0.275 0.118954
0.975 0.275 0.0596608
1 0.275 9.31229e-17
0 0.3 0
0.025 0.3 0.0634747
0.05 0.3 0.126558
0.075 0.3 0.188861
0.1 0.3 0.25
0.125 0.3 0.309597
0.15 0.3 0.367286
0.175 0.3 0.42271
0.2 0.3 0.475528
0.225 0.3 0.525415
0.25 0.3 0.572061
0.275 0.3 0.615181
0.3 0.3 0.654508
0.325 0.3 0.6898
0.35 0.3 0.720839
0.375 0.3 0.747434
0.4 0.3 0.769421
0.425 0.3 0.786664
0.45 0.3 0.799057
0.475 0.3 0.806523
0.5 0.3 0.809017
0.525 0.3 0.806523
0.55 0.3 0.799057
0.575 0.3 0.786664
0.6 0.3 0.769421
0.625 0.3 0.747434
0.65 0.3 0.720839
0.675 0.3 0.6898
0.7 0.3 0.654508
0.725 0.3 0.615181
0.75 0.3 0.572061
0.775 0.3 0.525415
0.8 0.3 0.475528
0.825 0.3 0.42271
0.85 0.3 0.367286
0.875 0.3 0.309597
0.9 0.3 0.25
0.925 0.3 0.188861
0.95 0.3 0.126558
0.975 0.3 0.0634747
1 0.3 9.9076e-17
0 0.325 0
0.025 0.325 0.0668974
0.05 0.325 0.133382
0.075 0.325 0.199045
0.1 0.325 0.26348
0.125 0.325 0.326291
0.15 0.325 0.387091
0.175 0.325 0.445503
0.2 0.325 0.501169
0.225 0.325 0.553745
0.25 0.325 0.602908
0.275 0.325 0.648353
0.3 0.325 0.6898
0.325 0.325 0.726995
0.35 0.325 0.759708
0.375 0.325 0.787737
0.4 0.325 0.810909
0.425 0.325 0.829082
0.45 0.325 0.842143
0.475 0.325 0.850012
0.5 0.325 0.85264
0.525 0.325 0.850012
0.55 0.325 0.842143
0.575 0.325 0.829082
0.6 0.325 0.810909
0.625 0.325 0.787737
0.65 0.325 0.759708
0.675 0.325 0.726995
0.7 0.325 0.6898
0.725 0.325 0.648353
0.75 0.325 0.602908
0.775 0.325 0.553745
0.8 0.325 0.501169
0.825 0.325 0.445503
0.85 0.325 0.387091
0.875 0.325 0.326291
0.9 0.325 0.26348
0.925 0.325 0.199045
0.95 0.325 0.133382
0.975 0.325 0.0668974
1 0.325 1.04418e-16
0 0.35 0
0.025 0.35 0.0699076
0.05 0.35 0.139384
0.075 0.35 0.208001
0.1 0.35 0.275336
0.125 0.35 0.340973
0.15 0.35 0.404508
0.175 0.35 0.46555
0.2 0.35 0.52372
0.225 0.35 0.578662
0.25 0.35 0.630037
0.275 0.35 0.677527
0.3 0.35 0.720839
0.325 0.35 0.759708
0.35 0.35 0.793893
0.375 0.35 0.823183
0.4 0.35 0.847398
0.425 0.35 0.866388
0.45 0.35 0.880037
0.475 0.35 0.88826
0.5 0.35 0.891007
0.525 0.35 0.88826
0.55 0.35 0.880037
0.575 0.35 0.866388
0.6 0.35 0.847398
0.625 0.35 0.823183
0.65 0.35 0.793893
0.675 0.35 0.759708
0.7 0.35 0.720839
0.725 0.35 0.677527
0.75 0.35 0.630037
0.775 0.35 0.578662
0.8 0.35 0.52372
0.825 0.35 0.46555
0.85 0.35 0.404508
0.875 0.35 0.340973
0.9 0.35 0.275336
0.925 0.35 0.208001
0.95 0.35 0.139384
0.975 0.35 0.0699076
1 0.35 1.09117e-16
0 0.375 0
0.025 0.375 0.0724868
0.05 0.375 0.144527
0.075 0.375 0.215675
0.1 0.375 0.285494
0.125 0.375 0.353553
0.15 0.375 0.419433
0.175 0.375 0.482726
0.2 0.375 0.543043
0.225 0.375 0.600012
0.25 0.375 0.653281
0.275 0.375 0.702524
0.3 0.375 0.747434
0.325 0.375 0.787737
0.35 0.375 0.823183
0.375 0.375 0.853553
0.4 0.375 0.878662
0.425 0.375 0.898353
0.45 0.375 0.912505
0.475 0.375 0.921032
0.5 0.375 0.92388
0.525 0.375 0.921032
0.55 0.375 0.912505
0.575 0.375 0.898353
0.6 0.375 0.878662
0.625 0.375 0.853553
0.65 0.375 0.823183
0.675 0.375 0.787737
0.7 0.375 0.747434
0.725 0.375 0.702524
0.75 0.375 0.653281
0.775 0.375 0.600012
0.8 0.375 0.543043
0.825 0.375 0.482726
0.85 0.375 0.419433
0.875 0.375 0.353553
0.9 0.375 0.285494
0.925 0.375 0.215675
0.95 0.375 0.144527
0.975 0.375 0.0724868
1 0.375 1.13143e-16
0 0.4 0
0.025 0.4 0.074619
0.05 0.4 0.148778
0.075 0.4 0.22202
0.1 0.4 0.293893
0.125 0.4 0.363954
0.15 0.4 0.431771
0.175 0.4 0.496926
0.2 0.4 0.559017
0.225 0.4 0.617662
0.25 0.4 0.672499
0.275 0.4 0.723189
0.3 0.4 0.769421
0.325 0.4 0.810909
0.35 0.4 0.847398
0.375 0.4 0.878662
0.4 0.4 0.904508
0.425 0.4 0.924779
0.45 0.4 0.939347
0.475 0.4 0.948125
0.5 0.4 0.951057
0.525 0.4 0.948125
0.55 0.4 0.939347
0.575 0.4 0.924779
0.6 0.4 0.904508
0.625 0.4 0.878662
0.65 0.4 0.847398
0.675 0.4 0.810909
0.7 0.4 0.769421
0.725 0.4 0.723189
0.75 0.4 0.672499
0.775 0.4 0.617662
0.8 0.4 0.559017
0.825 0.4 0.496926
0.85 0.4 0.431771
0.875 0.4 0.363954
0.9 0.4 0.293893
0.925 0.4 0.22202
0.95 0.4 0.148778
0.975 0.4 0.074619
1 0.4 1.16471e-16
0 0.425 0
0.025 0.425 0.0762913
0.05 0.425 0.152112
0.075 0.425 0.226995
0.1 0.425 0.300479
0.125 0.425 0.37211
0.15 0.425 0.441447
0.175 0.425 0.508062
0.2 0.425 0.571545
0.225 0.425 0.631504
0.25 0.425 0.687569
0.275 0.425 0.739396
0.3 0.425 0.786664
0.325 0.425 0.829082
0.35 0.425 0.866388
0.375 0.425 0.898353
0.4 0.425 0.924779
0.425 0.425 0.945503
0.45 0.425 0.960398
0.475 0.425 0.969372
0.5 0.425 0.97237
0.525 0.425 0.969372
0.55 0.425 0.960398
0.575 0.425 0.945503
0.6 0.425 0.924779
0.625 0.425 0.898353
0.65 0.425 0.866388
0.675 0.425 0.829082
0.7 0.425 0.786664
0.725 0.425 0.739396
0.75 0.425 0.687569
0.775 0.425 0.631504
0.8 0.425 0.571545
0.825 0.425 0.508062
0.85 0.425 0.441447
0.875 0.425 0.37211
0.9 0.425 0.300479
0.925 0.425 0.226995
0.95 0.425 0.152112
0.975 0.425 0.0762913
1 0.425 1.19081e-16
0 0.45 0
0.025 0.45 0.0774931
0.05 0.45 0.154508
0.075 0.45 0.230571
0.1 0.45 0.305212
0.125 0.45 0.377972
0.15 0.45 0.448401
0.175 0.45 0.516066
0.2 0.45 0.580549
0.225 0.45 0.641452
0.25 0.45 0.698401
0.275 0.45 0.751044
0.3 0.45 0.799057
0.325 0.45 0.842143
0.35 0.45 0.880037
0.375 0.45 0.912505
0.4 0.45 0.939347
0.425 0.45 0.960398
0.45 0.45 0.975528
0.475 0.45 0.984644
0.5 0.45 0.987688
0.525 0.45 0.984644
0.55 0.45 0.975528
0.575 0.45 0.960398
0.6 0.45 0.939347
0.625 0.45 0.912505
0.65 0.45 0.880037
0.675 0.45 0.842143
0.7 0.45 0.799057
0.725 0.45 0.751044
0.75 0.45 0.698401
0.775 0.45 0.641452
0.8 0.45 0.580549
0.825 0.45 0.516066
0.85 0.45 0.448401
0.875 0.45 0.377972
0.9 0.45 0.305212
0.925 0.45 0.230571
0.95 0.45 0.154508
0.975 0.45 0.0774931
1 0.45 1.20957e-16
0 0.475 0
0.025 0.475 0.0782172
0.05 0.475 0.155952
0.075 0.475 0.232726
0.1 0.475 0.308064
0.125 0.475 0.381504
0.15 0.475 0.452591
0.175 0.475 0.520888
0.2 0.475 0.585973
0.225 0.475 0.647446
0.25 0.475 0.704927
0.275 0.475 0.758062
0.3 0.475 0.806523
0.325 0.475 0.850012
0.35 0.475 0.88826
0.375 0.475 0.921032
0.4 0.475 0.948125
0.425 0.475 0.969372
0.45 0.475 0.984644
0.475 0.475 0.993844
0.5 0.475 0.996917
0.525 0.475 0.993844
0.55 0.475 0.984644
0.575 0.475 0.969372
0.6 0.475 0.948125
0.625 0.475 0.921032
0.65 0.475 0.88826
0.675 0.475 0.850012
0.7 0.475 0.806523
0.725 0.475 0.758062
0.75 0.475 0.704927
0.775 0.475 0.647446
0.8 0.475 0.585973
0.825 0.475 0.520888
0.85 0.475 0.452591
0.875 0.475 0.381504
0.9 0.475 0.308064
0.925 0.475 0.232726
0.95 0.475 0.155952
0.975 0.475 0.0782172
1 0.475 1.22087e-16
0 0.5 0
0.025 0.5 0.0784591
0.05 0.5 0.156434
0.075 0.5 0.233445
0.1 0.5 0.309017
0.125 0.5 0.382683
0.15 0.5 0.45399
0.175 0.5 0.522499
0.2 0.5 0.587785
0.225 0.5 0.649448
0.25 0.5 0.707107
0.275 0.5 0.760406
0.3 0.5 0.809017
0.325 0.5 0.85264
0.35 0.5 0.891007
0.375 0.5 0.92388
0.4 0.5 0.951057
0.425 0.5 0.97237
0.45 0.5 0.987688
0.475 0.5 0.996917
0.5 0.5 1
0.525 0.5 0.996917
0.55 0.5 0.987688
0.575 0.5 0.97237
0.6 0.5 0.951057
0.625 0.5 0.92388
0.65 0.5 0.891007
0.675 0.5 0.85264
0.7 0.5 0.809017
0.725 0.5 0.760406
0.75 0.5 0.707107
0.775 0.5 0.649448
0.8 0.5 0.587785
0.825 0.5 0.522499
0.85 0.5 0.45399
0.875 0.5 0.382683
0.9 0.5 0.309017
0.925 0.5 0.233445
0.95 0.5 0.156434
0.975 0.5 0.0784591
1 0.5 1.22465e-16
0 0.525 0
0.025 0.525 0.0782172
0.05 0.525 0.155952
0.075 0.525 0.232726
0.1 0.525 0.308064
0.125 0.525 0.381504
0.15 0.525 0.452591
0.175 0.525 0.520888
0.2 0.525 0.585973
0.225 0.525 0.647446
0.25 0.525 0.704927
0.275 0.525 0.758062
0.3 0.525 0.806523
0.325 0.525 0.850012
0.35 0.525 0.88826
0.375 0.525 0.921032
0.4 0.525 0.948125
0.425 0.525 0.969372
0.45 0.525 0.984644
0.475 0.525 0.993844
0.5 0.525 0.996917
0.525 0.525 0.993844
0.55 0.525 0.984644
0.575 0.525 0.969372
0.6 0.525 0.948125
0.625 0.525 0.921032
0.65 0.525 0.88826
0.675 0.525 0.850012
0.7 0.525 0.806523
0.725 0.525 0.758062
0.75 0.525 0.704927
0.775 0.525 0.647446
0.8 0.525 0.585973
0.825 0.525 0.520888
0.85 0.525 0.452591
0.875 0.525 0.381504
0.9 0.525 0.308064
0.925 0.525 0.232726
0.95 0.525 0.155952
0.975 0.525 0.0782172
1 0.525 1.22087e-16
0 0.55 0
0.025 0.55 0.0774931
0.05 0.55 0.154508
0.075 0.55 0.230571
0.1 0.55 0.305212
0.125 0.55 0.377972
0.15 0.55 0.448401
0.175 0.55 0.516066
0.2 0.55 0.580549
0.225 0.55 0.641452
0.25 0.55 0.698401
0.275 0.55 0.751044
0.3 0.55 0.799057
0.325 0.55 0.842143
0.35 0.55 0.880037
0.375 0.55 0.912505
0.4 0.55 0.939347
0.425 0.55 0.960398
0.45 0.55 0.975528
0.475 0.55 0.984644
0.5 0.55 0.987688
0.525 0.55 0.984644
0.55 0.55 0.975528
0.575 0.55 0.960398
0.6 0.55 0.939347
0.625 0.55 0.912505
0.65 0.55 0.880037
0.675 0.55 0.842143
0.7 0.55 0.799057
0.725 0.55 0.751044
0.75 0.55 0.698401
0.775 0.55 0.641452
0.8 0.55 0.580549
0.825 0.55 0.516066
0.85 0.55 0.448401
0.875 0.55 0.377972
0.9 0.55 0.305212
0.925 0.55 0.230571
0.95 0.55 0.154508
0.975 0.55 0.0774931
1 0.55 1.20957e-16
0 0.575 0
0.025 0.575 0.0762913
0.05 0.575 0.152112
0.075 0.575 0.226995
0.1 0.575 0.300479
0.125 0.575 0.37211
0.15 0.575 0.441447
0.175 0.575 0.508062
0.2 0.575 0.571545
0.225 0.575 0.631504
0.25 0.575 0.687569
0.275 0.575 0.739396
0.3 0.575 0.786664
0.325 0.575 0.829082
0.35 0.575 0.866388
0.375 0.575 0.898353
0.4 0.575 0.924779
0.425 0.575 0.945503
0.45 0.575 0.960398
0.475 0.575 0.969372
0.5 0.575 0.97237
0.525 0.575 0.969372
0.55 0.575 0.960398
0.575 0.575 0.945503
0.6 0.575 0.924779
0.625 0.575 0.898353
0.65 0.575 0.866388
0.675 0.575 0.829082
0.7 0.575 0.786664
0.725 0.575 0.739396
0.75 0.575 0.687569
0.775 0.575 0.631504
0.8 0.575 0.571545
0.825 0.575 0.508062
0.85 0.575 0.441447
0.875 0.575 0.37211
0.9 0.575 0.300479
0.925 0.575 0.226995
0.95 0.575 0.152112
0.975 0.575 0.0762913
1 0.575 1.19081e-16
0 0.6 0
0.025 0.6 0.074619
0.05 0.6 0.148778
0.075 0.6 0.22202
0.1 0.6 0.293893
0.125 0.6 0.363954
0.15 0.6 0.431771
0.175 0.6 0.496926
0.2 0.6 0.559017
0.225 0.6 0.617662
0.25 0.6 0.672499
0.275 0.6 0.723189
0.3 0.6 0.769421
0.325 0.6 0.810909
0.35 0.6 0.847398
0.375 0.6 0.878662
0.4 0.6 0.904508
0.425 0.6 0.924779
0.45 0.6 0.939347
0.475 0.6 0.948125
0.5 0.6 0.951057
0.525 0.6 0.948125
0.55 0.6 0.939347
0.575 0.6 0.924779
0.6 0.6 0.904508
0.625 0.6 0.878662
0.65 0.6 0.847398
0.675 0.6 0.810909
0.7 0.6 0.769421
0.725 0.6 0.723189
0.75 0.6 0.672499
0.775 0.6 0.617662
0.8 0.6 0.559017
0.825 0.6 0.496926
0.85 0.6 0.431771
0.875 0.6 0.363954
0.9 0.6 0.293893
0.925 0.6 0.22202
0.95 0.6 0.148778
0.975 0.6 0.074619
1 0.6 1.16471e-16
0 0.625 0
0.025 0.625 0.0724868
0.05 0.625 0.144527
0.075 0.625 0.215675
0.1 0.625 0.285494
0.125 0.625 0.353553
0.15 0.625 0.419433
0.175 0.625 0.482726
0.2 0.625 0.543043
0.225 0.625 0.600012
0.25 0.625 0.653281
0.275 0.625 0.702524
0.3 0.625 0.747434
0.325 0.625 0.787737
0.35 0.625 0.823183
0.375 0.625 0.853553
0.4 0.625 0.878662
0.425 0.625 0.898353
0.45 0.625 0.912505
0.475 0.625 0.921032
0.5 0.625 0.92388
0.525 0.625 0.921032
0.55 0.625 0.912505
0.575 0.625 0.898353
0.6 0.625 0.878662
0.625 0.625 0.853553
0.65 0.625 0.823183
0.675 0.625 0.787737
0.7 0.625 0.747434
0.725 0.625 0.702524
0.75 0.625 0.653281
0.775 0.625 0.600012
0.8 0.625 0.543043
0.825 0.625 0.482726
0.85 0.625 0.419433
0.875 0.625 0.353553
0.9 0.625 0.285494
0.925 0.625 0.215675
0.95 0.625 0.144527
0.975 0.625 0.0724868
1 0.625 1.13143e-16
0 0.65 0
0.025 0.65 0.0699076
0.05 0.65 0.139384
0.075 0.65 0.208001
0.1 0.65 0.275336
0.125 0.65 0.340973
0.15 0.65 0.404508
0.175 0.65 0.46555
0.2 0.65 0.52372
0.225 0.65 0.578662
0.25 0.65 0.630037
0.275 0.65 0.677527
0.3 0.65 0.720839
0.325 0.65 0.759708
0.35 0.65 0.793893
0.375 0.65 0.823183
0.4 0.65 0.847398
0.425 0.65 0.866388
0.45 0.65 0.880037
0.475 0.65 0.88826
0.5 0.65 0.891007
0.525 0.65 0.88826
0.55 0.65 0.880037
0.575 0.65 0.866388
0.6 0.65 0.847398
0.625 0.65 0.823183
0.65 0.65 0.793893
0.675 0.65 0.759708
0.7 0.65 0.720839
0.725 0.65 0.677527
0.75 0.65 0.630037
0.775 0.65 0.578662
0.8 0.65 0.52372
0.825 0.65 0.46555
0.85 0.65 0.404508
0.875 0.65 0.340973
0.9 0.65 0.275336
0.925 0.65 0.208001
0.95 0.65 0.139384
0.975 0.65 0.0699076
1 0.65 1.09117e-16
0 0.675 0
0.025 0.675 0.0668974
0.05 0.675 0.133382
0.075 0.675 0.199045
0.1 0.675 0.26348
0.125 0.675 0.326291
0.15 0.675 0.387091
0.175 0.675 0.445503
0.2 0.675 0.501169
0.225 0.675 0.553745
0.25 0.675 0.602908
0.275 0.675 0.648353
0.3 0.675 0.6898
0.325 0.675 0.726995
0.35 0.675 0.759708
0.375 0.675 0.787737
0.4 0.675 0.810909
0.425 0.675 0.829082
0.45 0.675 0.842143
0.475 0.675 0.850012
0.5 0.675 0.85264
0.525 0.675 0.850012
0.55 0.675 0.842143
0.575 0.675 0.829082
0.6 0.675 0.810909
0.625 0.675 0.787737
0.65 0.675 0.759708
0.675 0.675 0.726995
0.7 0.675 0.6898
0.725 0.675 0.648353
0.75 0.675 0.602908
0.775 0.675 0.553745
0.8 0.675 0.501169
0.825 0.675 0.445503
0.85 0.675 0.387091
0.875 0.675 0.326291
0.9 0.675 0.26348
0.925 0.675 0.199045
0.95 0.675 0.133382
0.975 0.675 0.0668974
1 0.675 1.04418e-16
0 0.7 0
0.025 0.7 0.0634747
0.05 0.7 0.126558
0.075 0.7 0.188861
0.1 0.7 0.25
0.125 0.7 0.309597
0.15 0.7 0.367286
0.175 0.7 0.42271
0.2 0.7 0.475528
0.225 0.7 0.525415
0.25 0.7 0.572061
0.275 0.7 0.615181
0.3 0.7 0.654508
0.325 0.7 0.6898
0.35 0.7 0.720839
0.375 0.7 0.747434
0.4 0.7 0.769421
0.425 0.7 0.786664
0.45 0.7 0.799057
0.475 0.7 0.806523
0.5 0.7 0.809017
0.525 0.7 0.806523
0.55 0.7 0.799057
0.575 0.7 0.786664
0.6 0.7 0.769421
0.625 0.7 0.747434
0.65 0.7 0.720839
0.675 0.7 0.6898
0.7 0.7 0.654508
0.725 0.7 0.615181
0.75 0.7 0.572061
0.775 0.7 0.525415
0.8 0.7 0.475528
0.825 0.7 0.42271
0.85 0.7 0.367286
0.875 0.7 0.309597
0.9 0.7 0.25
0.925 0.7 0.188861
0.95 0.7 0.126558
0.975 0.7 0.0634747
1 0.7 9.9076e-17
0 0.725 0
0.025 0.725 0.0596608
0.05 0.725 0.118954
0.075 0.725 0.177513
0.1 0.725 0.234978
0.125 0.725 0.290995
0.15 0.725 0.345217
0.175 0.725 0.397311
0.2 0.725 0.446955
0.225 0.725 0.493844
0.25 0.725 0.537688
0.275 0.725 0.578217
0.3 0.725 0.615181
0.325 0.725 0.648353
0.35 0.725 0.677527
0.375 0.725 0.702524
0.4 0.725 0.723189
0.425 0.725 0.739396
0.45 0.725 0.751044
0.475 0.725 0.758062
0.5 0.725 0.760406
0.525 0.725 0.758062
0.55 0.725 0.751044
0.575 0.725 0.739396
0.6 0.725 0.723189
0.625 0.725 0.702524
0.65 0.725 0.677527
0.675 0.725 0.648353
0.7 0.725 0.615181
0.725 0.725 0.578217
0.75 0.725 0.537688
0.775 0.725 0.493844
0.8 0.725 0.446955
0.825 0.725 0.397311
0.85 0.725 0.345217
0.875 0.725 0.290995
0.9 0.725 0.234978
0.925 0.725 0.177513
0.95 0.725 0.118954
0.975 0.725 0.0596608
1 0.725 9.31229e-17
0 0.75 0
0.025 0.75 0.055479
0.05 0.75 0.110616
0.075 0.75 0.165071
0.1 0.75 0.218508
0.125 0.75 0.270598
0.15 0.75 0.32102
0.175 0.75 0.369462
0.2 0.75 0.415627
0.225 0.75 0.459229
0.25 0.75 0.5
0.275 0.75 0.537688
0.3 0.75 0.572061
0.325 0.75 0.602908
0.35 0.75 0.630037
0.375 0.75 0.653281
0.4 0.75 0.672499
0.425 0.75 0.687569
0.45 0.75 0.698401
0.475 0.75 0.704927
0.5 0.75 0.707107
0.525 0.75 0.704927
0.55 0.75 0.698401
0.575 0.75 0.687569
0.6 0.75 0.672499
0.625 0.75 0.653281
0.65 0.75 0.630037
0.675 0.75 0.602908
0.7 0.75 0.572061
0.725 0.75 0.537688
0.75 0.75 0.5
0.775 0.75 0.459229
0.8 0.75 0.415627
0.825 0.75 0.369462
0.85 0.75 0.32102
0.875 0.75 0.270598
0.9 0.75 0.218508
0.925 0.75 0.165071
0.95 0.75 0.110616
0.975 0.75 0.055479
1 0.75 8.65956e-17
0 0.775 0
0.025 0.775 0.0509551
0.05 0.775 0.101596
0.075 0.775 0.151611
0.1 0.775 0.20069
0.125 0.775 0.248533
0.15 0.775 0.294843
0.175 0.775 0.339336
0.2 0.775 0.381736
0.225 0.775 0.421783
0.25 0.775 0.459229
0.275 0.775 0.493844
0.3 0.775 0.525415
0.325 0.775 0.553745
0.35 0.775 0.578662
0.375 0.775 0.600012
0.4 0.775 0.617662
0.425 0.775 0.631504
0.45 0.775 0.641452
0.475 0.775 0.647446
0.5 0.775 0.649448
0.525 0.775 0.647446
0.55 0.775 0.641452
0.575 0.775 0.631504
0.6 0.775 0.617662
0.625 0.775 0.600012
0.65 0.775 0.578662
0.675 0.775 0.553745
0.7 0.775 0.525415
0.725 0.775 0.493844
0.75 0.775 0.459229
0.775 0.775 0.421783
0.8 0.775 0.381736
0.825 0.775 0.339336
0.85 0.775 0.294843
0.875 0.775 0.248533
0.9 0.775 0.20069
0.925 0.775 0.151611
0.95 0.775 0.101596
0.975 0.775 0.0509551
1 0.775 7.95344e-17
0 0.8 0
0.025 0.8 0.0461171
0.05 0.8 0.0919499
0.075 0.8 0.137216
0.1 0.8 0.181636
0.125 0.8 0.224936
0.15 0.8 0.266849
0.175 0.8 0.307117
0.2 0.8 0.345492
0.225 0.8 0.381736
0.25 0.8 0.415627
0.275 0.8 0.446955
0.3 0.8 0.475528
0.325 0.8 0.501169
0.35 0.8 0.52372
0.375 0.8 0.543043
0.4 0.8 0.559017
0.425 0.8 0.571545
0.45 0.8 0.580549
0.475 0.8 0.585973
0.5 0.8 0.587785
0.525 0.8 0.585973
0.55 0.8 0.580549
0.575 0.8 0.571545
0.6 0.8 0.559017
0.625 0.8 0.543043
0.65 0.8 0.52372
0.675 0.8 0.501169
0.7 0.8 0.475528
0.725 0.8 0.446955
0.75 0.8 0.415627
0.775 0.8 0.381736
0.8 0.8 0.345492
0.825 0.8 0.307117
0.85 0.8 0.266849
0.875 0.8 0.224936
0.9 0.8 0.181636
0.925 0.8 0.137216
0.95 0.8 0.0919499
0.975 0.8 0.0461171
1 0.8 7.19829e-17
0 0.825 0
0.025 0.825 0.0409948
0.05 0.825 0.0817368
0.075 0.825 0.121975
0.1 0.825 0.161461
0.125 0.825 0.199952
0.15 0.825 0.237209
0.175 0.825 0.273005
0.2 0.825 0.307117
0.225 0.825 0.339336
0.25 0.825 0.369462
0.275 0.825 0.397311
0.3 0.825 0.42271
0.325 0.825 0.445503
0.35 0.825 0.46555
0.375 0.825 0.482726
0.4 0.825 0.496926
0.425 0.825 0.508062
0.45 0.825 0.516066
0.475 0.825 0.520888
0.5 0.825 0.522499
0.525 0.825 0.520888
0.55 0.825 0.516066
0.575 0.825 0.508062
0.6 0.825 0.496926
0.625 0.825 0.482726
0.65 0.825 0.46555
0.675 0.825 0.445503
0.7 0.825 0.42271
0.725 0.825 0.397311
0.75 0.825 0.369462
0.775 0.825 0.339336
0.8 0.825 0.307117
0.825 0.825 0.273005
0.85 0.825 0.237209
0.875 0.825 0.199952
0.9 0.825 0.161461
0.925 0.825 0.121975
0.95 0.825 0.0817368
0.975 0.825 0.0409948
1 0.825 6.39876e-17
0 0.85 0
0.025 0.85 0.0356197
0.05 0.85 0.0710198
0.075 0.85 0.105982
0.1 0.85 0.140291
0.125 0.85 0.173735
0.15 0.85 0.206107
0.175 0.85 0.237209
0.2 0.85 0.266849
0.225 0.85 0.294843
0.25 0.85 0.32102
0.275 0.85 0.345217
0.3 0.85 0.367286
0.325 0.85 0.387091
0.35 0.85 0.404508
0.375 0.85 0.419433
0.4 0.85 0.431771
0.425 0.85 0.441447
0.45 0.85 0.448401
0.475 0.85 0.452591
0.5 0.85 0.45399
0.525 0.85 0.452591
0.55 0.85 0.448401
0.575 0.85 0.441447
0.6 0.85 0.431771
0.625 0.85 0.419433
0.65 0.85 0.404508
0.675 0.85 0.387091
0.7 0.85 0.367286
0.725 0.85 0.345217
0.75 0.85 0.32102
0.775 0.85 0.294843
0.8 0.85 0.266849
0.825 0.85 0.237209
0.85 0.85 0.206107
0.875 0.85 0.173735
0.9 0.85 0.140291
0.925 0.85 0.105982
0.95 0.85 0.0710198
0.975 0.85 0.0356197
1 0.85 5.55978e-17
0 0.875 0
0.025 0.875 0.030025
0.05 0.875 0.0598649
0.075 0.875 0.0893357
0.1 0.875 0.118256
0.125 0.875 0.146447
0.15 0.875 0.173735
0.175 0.875 0.199952
0.2 0.875 0.224936
0.225 0.875 0.248533
0.25 0.875 0.270598
0.275 0.875 0.290995
0.3 0.875 0.309597
0.325 0.875 0.326291
0.35 0.875 0.340973
0.375 0.875 0.353553
0.4 0.875 0.363954
0.425 0.875 0.37211
0.45 0.875 0.377972
0.475 0.875 0.381504
0.5 0.875 0.382683
0.525 0.875 0.381504
0.55 0.875 0.377972
0.575 0.875 0.37211
0.6 0.875 0.363954
0.625 0.875 0.353553
0.65 0.875 0.340973
0.675 0.875 0.326291
0.7 0.875 0.309597
0.725 0.875 0.290995
0.75 0.875 0.270598
0.775 0.875 0.248533
0.8 0.875 0.224936
0.825 0.875 0.199952
0.85 0.875 0.173735
0.875 0.875 0.146447
0.9 0.875 0.118256
0.925 0.875 0.0893357
0.95 0.875 0.0598649
0.975 0.875 0.030025
1 0.875 4.68652e-17
0 0.9 0
0.025 0.9 0.0242452
0.05 0.9 0.0483409
0.075 0.9 0.0721386
0.1 0.9 0.0954915
0.125 0.9 0.118256
0.15 0.9 0.140291
0.175 0.9 0.161461
0.2 0.9 0.181636
0.225 0.9 0.20069
0.25 0.9 0.218508
0.275 0.9 0.234978
0.3 0.9 0.25
0.325 0.9 0.26348
0.35 0.9 0.275336
0.375 0.9 0.285494
0.4 0.9 0.293893
0.425 0.9 0.300479
0.45 0.9 0.305212
0.475 0.9 0.308064
0.5 0.9 0.309017
0.525 0.9 0.308064
0.55 0.9 0.305212
0.575 0.9 0.300479
0.6 0.9 0.293893
0.625 0.9 0.285494
0.65 0.9 0.275336
0.675 0.9 0.26348
0.7 0.9 0.25
0.725 0.9 0.234978
0.75 0.9 0.218508
0.775 0.9 0.20069
0.8 0.9 0.181636
0.825 0.9 0.161461
0.85 0.9 0.140291
0.875 0.9 0.118256
0.9 0.9 0.0954915
0.925 0.9 0.0721386
0.95 0.9 0.0483409
0.975 0.9 0.0242452
1 0.9 3.78437e-17
0 0.925 0
0.025 0.925 0.0183159
0.05 0.925 0.0365189
0.075 0.925 0.0544967
0.1 0.925 0.0721386
0.125 0.925 0.0893357
0.15 0.925 0.105982
0.175 0.925 0.121975
0.2 0.925 0.137216
0.225 0.925 0.151611
0.25 0.925 0.165071
0.275 0.925 0.177513
0.3 0.925 0.188861
0.325 0.925 0.199045
0.35 0.925 0.208001
0.375 0.925 0.215675
0.4 0.925 0.22202
0.425 0.925 0.226995
0.45 0.925 0.230571
0.475 0.925 0.232726
0.5 0.925 0.233445
0.525 0.925 0.232726
0.55 0.925 0.230571
0.575 0.925 0.226995
0.6 0.925 0.22202
0.625 0.925 0.215675
0.65 0.925 0.208001
0.675 0.925 0.199045
0.7 0.925 0.188861
0.725 0.925 0.177513
0.75 0.925 0.165071
0.775 0.925 0.151611
0.8 0.925 0.137216
0.825 0.925 0.121975
0.85 0.925 0.105982
0.875 0.925 0.0893357
0.9 0.925 0.0721386
0.925 0.925 0.0544967
0.95 0.925 0.0365189
0.975 0.925 0.0183159
1 0.925 2.85888e-17
0 0.95 0
0.025 0.95 0.0122737
0.05 0.95 0.0244717
0.075 0.95 0.0365189
0.1 0.95 0.0483409
0.125 0.95 0.0598649
0.15 0.95 0.0710198
0.175 0.95 0.0817368
0.2 0.95 0.0919499
0.225 0.95 0.101596
0.25 0.95 0.110616
0.275 0.95 0.118954
0.3 0.95 0.126558
0.325 0.95 0.133382
0.35 0.95 0.139384
0.375 0.95 0.144527
0.4 0.95 0.148778
0.425 0.95 0.152112
0.45 0.95 0.154508
0.475 0.95 0.155952
0.5 0.95 0.156434
0.525 0.95 0.155952
0.55 0.95 0.154508
0.575 0.95 0.152112
0.6 0.95 0.148778
0.625 0.95 0.144527
0.65 0.95 0.139384
0.675 0.95 0.133382
0.7 0.95 0.126558
0.725 0.95 0.118954
0.75 0.95 0.110616
0.775 0.95 0.101596
0.8 0.95 0.0919499
0.825 0.95 0.0817368
0.85 0.95 0.0710198
0.875 0.95 0.0598649
0.9 0.95 0.0483409
0.925 0.95 0.0365189
0.95 0.95 0.0244717
0.975 0.95 0.0122737
1 0.95 1.91577e-17
0 0.975 0
0.025 0.975 0.00615583
0.05 0.975 0.0122737
0.075 0.975 0.0183159
0.1 0.975 0.0242452
0.125 0.975 0.030025
0.15 0.975 0.0356197
0.175 0.975 0.0409948
0.2 0.975 0.0461171
0.225 0.975 0.0509551
0.25 0.975 0.055479
0.275 0.975 0.0596608
0.3 0.975 0.0634747
0.325 0.975 0.0668974
0.35 0.975 0.0699076
0.375 0.975 0.0724868
0.4 0.975 0.074619
0.425 0.975 0.0762913
0.45 0.975 0.0774931
0.475 0.975 0.0782172
0.5 0.975 0.0784591
0.525 0.975 0.0782172
0.55 0.975 0.0774931
0.575 0.975 0.0762913
0.6 0.975 0.074619
0.625 0.975 0.0724868
0.65 0.975 0.0699076
0.675 0.975 0.0668974
0.7 0.975 0.0634747
0.725 0.975 0.0596608
0.75 0.975 0.055479
0.775 0.975 0.0509551
0.8 0.975 0.0461171
0.825 0.975 0.0409948
0.85 0.975 0.0356197
0.875 0.975 0.030025
0.9 0.975 0.0242452
0.925 0.975 0.0183159
0.95 0.975 0.0122737
0.975 0.975 0.00615583
1 0.975 9.60847e-18
0 1 0
0.025 1 9.60847e-18
0.05 1 1.91577e-17
0.075 1 2.85888e-17
0.1 1 3.78437e-17
0.125 1 4.68652e-17
0.15 1 5.55978e-17
0.175 1 6.39876e-17
0.2 1 7.19829e-17
0.225 1 7.95344e-17
0.25 1 8.65956e-17
0.275 1 9.31229e-17
0.3 1 9.9076e-17
0.325 1 1.04418e-16
0.35 1 1.09117e-16
0.375 1 1.13143e-16
0.4 1 1.16471e-16
0.425 1 1.19081e-16
0.45 1 1.20957e-16
0.475 1 1.22087e-16
0.5 1 1.22465e-16
0.525 1 1.22087e-16
0.55 1 1.20957e-16
0.575 1 1.19081e-16
0.6 1 1.16471e-16
0.625 1 1.13143e-16
0.65 1 1.09117e-16
0.675 1 1.04418e-16
0.7 1 9.9076e-17
0.725 1 9.31229e-17
0.75 1 8.65956e-17
0.775 1 7.95344e-17
0.8 1 7.19829e-17
0.825 1 6.39876e-17
0.85 1 5.55978e-17
0.875 1 4.68652e-17
0.9 1 3.78437e-17
0.925 1 2.85888e-17
0.95 1 1.91577e-17
0.975 1 9.60847e-18
1 1 1.49976e-32
