x v
0 0
0.00025 0.00444288
0.0005 0.00888571
0.00075 0.0133285
0.001 0.0177711
0.00125 0.0222135
0.0015 0.0266557
0.00175 0.0310977
0.002 0.0355393
0.00225 0.0399806
0.0025 0.0444215
0.00275 0.048862
0.003 0.053302
0.00325 0.0577414
0.0035 0.0621803
0.00375 0.0666186
0.004 0.0710562
0.00425 0.0754931
0.0045 0.0799293
0.00475 0.0843647
0.005 0.0887992
0.00525 0.0932329
0.0055 0.0976656
0.00575 0.102097
0.006 0.106528
0.00625 0.110958
0.0065 0.115387
0.00675 0.119814
0.007 0.12424
0.00725 0.128665
0.0075 0.133089
0.00775 0.137512
0.008 0.141933
0.00825 0.146353
0.0085 0.150771
0.00875 0.155188
0.009 0.159603
0.00925 0.164017
0.0095 0.168429
0.00975 0.172839
0.01 0.177248
0.01025 0.181655
0.0105 0.18606
0.01075 0.190463
0.011 0.194865
0.01125 0.199264
0.0115 0.203662
0.01175 0.208058
0.012 0.212451
0.01225 0.216842
0.0125 0.221232
0.01275 0.225619
0.013 0.230004
0.01325 0.234386
0.0135 0.238767
0.01375 0.243144
0.014 0.24752
0.01425 0.251893
0.0145 0.256264
0.01475 0.260632
0.015 0.264997
0.01525 0.26936
0.0155 0.27372
0.01575 0.278078
0.016 0.282433
0.01625 0.286785
0.0165 0.291134
0.01675 0.29548
0.017 0.299823
0.01725 0.304164
0.0175 0.308501
0.01775 0.312835
0.018 0.317167
0.01825 0.321495
0.0185 0.32582
0.01875 0.330142
0.019 0.33446
0.01925 0.338775
0.0195 0.343087
0.01975 0.347396
0.02 0.351701
0.02025 0.356002
0.0205 0.3603
0.02075 0.364595
0.021 0.368886
0.02125 0.373173
0.0215 0.377456
0.02175 0.381736
0.022 0.386012
0.02225 0.390285
0.0225 0.394553
0.02275 0.398818
0.023 0.403078
0.02325 0.407335
0.0235 0.411587
0.02375 0.415836
0.024 0.42008
0.02425 0.424321
0.0245 0.428557
0.02475 0.432788
0.025 0.437016
0.02525 0.441239
0.0255 0.445458
0.02575 0.449673
0.026 0.453883
0.02625 0.458088
0.0265 0.462289
0.02675 0.466486
0.027 0.470678
0.02725 0.474865
0.0275 0.479048
0.02775 0.483226
0.028 0.487399
0.02825 0.491567
0.0285 0.49573
0.02875 0.499889
0.029 0.504043
0.02925 0.508191
0.0295 0.512335
0.02975 0.516473
0.03 0.520607
0.03025 0.524735
0.0305 0.528858
0.03075 0.532976
0.031 0.537089
0.03125 0.541196
0.0315 0.545298
0.03175 0.549395
0.032 0.553486
0.03225 0.557572
0.0325 0.561652
0.03275 0.565727
0.033 0.569796
0.03325 0.573859
0.0335 0.577917
0.03375 0.581969
0.034 0.586016
0.03425 0.590056
0.0345 0.594091
0.03475 0.59812
0.035 0.602143
0.03525 0.60616
0.0355 0.610171
0.03575 0.614176
0.036 0.618175
0.03625 0.622168
0.0365 0.626155
0.03675 0.630135
0.037 0.63411
0.03725 0.638078
0.0375 0.64204
0.03775 0.645995
0.038 0.649944
0.03825 0.653887
0.0385 0.657823
0.03875 0.661753
0.039 0.665676
0.03925 0.669593
0.0395 0.673503
0.03975 0.677406
0.04 0.681303
0.04025 0.685193
0.0405 0.689076
0.04075 0.692952
0.041 0.696822
0.04125 0.700684
0.0415 0.70454
0.04175 0.708389
0.042 0.712231
0.04225 0.716066
0.0425 0.719893
0.04275 0.723714
0.043 0.727527
0.04325 0.731334
0.0435 0.735133
0.04375 0.738925
0.044 0.742709
0.04425 0.746486
0.0445 0.750256
0.04475 0.754019
0.045 0.757774
0.04525 0.761521
0.0455 0.765261
0.04575 0.768993
0.046 0.772718
0.04625 0.776436
0.0465 0.780145
0.04675 0.783847
0.047 0.787541
0.04725 0.791227
0.0475 0.794906
0.04775 0.798577
0.048 0.802239
0.04825 0.805894
0.0485 0.809541
0.04875 0.81318
0.049 0.816811
0.04925 0.820434
0.0495 0.824049
0.04975 0.827655
0.05 0.831254
0.05025 0.834844
0.0505 0.838426
0.05075 0.842
0.051 0.845565
0.05125 0.849122
0.0515 0.852671
0.05175 0.856211
0.052 0.859743
0.05225 0.863267
0.0525 0.866781
0.05275 0.870288
0.053 0.873785
0.05325 0.877275
0.0535 0.880755
0.05375 0.884227
0.054 0.88769
0.05425 0.891144
0.0545 0.894589
0.05475 0.898026
0.055 0.901454
0.05525 0.904872
0.0555 0.908282
0.05575 0.911683
0.056 0.915075
0.05625 0.918458
0.0565 0.921832
0.05675 0.925197
0.057 0.928552
0.05725 0.931899
0.0575 0.935236
0.05775 0.938564
0.058 0.941883
0.05825 0.945192
0.0585 0.948493
0.05875 0.951783
0.059 0.955065
0.05925 0.958337
0.0595 0.961599
0.05975 0.964852
0.06 0.968096
0.06025 0.97133
0.0605 0.974554
0.06075 0.977769
0.061 0.980974
0.06125 0.984169
0.0615 0.987355
0.06175 0.990531
0.062 0.993697
0.06225 0.996853
0.0625 1
0.06275 1.00314
0.063 1.00626
0.06325 1.00938
0.0635 1.01249
0.06375 1.01558
0.064 1.01867
0.06425 1.02175
0.0645 1.02481
0.06475 1.02787
0.065 1.03092
0.06525 1.03395
0.0655 1.03698
0.06575 1.04
0.066 1.043
0.06625 1.046
0.0665 1.04898
0.06675 1.05196
0.067 1.05492
0.06725 1.05787
0.0675 1.06082
0.06775 1.06375
0.068 1.06667
0.06825 1.06958
0.0685 1.07249
0.06875 1.07538
0.069 1.07826
0.06925 1.08113
0.0695 1.08398
0.06975 1.08683
0.07 1.08967
0.07025 1.0925
0.0705 1.09531
0.07075 1.09812
0.071 1.10091
0.07125 1.1037
0.0715 1.10647
0.07175 1.10923
0.072 1.11198
0.07225 1.11472
0.0725 1.11745
0.07275 1.12017
0.073 1.12287
0.07325 1.12557
0.0735 1.12825
0.07375 1.13092
0.074 1.13359
0.07425 1.13624
0.0745 1.13888
0.07475 1.14151
0.075 1.14412
0.07525 1.14673
0.0755 1.14932
0.07575 1.15191
0.076 1.15448
0.07625 1.15704
0.0765 1.15959
0.07675 1.16212
0.077 1.16465
0.07725 1.16717
0.0775 1.16967
0.07775 1.17216
0.078 1.17464
0.07825 1.17711
0.0785 1.17957
0.07875 1.18201
0.079 1.18444
0.07925 1.18687
0.0795 1.18928
0.07975 1.19167
0.08 1.19406
0.08025 1.19643
0.0805 1.1988
0.08075 1.20115
0.081 1.20349
0.08125 1.20582
0.0815 1.20813
0.08175 1.21043
0.082 1.21273
0.08225 1.21501
0.0825 1.21727
0.08275 1.21953
0.083 1.22177
0.08325 1.224
0.0835 1.22622
0.08375 1.22843
0.084 1.23063
0.08425 1.23281
0.0845 1.23498
0.08475 1.23714
0.085 1.23928
0.08525 1.24142
0.0855 1.24354
0.08575 1.24565
0.086 1.24775
0.08625 1.24983
0.0865 1.25191
0.08675 1.25397
0.087 1.25601
0.08725 1.25805
0.0875 1.26007
0.08775 1.26208
0.088 1.26408
0.08825 1.26607
0.0885 1.26804
0.08875 1.27
0.089 1.27195
0.08925 1.27389
0.0895 1.27581
0.08975 1.27772
0.09 1.27962
0.09025 1.2815
0.0905 1.28338
0.09075 1.28524
0.091 1.28708
0.09125 1.28892
0.0915 1.29074
0.09175 1.29255
0.092 1.29435
0.09225 1.29613
0.0925 1.2979
0.09275 1.29966
0.093 1.3014
0.09325 1.30314
0.0935 1.30486
0.09375 1.30656
0.094 1.30826
0.09425 1.30994
0.0945 1.31161
0.09475 1.31326
0.095 1.3149
0.09525 1.31653
0.0955 1.31815
0.09575 1.31975
0.096 1.32134
0.09625 1.32292
0.0965 1.32448
0.09675 1.32603
0.097 1.32757
0.09725 1.32909
0.0975 1.33061
0.09775 1.3321
0.098 1.33359
0.09825 1.33506
0.0985 1.33652
0.09875 1.33797
0.099 1.3394
0.09925 1.34082
0.0995 1.34222
0.09975 1.34362
0.1 1.345
0.10025 1.34636
0.1005 1.34772
0.10075 1.34906
0.101 1.35038
0.10125 1.3517
0.1015 1.353
0.10175 1.35428
0.102 1.35555
0.10225 1.35681
0.1025 1.35806
0.10275 1.35929
0.103 1.36051
0.10325 1.36172
0.1035 1.36291
0.10375 1.36409
0.104 1.36526
0.10425 1.36641
0.1045 1.36755
0.10475 1.36867
0.105 1.36978
0.10525 1.37088
0.1055 1.37197
0.10575 1.37304
0.106 1.37409
0.10625 1.37514
0.1065 1.37617
0.10675 1.37719
0.107 1.37819
0.10725 1.37918
0.1075 1.38015
0.10775 1.38112
0.108 1.38207
0.10825 1.383
0.1085 1.38392
0.10875 1.38483
0.109 1.38572
0.10925 1.3866
0.1095 1.38747
0.10975 1.38832
0.11 1.38916
0.11025 1.38999
0.1105 1.3908
0.11075 1.3916
0.111 1.39238
0.11125 1.39315
0.1115 1.39391
0.11175 1.39466
0.112 1.39538
0.11225 1.3961
0.1125 1.3968
0.11275 1.39749
0.113 1.39816
0.11325 1.39883
0.1135 1.39947
0.11375 1.4001
0.114 1.40072
0.11425 1.40133
0.1145 1.40192
0.11475 1.4025
0.115 1.40306
0.11525 1.40361
0.1155 1.40415
0.11575 1.40467
0.116 1.40518
0.11625 1.40567
0.1165 1.40615
0.11675 1.40662
0.117 1.40707
0.11725 1.40751
0.1175 1.40794
0.11775 1.40835
0.118 1.40875
0.11825 1.40913
0.1185 1.4095
0.11875 1.40985
0.119 1.4102
0.11925 1.41052
0.1195 1.41084
0.11975 1.41114
0.12 1.41142
0.12025 1.41169
0.1205 1.41195
0.12075 1.4122
0.121 1.41243
0.12125 1.41264
0.1215 1.41285
0.12175 1.41303
0.122 1.41321
0.12225 1.41337
0.1225 1.41352
0.12275 1.41365
0.123 1.41377
0.12325 1.41387
0.1235 1.41396
0.12375 1.41404
0.124 1.4141
0.12425 1.41415
0.1245 1.41419
0.12475 1.41421
0.125 1.41421
0.12525 1.41421
0.1255 1.41419
0.12575 1.41415
0.126 1.4141
0.12625 1.41404
0.1265 1.41396
0.12675 1.41387
0.127 1.41377
0.12725 1.41365
0.1275 1.41352
0.12775 1.41337
0.128 1.41321
0.12825 1.41303
0.1285 1.41285
0.12875 1.41264
0.129 1.41243
0.12925 1.4122
0.1295 1.41195
0.12975 1.41169
0.13 1.41142
0.13025 1.41114
0.1305 1.41084
0.13075 1.41052
0.131 1.4102
0.13125 1.40985
0.1315 1.4095
0.13175 1.40913
0.132 1.40875
0.13225 1.40835
0.1325 1.40794
0.13275 1.40751
0.133 1.40707
0.13325 1.40662
0.1335 1.40615
0.13375 1.40567
0.134 1.40518
0.13425 1.40467
0.1345 1.40415
0.13475 1.40361
0.135 1.40306
0.13525 1.4025
0.1355 1.40192
0.13575 1.40133
0.136 1.40072
0.13625 1.4001
0.1365 1.39947
0.13675 1.39883
0.137 1.39816
0.13725 1.39749
0.1375 1.3968
0.13775 1.3961
0.138 1.39538
0.13825 1.39466
0.1385 1.39391
0.13875 1.39315
0.139 1.39238
0.13925 1.3916
0.1395 1.3908
0.13975 1.38999
0.14 1.38916
0.14025 1.38832
0.1405 1.38747
0.14075 1.3866
0.141 1.38572
0.14125 1.38483
0.1415 1.38392
0.14175 1.383
0.142 1.38207
0.14225 1.38112
0.1425 1.38015
0.14275 1.37918
0.143 1.37819
0.14325 1.37719
0.1435 1.37617
0.14375 1.37514
0.144 1.37409
0.14425 1.37304
0.1445 1.37197
0.14475 1.37088
0.145 1.36978
0.14525 1.36867
0.1455 1.36755
0.14575 1.36641
0.146 1.36526
0.14625 1.36409
0.1465 1.36291
0.14675 1.36172
0.147 1.36051
0.14725 1.35929
0.1475 1.35806
0.14775 1.35681
0.148 1.35555
0.14825 1.35428
0.1485 1.353
0.14875 1.3517
0.149 1.35038
0.14925 1.34906
0.1495 1.34772
0.14975 1.34636
0.15 1.345
0.15025 1.34362
0.1505 1.34222
0.15075 1.34082
0.151 1.3394
0.15125 1.33797
0.1515 1.33652
0.15175 1.33506
0.152 1.33359
0.15225 1.3321
0.1525 1.33061
0.15275 1.32909
0.153 1.32757
0.15325 1.32603
0.1535 1.32448
0.15375 1.32292
0.154 1.32134
0.15425 1.31975
0.1545 1.31815
0.15475 1.31653
0.155 1.3149
0.15525 1.31326
0.1555 1.31161
0.15575 1.30994
0.156 1.30826
0.15625 1.30656
0.1565 1.30486
0.15675 1.30314
0.157 1.3014
0.15725 1.29966
0.1575 1.2979
0.15775 1.29613
0.158 1.29435
0.15825 1.29255
0.1585 1.29074
0.15875 1.28892
0.159 1.28708
0.15925 1.28524
0.1595 1.28338
0.15975 1.2815
0.16 1.27962
0.16025 1.27772
0.1605 1.27581
0.16075 1.27389
0.161 1.27195
0.16125 1.27
0.1615 1.26804
0.16175 1.26607
0.162 1.26408
0.16225 1.26208
0.1625 1.26007
0.16275 1.25805
0.163 1.25601
0.16325 1.25397
0.1635 1.25191
0.16375 1.24983
0.164 1.24775
0.16425 1.24565
0.1645 1.24354
0.16475 1.24142
0.165 1.23928
0.16525 1.23714
0.1655 1.23498
0.16575 1.23281
0.166 1.23063
0.16625 1.22843
0.1665 1.22622
0.16675 1.224
0.167 1.22177
0.16725 1.21953
0.1675 1.21727
0.16775 1.21501
0.168 1.21273
0.16825 1.21043
0.1685 1.20813
0.16875 1.20582
0.169 1.20349
0.16925 1.20115
0.1695 1.1988
0.16975 1.19643
0.17 1.19406
0.17025 1.19167
0.1705 1.18928
0.17075 1.18687
0.171 1.18444
0.17125 1.18201
0.1715 1.17957
0.17175 1.17711
0.172 1.17464
0.17225 1.17216
0.1725 1.16967
0.17275 1.16717
0.173 1.16465
0.17325 1.16212
0.1735 1.15959
0.17375 1.15704
0.174 1.15448
0.17425 1.15191
0.1745 1.14932
0.17475 1.14673
0.175 1.14412
0.17525 1.14151
0.1755 1.13888
0.17575 1.13624
0.176 1.13359
0.17625 1.13092
0.1765 1.12825
0.17675 1.12557
0.177 1.12287
0.17725 1.12017
0.1775 1.11745
0.17775 1.11472
0.178 1.11198
0.17825 1.10923
0.1785 1.10647
0.17875 1.1037
0.179 1.10091
0.17925 1.09812
0.1795 1.09531
0.17975 1.0925
0.18 1.08967
0.18025 1.08683
0.1805 1.08398
0.18075 1.08113
0.181 1.07826
0.18125 1.07538
0.1815 1.07249
0.18175 1.06958
0.182 1.06667
0.18225 1.06375
0.1825 1.06082
0.18275 1.05787
0.183 1.05492
0.18325 1.05196
0.1835 1.04898
0.18375 1.046
0.184 1.043
0.18425 1.04
0.1845 1.03698
0.18475 1.03395
0.185 1.03092
0.18525 1.02787
0.1855 1.02481
0.18575 1.02175
0.186 1.01867
0.18625 1.01558
0.1865 1.01249
0.18675 1.00938
0.187 1.00626
0.18725 1.00314
0.1875 1
0.18775 0.996853
0.188 0.993697
0.18825 0.990531
0.1885 0.987355
0.18875 0.984169
0.189 0.980974
0.18925 0.977769
0.1895 0.974554
0.18975 0.97133
0.19 0.968096
0.19025 0.964852
0.1905 0.961599
0.19075 0.958337
0.191 0.955065
0.19125 0.951783
0.1915 0.948493
0.19175 0.945192
0.192 0.941883
0.19225 0.938564
0.1925 0.935236
0.19275 0.931899
0.193 0.928552
0.19325 0.925197
0.1935 0.921832
0.19375 0.918458
0.194 0.915075
0.19425 0.911683
0.1945 0.908282
0.19475 0.904872
0.195 0.901454
0.19525 0.898026
0.1955 0.894589
0.19575 0.891144
0.196 0.88769
0.19625 0.884227
0.1965 0.880755
0.19675 0.877275
0.197 0.873785
0.19725 0.870288
0.1975 0.866781
0.19775 0.863267
0.198 0.859743
0.19825 0.856211
0.1985 0.852671
0.19875 0.849122
0.199 0.845565
0.19925 0.842
0.1995 0.838426
0.19975 0.834844
0.2 0.831254
0.20025 0.827655
0.2005 0.824049
0.20075 0.820434
0.201 0.816811
0.20125 0.81318
0.2015 0.809541
0.20175 0.805894
0.202 0.802239
0.20225 0.798577
0.2025 0.794906
0.20275 0.791227
0.203 0.787541
0.20325 0.783847
0.2035 0.780145
0.20375 0.776436
0.204 0.772718
0.20425 0.768993
0.2045 0.765261
0.20475 0.761521
0.205 0.757774
0.20525 0.754019
0.2055 0.750256
0.20575 0.746486
0.206 0.742709
0.20625 0.738925
0.2065 0.735133
0.20675 0.731334
0.207 0.727527
0.20725 0.723714
0.2075 0.719893
0.20775 0.716066
0.208 0.712231
0.20825 0.708389
0.2085 0.70454
0.20875 0.700684
0.209 0.696822
0.20925 0.692952
0.2095 0.689076
0.20975 0.685193
0.21 0.681303
0.21025 0.677406
0.2105 0.673503
0.21075 0.669593
0.211 0.665676
0.21125 0.661753
0.2115 0.657823
0.21175 0.653887
0.212 0.649944
0.21225 0.645995
0.2125 0.64204
0.21275 0.638078
0.213 0.63411
0.21325 0.630135
0.2135 0.626155
0.21375 0.622168
0.214 0.618175
0.21425 0.614176
0.2145 0.610171
0.21475 0.60616
0.215 0.602143
0.21525 0.59812
0.2155 0.594091
0.21575 0.590056
0.216 0.586016
0.21625 0.581969
0.2165 0.577917
0.21675 0.573859
0.217 0.569796
0.21725 0.565727
0.2175 0.561652
0.21775 0.557572
0.218 0.553486
0.21825 0.549395
0.2185 0.545298
0.21875 0.541196
0.219 0.537089
0.21925 0.532976
0.2195 0.528858
0.21975 0.524735
0.22 0.520607
0.22025 0.516473
0.2205 0.512335
0.22075 0.508191
0.221 0.504043
0.22125 0.499889
0.2215 0.49573
0.22175 0.491567
0.222 0.487399
0.22225 0.483226
0.2225 0.479048
0.22275 0.474865
0.223 0.470678
0.22325 0.466486
0.2235 0.462289
0.22375 0.458088
0.224 0.453883
0.22425 0.449673
0.2245 0.445458
0.22475 0.441239
0.225 0.437016
0.22525 0.432788
0.2255 0.428557
0.22575 0.424321
0.226 0.42008
0.22625 0.415836
0.2265 0.411587
0.22675 0.407335
0.227 0.403078
0.22725 0.398818
0.2275 0.394553
0.22775 0.390285
0.228 0.386012
0.22825 0.381736
0.2285 0.377456
0.22875 0.373173
0.229 0.368886
0.22925 0.364595
0.2295 0.3603
0.22975 0.356002
0.23 0.351701
0.23025 0.347396
0.2305 0.343087
0.23075 0.338775
0.231 0.33446
0.23125 0.330142
0.2315 0.32582
0.23175 0.321495
0.232 0.317167
0.23225 0.312835
0.2325 0.308501
0.23275 0.304164
0.233 0.299823
0.23325 0.29548
0.2335 0.291134
0.23375 0.286785
0.234 0.282433
0.23425 0.278078
0.2345 0.27372
0.23475 0.26936
0.235 0.264997
0.23525 0.260632
0.2355 0.256264
0.23575 0.251893
0.236 0.24752
0.23625 0.243144
0.2365 0.238767
0.23675 0.234386
0.237 0.230004
0.23725 0.225619
0.2375 0.221232
0.23775 0.216842
0.238 0.212451
0.23825 0.208058
0.2385 0.203662
0.23875 0.199264
0.239 0.194865
0.23925 0.190463
0.2395 0.18606
0.23975 0.181655
0.24 0.177248
0.24025 0.172839
0.2405 0.168429
0.24075 0.164017
0.241 0.159603
0.24125 0.155188
0.2415 0.150771
0.24175 0.146353
0.242 0.141933
0.24225 0.137512
0.2425 0.133089
0.24275 0.128665
0.243 0.12424
0.24325 0.119814
0.2435 0.115387
0.24375 0.110958
0.244 0.106528
0.24425 0.102097
0.2445 0.0976656
0.24475 0.0932329
0.245 0.0887992
0.24525 0.0843647
0.2455 0.0799293
0.24575 0.0754931
0.246 0.0710562
0.24625 0.0666186
0.2465 0.0621803
0.24675 0.0577414
0.247 0.053302
0.24725 0.048862
0.2475 0.0444215
0.24775 0.0399806
0.248 0.0355393
0.24825 0.0310977
0.2485 0.0266557
0.24875 0.0222135
0.249 0.0177711
0.24925 0.0133285
0.2495 0.00888571
0.24975 0.00444288
0.25 1.73191e-16
0.25025 -0.00444288
0.2505 -0.00888571
0.25075 -0.0133285
0.251 -0.0177711
0.25125 -0.0222135
0.2515 -0.0266557
0.25175 -0.0310977
0.252 -0.0355393
0.25225 -0.0399806
0.2525 -0.0444215
0.25275 -0.048862
0.253 -0.053302
0.25325 -0.0577414
0.2535 -0.0621803
0.25375 -0.0666186
0.254 -0.0710562
0.25425 -0.0754931
0.2545 -0.0799293
0.25475 -0.0843647
0.255 -0.0887992
0.25525 -0.0932329
0.2555 -0.0976656
0.25575 -0.102097
0.256 -0.106528
0.25625 -0.110958
0.2565 -0.115387
0.25675 -0.119814
0.257 -0.12424
0.25725 -0.128665
0.2575 -0.133089
0.25775 -0.137512
0.258 -0.141933
0.25825 -0.146353
0.2585 -0.150771
0.25875 -0.155188
0.259 -0.159603
0.25925 -0.164017
0.2595 -0.168429
0.25975 -0.172839
0.26 -0.177248
0.26025 -0.181655
0.2605 -0.18606
0.26075 -0.190463
0.261 -0.194865
0.26125 -0.199264
0.2615 -0.203662
0.26175 -0.208058
0.262 -0.212451
0.26225 -0.216842
0.2625 -0.221232
0.26275 -0.225619
0.263 -0.230004
0.26325 -0.234386
0.2635 -0.238767
0.26375 -0.243144
0.264 -0.24752
0.26425 -0.251893
0.2645 -0.256264
0.26475 -0.260632
0.265 -0.264997
0.26525 -0.26936
0.2655 -0.27372
0.26575 -0.278078
0.266 -0.282433
0.26625 -0.286785
0.2665 -0.291134
0.26675 -0.29548
0.267 -0.299823
0.26725 -0.304164
0.2675 -0.308501
0.26775 -0.312835
0.268 -0.317167
0.26825 -0.321495
0.2685 -0.32582
0.26875 -0.330142
0.269 -0.33446
0.26925 -0.338775
0.2695 -0.343087
0.26975 -0.347396
0.27 -0.351701
0.27025 -0.356002
0.2705 -0.3603
0.27075 -0.364595
0.271 -0.368886
0.27125 -0.373173
0.2715 -0.377456
0.27175 -0.381736
0.272 -0.386012
0.27225 -0.390285
0.2725 -0.394553
0.27275 -0.398818
0.273 -0.403078
0.27325 -0.407335
0.2735 -0.411587
0.27375 -0.415836
0.274 -0.42008
0.27425 -0.424321
0.2745 -0.428557
0.27475 -0.432788
0.275 -0.437016
0.27525 -0.441239
0.2755 -0.445458
0.27575 -0.449673
0.276 -0.453883
0.27625 -0.458088
0.2765 -0.462289
0.27675 -0.466486
0.277 -0.470678
0.27725 -0.474865
0.2775 -0.479048
0.27775 -0.483226
0.278 -0.487399
0.27825 -0.491567
0.2785 -0.49573
0.27875 -0.499889
0.279 -0.504043
0.27925 -0.508191
0.2795 -0.512335
0.27975 -0.516473
0.28 -0.520607
0.28025 -0.524735
0.2805 -0.528858
0.28075 -0.532976
0.281 -0.537089
0.28125 -0.541196
0.2815 -0.545298
0.28175 -0.549395
0.282 -0.553486
0.28225 -0.557572
0.2825 -0.561652
0.28275 -0.565727
0.283 -0.569796
0.28325 -0.573859
0.2835 -0.577917
0.28375 -0.581969
0.284 -0.586016
0.28425 -0.590056
0.2845 -0.594091
0.28475 -0.59812
0.285 -0.602143
0.28525 -0.60616
0.2855 -0.610171
0.28575 -0.614176
0.286 -0.618175
0.28625 -0.622168
0.2865 -0.626155
0.28675 -0.630135
0.287 -0.63411
0.28725 -0.638078
0.2875 -0.64204
0.28775 -0.645995
0.288 -0.649944
0.28825 -0.653887
0.2885 -0.657823
0.28875 -0.661753
0.289 -0.665676
0.28925 -0.669593
0.2895 -0.673503
0.28975 -0.677406
0.29 -0.681303
0.29025 -0.685193
0.2905 -0.689076
0.29075 -0.692952
0.291 -0.696822
0.29125 -0.700684
0.2915 -0.70454
0.29175 -0.708389
0.292 -0.712231
0.29225 -0.716066
0.2925 -0.719893
0.29275 -0.723714
0.293 -0.727527
0.29325 -0.731334
0.2935 -0.735133
0.29375 -0.738925
0.294 -0.742709
0.29425 -0.746486
0.2945 -0.750256
0.29475 -0.754019
0.295 -0.757774
0.29525 -0.761521
0.2955 -0.765261
0.29575 -0.768993
0.296 -0.772718
0.29625 -0.776436
0.2965 -0.780145
0.29675 -0.783847
0.297 -0.787541
0.29725 -0.791227
0.2975 -0.794906
0.29775 -0.798577
0.298 -0.802239
0.29825 -0.805894
0.2985 -0.809541
0.29875 -0.81318
0.299 -0.816811
0.29925 -0.820434
0.2995 -0.824049
0.29975 -0.827655
0.3 -0.831254
0.30025 -0.834844
0.3005 -0.838426
0.30075 -0.842
0.301 -0.845565
0.30125 -0.849122
0.3015 -0.852671
0.30175 -0.856211
0.302 -0.859743
0.30225 -0.863267
0.3025 -0.866781
0.30275 -0.870288
0.303 -0.873785
0.30325 -0.877275
0.3035 -0.880755
0.30375 -0.884227
0.304 -0.88769
0.30425 -0.891144
0.3045 -0.894589
0.30475 -0.898026
0.305 -0.901454
0.30525 -0.904872
0.3055 -0.908282
0.30575 -0.911683
0.306 -0.915075
0.30625 -0.918458
0.3065 -0.921832
0.30675 -0.925197
0.307 -0.928552
0.30725 -0.931899
0.3075 -0.935236
0.30775 -0.938564
0.308 -0.941883
0.30825 -0.945192
0.3085 -0.948493
0.30875 -0.951783
0.309 -0.955065
0.30925 -0.958337
0.3095 -0.961599
0.30975 -0.964852
0.31 -0.968096
0.31025 -0.97133
0.3105 -0.974554
0.31075 -0.977769
0.311 -0.980974
0.31125 -0.984169
0.3115 -0.987355
0.31175 -0.990531
0.312 -0.993697
0.31225 -0.996853
0.3125 -1
0.31275 -1.00314
0.313 -1.00626
0.31325 -1.00938
0.3135 -1.01249
0.31375 -1.01558
0.314 -1.01867
0.31425 -1.02175
0.3145 -1.02481
0.31475 -1.02787
0.315 -1.03092
0.31525 -1.03395
0.3155 -1.03698
0.31575 -1.04
0.316 -1.043
0.31625 -1.046
0.3165 -1.04898
0.31675 -1.05196
0.317 -1.05492
0.31725 -1.05787
0.3175 -1.06082
0.31775 -1.06375
0.318 -1.06667
0.31825 -1.06958
0.3185 -1.07249
0.31875 -1.07538
0.319 -1.07826
0.31925 -1.08113
0.3195 -1.08398
0.31975 -1.08683
0.32 -1.08967
0.32025 -1.0925
0.3205 -1.09531
0.32075 -1.09812
0.321 -1.10091
0.32125 -1.1037
0.3215 -1.10647
0.32175 -1.10923
0.322 -1.11198
0.32225 -1.11472
0.3225 -1.11745
0.32275 -1.12017
0.323 -1.12287
0.32325 -1.12557
0.3235 -1.12825
0.32375 -1.13092
0.324 -1.13359
0.32425 -1.13624
0.3245 -1.13888
0.32475 -1.14151
0.325 -1.14412
0.32525 -1.14673
0.3255 -1.14932
0.32575 -1.15191
0.326 -1.15448
0.32625 -1.15704
0.3265 -1.15959
0.32675 -1.16212
0.327 -1.16465
0.32725 -1.16717
0.3275 -1.16967
0.32775 -1.17216
0.328 -1.17464
0.32825 -1.17711
0.3285 -1.17957
0.32875 -1.18201
0.329 -1.18444
0.32925 -1.18687
0.3295 -1.18928
0.32975 -1.19167
0.33 -1.19406
0.33025 -1.19643
0.3305 -1.1988
0.33075 -1.20115
0.331 -1.20349
0.33125 -1.20582
0.3315 -1.20813
0.33175 -1.21043
0.332 -1.21273
0.33225 -1.21501
0.3325 -1.21727
0.33275 -1.21953
0.333 -1.22177
0.33325 -1.224
0.3335 -1.22622
0.33375 -1.22843
0.334 -1.23063
0.33425 -1.23281
0.3345 -1.23498
0.33475 -1.23714
0.335 -1.23928
0.33525 -1.24142
0.3355 -1.24354
0.33575 -1.24565
0.336 -1.24775
0.33625 -1.24983
0.3365 -1.25191
0.33675 -1.25397
0.337 -1.25601
0.33725 -1.25805
0.3375 -1.26007
0.33775 -1.26208
0.338 -1.26408
0.33825 -1.26607
0.3385 -1.26804
0.33875 -1.27
0.339 -1.27195
0.33925 -1.27389
0.3395 -1.27581
0.33975 -1.27772
0.34 -1.27962
0.34025 -1.2815
0.3405 -1.28338
0.34075 -1.28524
0.341 -1.28708
0.34125 -1.28892
0.3415 -1.29074
0.34175 -1.29255
0.342 -1.29435
0.34225 -1.29613
0.3425 -1.2979
0.34275 -1.29966
0.343 -1.3014
0.34325 -1.30314
0.3435 -1.30486
0.34375 -1.30656
0.344 -1.30826
0.34425 -1.30994
0.3445 -1.31161
0.34475 -1.31326
0.345 -1.3149
0.34525 -1.31653
0.3455 -1.31815
0.34575 -1.31975
0.346 -1.32134
0.34625 -1.32292
0.3465 -1.32448
0.34675 -1.32603
0.347 -1.32757
0.34725 -1.32909
0.3475 -1.33061
0.34775 -1.3321
0.348 -1.33359
0.34825 -1.33506
0.3485 -1.33652
0.34875 -1.33797
0.349 -1.3394
0.34925 -1.34082
0.3495 -1.34222
0.34975 -1.34362
0.35 -1.345
0.35025 -1.34636
0.3505 -1.34772
0.35075 -1.34906
0.351 -1.35038
0.35125 -1.3517
0.3515 -1.353
0.35175 -1.35428
0.352 -1.35555
0.35225 -1.35681
0.3525 -1.35806
0.35275 -1.35929
0.353 -1.36051
0.35325 -1.36172
0.3535 -1.36291
0.35375 -1.36409
0.354 -1.36526
0.35425 -1.36641
0.3545 -1.36755
0.35475 -1.36867
0.355 -1.36978
0.35525 -1.37088
0.3555 -1.37197
0.35575 -1.37304
0.356 -1.37409
0.35625 -1.37514
0.3565 -1.37617
0.35675 -1.37719
0.357 -1.37819
0.35725 -1.37918
0.3575 -1.38015
0.35775 -1.38112
0.358 -1.38207
0.35825 -1.383
0.3585 -1.38392
0.35875 -1.38483
0.359 -1.38572
0.35925 -1.3866
0.3595 -1.38747
0.35975 -1.38832
0.36 -1.38916
0.36025 -1.38999
0.3605 -1.3908
0.36075 -1.3916
0.361 -1.39238
0.36125 -1.39315
0.3615 -1.39391
0.36175 -1.39466
0.362 -1.39538
0.36225 -1.3961
0.3625 -1.3968
0.36275 -1.39749
0.363 -1.39816
0.36325 -1.39883
0.3635 -1.39947
0.36375 -1.4001
0.364 -1.40072
0.36425 -1.40133
0.3645 -1.40192
0.36475 -1.4025
0.365 -1.40306
0.36525 -1.40361
0.3655 -1.40415
0.36575 -1.40467
0.366 -1.40518
0.36625 -1.40567
0.3665 -1.40615
0.36675 -1.40662
0.367 -1.40707
0.36725 -1.40751
0.3675 -1.40794
0.36775 -1.40835
0.368 -1.40875
0.36825 -1.40913
0.3685 -1.4095
0.36875 -1.40985
0.369 -1.4102
0.36925 -1.41052
0.3695 -1.41084
0.36975 -1.41114
0.37 -1.41142
0.37025 -1.41169
0.3705 -1.41195
0.37075 -1.4122
0.371 -1.41243
0.37125 -1.41264
0.3715 -1.41285
0.37175 -1.41303
0.372 -1.41321
0.37225 -1.41337
0.3725 -1.41352
0.37275 -1.41365
0.373 -1.41377
0.37325 -1.41387
0.3735 -1.41396
0.37375 -1.41404
0.374 -1.4141
0.37425 -1.41415
0.3745 -1.41419
0.37475 -1.41421
0.375 -1.41421
0.37525 -1.41421
0.3755 -1.41419
0.37575 -1.41415
0.376 -1.4141
0.37625 -1.41404
0.3765 -1.41396
0.37675 -1.41387
0.377 -1.41377
0.37725 -1.41365
0.3775 -1.41352
0.37775 -1.41337
0.378 -1.41321
0.37825 -1.41303
0.3785 -1.41285
0.37875 -1.41264
0.379 -1.41243
0.37925 -1.4122
0.3795 -1.41195
0.37975 -1.41169
0.38 -1.41142
0.38025 -1.41114
0.3805 -1.41084
0.38075 -1.41052
0.381 -1.4102
0.38125 -1.40985
0.3815 -1.4095
0.38175 -1.40913
0.382 -1.40875
0.38225 -1.40835
0.3825 -1.40794
0.38275 -1.40751
0.383 -1.40707
0.38325 -1.40662
0.3835 -1.40615
0.38375 -1.40567
0.384 -1.40518
0.38425 -1.40467
0.3845 -1.40415
0.38475 -1.40361
0.385 -1.40306
0.38525 -1.4025
0.3855 -1.40192
0.38575 -1.40133
0.386 -1.40072
0.38625 -1.4001
0.3865 -1.39947
0.38675 -1.39883
0.387 -1.39816
0.38725 -1.39749
0.3875 -1.3968
0.38775 -1.3961
0.388 -1.39538
0.38825 -1.39466
0.3885 -1.39391
0.38875 -1.39315
0.389 -1.39238
0.38925 -1.3916
0.3895 -1.3908
0.38975 -1.38999
0.39 -1.38916
0.39025 -1.38832
0.3905 -1.38747
0.39075 -1.3866
0.391 -1.38572
0.39125 -1.38483
0.3915 -1.38392
0.39175 -1.383
0.392 -1.38207
0.39225 -1.38112
0.3925 -1.38015
0.39275 -1.37918
0.393 -1.37819
0.39325 -1.37719
0.3935 -1.37617
0.39375 -1.37514
0.394 -1.37409
0.39425 -1.37304
0.3945 -1.37197
0.39475 -1.37088
0.395 -1.36978
0.39525 -1.36867
0.3955 -1.36755
0.39575 -1.36641
0.396 -1.36526
0.39625 -1.36409
0.3965 -1.36291
0.39675 -1.36172
0.397 -1.36051
0.39725 -1.35929
0.3975 -1.35806
0.39775 -1.35681
0.398 -1.35555
0.39825 -1.35428
0.3985 -1.353
0.39875 -1.3517
0.399 -1.35038
0.39925 -1.34906
0.3995 -1.34772
0.39975 -1.34636
0.4 -1.345
0.40025 -1.34362
0.4005 -1.34222
0.40075 -1.34082
0.401 -1.3394
0.40125 -1.33797
0.4015 -1.33652
0.40175 -1.33506
0.402 -1.33359
0.40225 -1.3321
0.4025 -1.33061
0.40275 -1.32909
0.403 -1.32757
0.40325 -1.32603
0.4035 -1.32448
0.40375 -1.32292
0.404 -1.32134
0.40425 -1.31975
0.4045 -1.31815
0.40475 -1.31653
0.405 -1.3149
0.40525 -1.31326
0.4055 -1.31161
0.40575 -1.30994
0.406 -1.30826
0.40625 -1.30656
0.4065 -1.30486
0.40675 -1.30314
0.407 -1.3014
0.40725 -1.29966
0.4075 -1.2979
0.40775 -1.29613
0.408 -1.29435
0.40825 -1.29255
0.4085 -1.29074
0.40875 -1.28892
0.409 -1.28708
0.40925 -1.28524
0.4095 -1.28338
0.40975 -1.2815
0.41 -1.27962
0.41025 -1.27772
0.4105 -1.27581
0.41075 -1.27389
0.411 -1.27195
0.41125 -1.27
0.4115 -1.26804
0.41175 -1.26607
0.412 -1.26408
0.41225 -1.26208
0.4125 -1.26007
0.41275 -1.25805
0.413 -1.25601
0.41325 -1.25397
0.4135 -1.25191
0.41375 -1.24983
0.414 -1.24775
0.41425 -1.24565
0.4145 -1.24354
0.41475 -1.24142
0.415 -1.23928
0.41525 -1.23714
0.4155 -1.23498
0.41575 -1.23281
0.416 -1.23063
0.41625 -1.22843
0.4165 -1.22622
0.41675 -1.224
0.417 -1.22177
0.41725 -1.21953
0.4175 -1.21727
0.41775 -1.21501
0.418 -1.21273
0.41825 -1.21043
0.4185 -1.20813
0.41875 -1.20582
0.419 -1.20349
0.41925 -1.20115
0.4195 -1.1988
0.41975 -1.19643
0.42 -1.19406
0.42025 -1.19167
0.4205 -1.18928
0.42075 -1.18687
0.421 -1.18444
0.42125 -1.18201
0.4215 -1.17957
0.42175 -1.17711
0.422 -1.17464
0.42225 -1.17216
0.4225 -1.16967
0.42275 -1.16717
0.423 -1.16465
0.42325 -1.16212
0.4235 -1.15959
0.42375 -1.15704
0.424 -1.15448
0.42425 -1.15191
0.4245 -1.14932
0.42475 -1.14673
0.425 -1.14412
0.42525 -1.14151
0.4255 -1.13888
0.42575 -1.13624
0.426 -1.13359
0.42625 -1.13092
0.4265 -1.12825
0.42675 -1.12557
0.427 -1.12287
0.42725 -1.12017
0.4275 -1.11745
0.42775 -1.11472
0.428 -1.11198
0.42825 -1.10923
0.4285 -1.10647
0.42875 -1.1037
0.429 -1.10091
0.42925 -1.09812
0.4295 -1.09531
0.42975 -1.0925
0.43 -1.08967
0.43025 -1.08683
0.4305 -1.08398
0.43075 -1.08113
0.431 -1.07826
0.43125 -1.07538
0.4315 -1.07249
0.43175 -1.06958
0.432 -1.06667
0.43225 -1.06375
0.4325 -1.06082
0.43275 -1.05787
0.433 -1.05492
0.43325 -1.05196
0.4335 -1.04898
0.43375 -1.046
0.434 -1.043
0.43425 -1.04
0.4345 -1.03698
0.43475 -1.03395
0.435 -1.03092
0.43525 -1.02787
0.4355 -1.02481
0.43575 -1.02175
0.436 -1.01867
0.43625 -1.01558
0.4365 -1.01249
0.43675 -1.00938
0.437 -1.00626
0.43725 -1.00314
0.4375 -1
0.43775 -0.996853
0.438 -0.993697
0.43825 -0.990531
0.4385 -0.987355
0.43875 -0.984169
0.439 -0.980974
0.43925 -0.977769
0.4395 -0.974554
0.43975 -0.97133
0.44 -0.968096
0.44025 -0.964852
0.4405 -0.961599
0.44075 -0.958337
0.441 -0.955065
0.44125 -0.951783
0.4415 -0.948493
0.44175 -0.945192
0.442 -0.941883
0.44225 -0.938564
0.4425 -0.935236
0.44275 -0.931899
0.443 -0.928552
0.44325 -0.925197
0.4435 -0.921832
0.44375 -0.918458
0.444 -0.915075
0.44425 -0.911683
0.4445 -0.908282
0.44475 -0.904872
0.445 -0.901454
0.44525 -0.898026
0.4455 -0.894589
0.44575 -0.891144
0.446 -0.88769
0.44625 -0.884227
0.4465 -0.880755
0.44675 -0.877275
0.447 -0.873785
0.44725 -0.870288
0.4475 -0.866781
0.44775 -0.863267
0.448 -0.859743
0.44825 -0.856211
0.4485 -0.852671
0.44875 -0.849122
0.449 -0.845565
0.44925 -0.842
0.4495 -0.838426
0.44975 -0.834844
0.45 -0.831254
0.45025 -0.827655
0.4505 -0.824049
0.45075 -0.820434
0.451 -0.816811
0.45125 -0.81318
0.4515 -0.809541
0.45175 -0.805894
0.452 -0.802239
0.45225 -0.798577
0.4525 -0.794906
0.45275 -0.791227
0.453 -0.787541
0.45325 -0.783847
0.4535 -0.780145
0.45375 -0.776436
0.454 -0.772718
0.45425 -0.768993
0.4545 -0.765261
0.45475 -0.761521
0.455 -0.757774
0.45525 -0.754019
0.4555 -0.750256
0.45575 -0.746486
0.456 -0.742709
0.45625 -0.738925
0.4565 -0.735133
0.45675 -0.731334
0.457 -0.727527
0.45725 -0.723714
0.4575 -0.719893
0.45775 -0.716066
0.458 -0.712231
0.45825 -0.708389
0.4585 -0.70454
0.45875 -0.700684
0.459 -0.696822
0.45925 -0.692952
0.4595 -0.689076
0.45975 -0.685193
0.46 -0.681303
0.46025 -0.677406
0.4605 -0.673503
0.46075 -0.669593
0.461 -0.665676
0.46125 -0.661753
0.4615 -0.657823
0.46175 -0.653887
0.462 -0.649944
0.46225 -0.645995
0.4625 -0.64204
0.46275 -0.638078
0.463 -0.63411
0.46325 -0.630135
0.4635 -0.626155
0.46375 -0.622168
0.464 -0.618175
0.46425 -0.614176
0.4645 -0.610171
0.46475 -0.60616
0.465 -0.602143
0.46525 -0.59812
0.4655 -0.594091
0.46575 -0.590056
0.466 -0.586016
0.46625 -0.581969
0.4665 -0.577917
0.46675 -0.573859
0.467 -0.569796
0.46725 -0.565727
0.4675 -0.561652
0.46775 -0.557572
0.468 -0.553486
0.46825 -0.549395
0.4685 -0.545298
0.46875 -0.541196
0.469 -0.537089
0.46925 -0.532976
0.4695 -0.528858
0.46975 -0.524735
0.47 -0.520607
0.47025 -0.516473
0.4705 -0.512335
0.47075 -0.508191
0.471 -0.504043
0.47125 -0.499889
0.4715 -0.49573
0.47175 -0.491567
0.472 -0.487399
0.47225 -0.483226
0.4725 -0.479048
0.47275 -0.474865
0.473 -0.470678
0.47325 -0.466486
0.4735 -0.462289
0.47375 -0.458088
0.474 -0.453883
0.47425 -0.449673
0.4745 -0.445458
0.47475 -0.441239
0.475 -0.437016
0.47525 -0.432788
0.4755 -0.428557
0.47575 -0.424321
0.476 -0.42008
0.47625 -0.415836
0.4765 -0.411587
0.47675 -0.407335
0.477 -0.403078
0.47725 -0.398818
0.4775 -0.394553
0.47775 -0.390285
0.478 -0.386012
0.47825 -0.381736
0.4785 -0.377456
0.47875 -0.373173
0.479 -0.368886
0.47925 -0.364595
0.4795 -0.3603
0.47975 -0.356002
0.48 -0.351701
0.48025 -0.347396
0.4805 -0.343087
0.48075 -0.338775
0.481 -0.33446
0.48125 -0.330142
0.4815 -0.32582
0.48175 -0.321495
0.482 -0.317167
0.48225 -0.312835
0.4825 -0.308501
0.48275 -0.304164
0.483 -0.299823
0.48325 -0.29548
0.4835 -0.291134
0.48375 -0.286785
0.484 -0.282433
0.48425 -0.278078
0.4845 -0.27372
0.48475 -0.26936
0.485 -0.264997
0.48525 -0.260632
0.4855 -0.256264
0.48575 -0.251893
0.486 -0.24752
0.48625 -0.243144
0.4865 -0.238767
0.48675 -0.234386
0.487 -0.230004
0.48725 -0.225619
0.4875 -0.221232
0.48775 -0.216842
0.488 -0.212451
0.48825 -0.208058
0.4885 -0.203662
0.48875 -0.199264
0.489 -0.194865
0.48925 -0.190463
0.4895 -0.18606
0.48975 -0.181655
0.49 -0.177248
0.49025 -0.172839
0.4905 -0.168429
0.49075 -0.164017
0.491 -0.159603
0.49125 -0.155188
0.4915 -0.150771
0.49175 -0.146353
0.492 -0.141933
0.49225 -0.137512
0.4925 -0.133089
0.49275 -0.128665
0.493 -0.12424
0.49325 -0.119814
0.4935 -0.115387
0.49375 -0.110958
0.494 -0.106528
0.49425 -0.102097
0.4945 -0.0976656
0.49475 -0.0932329
0.495 -0.0887992
0.49525 -0.0843647
0.4955 -0.0799293
0.49575 -0.0754931
0.496 -0.0710562
0.49625 -0.0666186
0.4965 -0.0621803
0.49675 -0.0577414
0.497 -0.053302
0.49725 -0.048862
0.4975 -0.0444215
0.49775 -0.0399806
0.498 -0.0355393
0.49825 -0.0310977
0.4985 -0.0266557
0.49875 -0.0222135
0.499 -0.0177711
0.49925 -0.0133285
0.4995 -0.00888571
0.49975 -0.00444288
0.5 -3.46382e-16
0.50025 0.00444288
0.5005 0.00888571
0.50075 0.0133285
0.501 0.0177711
0.50125 0.0222135
0.5015 0.0266557
0.50175 0.0310977
0.502 0.0355393
0.50225 0.0399806
0.5025 0.0444215
0.50275 0.048862
0.503 0.053302
0.50325 0.0577414
0.5035 0.0621803
0.50375 0.0666186
0.504 0.0710562
0.50425 0.0754931
0.5045 0.0799293
0.50475 0.0843647
0.505 0.0887992
0.50525 0.0932329
0.5055 0.0976656
0.50575 0.102097
0.506 0.106528
0.50625 0.110958
0.5065 0.115387
0.50675 0.119814
0.507 0.12424
0.50725 0.128665
0.5075 0.133089
0.50775 0.137512
0.508 0.141933
0.50825 0.146353
0.5085 0.150771
0.50875 0.155188
0.509 0.159603
0.50925 0.164017
0.5095 0.168429
0.50975 0.172839
0.51 0.177248
0.51025 0.181655
0.5105 0.18606
0.51075 0.190463
0.511 0.194865
0.51125 0.199264
0.5115 0.203662
0.51175 0.208058
0.512 0.212451
0.51225 0.216842
0.5125 0.221232
0.51275 0.225619
0.513 0.230004
0.51325 0.234386
0.5135 0.238767
0.51375 0.243144
0.514 0.24752
0.51425 0.251893
0.5145 0.256264
0.51475 0.260632
0.515 0.264997
0.51525 0.26936
0.5155 0.27372
0.51575 0.278078
0.516 0.282433
0.51625 0.286785
0.5165 0.291134
0.51675 0.29548
0.517 0.299823
0.51725 0.304164
0.5175 0.308501
0.51775 0.312835
0.518 0.317167
0.51825 0.321495
0.5185 0.32582
0.51875 0.330142
0.519 0.33446
0.51925 0.338775
0.5195 0.343087
0.51975 0.347396
0.52 0.351701
0.52025 0.356002
0.5205 0.3603
0.52075 0.364595
0.521 0.368886
0.52125 0.373173
0.5215 0.377456
0.52175 0.381736
0.522 0.386012
0.52225 0.390285
0.5225 0.394553
0.52275 0.398818
0.523 0.403078
0.52325 0.407335
0.5235 0.411587
0.52375 0.415836
0.524 0.42008
0.52425 0.424321
0.5245 0.428557
0.52475 0.432788
0.525 0.437016
0.52525 0.441239
0.5255 0.445458
0.52575 0.449673
0.526 0.453883
0.52625 0.458088
0.5265 0.462289
0.52675 0.466486
0.527 0.470678
0.52725 0.474865
0.5275 0.479048
0.52775 0.483226
0.528 0.487399
0.52825 0.491567
0.5285 0.49573
0.52875 0.499889
0.529 0.504043
0.52925 0.508191
0.5295 0.512335
0.52975 0.516473
0.53 0.520607
0.53025 0.524735
0.5305 0.528858
0.53075 0.532976
0.531 0.537089
0.53125 0.541196
0.5315 0.545298
0.53175 0.549395
0.532 0.553486
0.53225 0.557572
0.5325 0.561652
0.53275 0.565727
0.533 0.569796
0.53325 0.573859
0.5335 0.577917
0.53375 0.581969
0.534 0.586016
0.53425 0.590056
0.5345 0.594091
0.53475 0.59812
0.535 0.602143
0.53525 0.60616
0.5355 0.610171
0.53575 0.614176
0.536 0.618175
0.53625 0.622168
0.5365 0.626155
0.53675 0.630135
0.537 0.63411
0.53725 0.638078
0.5375 0.64204
0.53775 0.645995
0.538 0.649944
0.53825 0.653887
0.5385 0.657823
0.53875 0.661753
0.539 0.665676
0.53925 0.669593
0.5395 0.673503
0.53975 0.677406
0.54 0.681303
0.54025 0.685193
0.5405 0.689076
0.54075 0.692952
0.541 0.696822
0.54125 0.700684
0.5415 0.70454
0.54175 0.708389
0.542 0.712231
0.54225 0.716066
0.5425 0.719893
0.54275 0.723714
0.543 0.727527
0.54325 0.731334
0.5435 0.735133
0.54375 0.738925
0.544 0.742709
0.54425 0.746486
0.5445 0.750256
0.54475 0.754019
0.545 0.757774
0.54525 0.761521
0.5455 0.765261
0.54575 0.768993
0.546 0.772718
0.54625 0.776436
0.5465 0.780145
0.54675 0.783847
0.547 0.787541
0.54725 0.791227
0.5475 0.794906
0.54775 0.798577
0.548 0.802239
0.54825 0.805894
0.5485 0.809541
0.54875 0.81318
0.549 0.816811
0.54925 0.820434
0.5495 0.824049
0.54975 0.827655
0.55 0.831254
0.55025 0.834844
0.5505 0.838426
0.55075 0.842
0.551 0.845565
0.55125 0.849122
0.5515 0.852671
0.55175 0.856211
0.552 0.859743
0.55225 0.863267
0.5525 0.866781
0.55275 0.870288
0.553 0.873785
0.55325 0.877275
0.5535 0.880755
0.55375 0.884227
0.554 0.88769
0.55425 0.891144
0.5545 0.894589
0.55475 0.898026
0.555 0.901454
0.55525 0.904872
0.5555 0.908282
0.55575 0.911683
0.556 0.915075
0.55625 0.918458
0.5565 0.921832
0.55675 0.925197
0.557 0.928552
0.55725 0.931899
0.5575 0.935236
0.55775 0.938564
0.558 0.941883
0.55825 0.945192
0.5585 0.948493
0.55875 0.951783
0.559 0.955065
0.55925 0.958337
0.5595 0.961599
0.55975 0.964852
0.56 0.968096
0.56025 0.97133
0.5605 0.974554
0.56075 0.977769
0.561 0.980974
0.56125 0.984169
0.5615 0.987355
0.56175 0.990531
0.562 0.993697
0.56225 0.996853
0.5625 1
0.56275 1.00314
0.563 1.00626
0.56325 1.00938
0.5635 1.01249
0.56375 1.01558
0.564 1.01867
0.56425 1.02175
0.5645 1.02481
0.56475 1.02787
0.565 1.03092
0.56525 1.03395
0.5655 1.03698
0.56575 1.04
0.566 1.043
0.56625 1.046
0.5665 1.04898
0.56675 1.05196
0.567 1.05492
0.56725 1.05787
0.5675 1.06082
0.56775 1.06375
0.568 1.06667
0.56825 1.06958
0.5685 1.07249
0.56875 1.07538
0.569 1.07826
0.56925 1.08113
0.5695 1.08398
0.56975 1.08683
0.57 1.08967
0.57025 1.0925
0.5705 1.09531
0.57075 1.09812
0.571 1.10091
0.57125 1.1037
0.5715 1.10647
0.57175 1.10923
0.572 1.11198
0.57225 1.11472
0.5725 1.11745
0.57275 1.12017
0.573 1.12287
0.57325 1.12557
0.5735 1.12825
0.57375 1.13092
0.574 1.13359
0.57425 1.13624
0.5745 1.13888
0.57475 1.14151
0.575 1.14412
0.57525 1.14673
0.5755 1.14932
0.57575 1.15191
0.576 1.15448
0.57625 1.15704
0.5765 1.15959
0.57675 1.16212
0.577 1.16465
0.57725 1.16717
0.5775 1.16967
0.57775 1.17216
0.578 1.17464
0.57825 1.17711
0.5785 1.17957
0.57875 1.18201
0.579 1.18444
0.57925 1.18687
0.5795 1.18928
0.57975 1.19167
0.58 1.19406
0.58025 1.19643
0.5805 1.1988
0.58075 1.20115
0.581 1.20349
0.58125 1.20582
0.5815 1.20813
0.58175 1.21043
0.582 1.21273
0.58225 1.21501
0.5825 1.21727
0.58275 1.21953
0.583 1.22177
0.58325 1.224
0.5835 1.22622
0.58375 1.22843
0.584 1.23063
0.58425 1.23281
0.5845 1.23498
0.58475 1.23714
0.585 1.23928
0.58525 1.24142
0.5855 1.24354
0.58575 1.24565
0.586 1.24775
0.58625 1.24983
0.5865 1.25191
0.58675 1.25397
0.587 1.25601
0.58725 1.25805
0.5875 1.26007
0.58775 1.26208
0.588 1.26408
0.58825 1.26607
0.5885 1.26804
0.58875 1.27
0.589 1.27195
0.58925 1.27389
0.5895 1.27581
0.58975 1.27772
0.59 1.27962
0.59025 1.2815
0.5905 1.28338
0.59075 1.28524
0.591 1.28708
0.59125 1.28892
0.5915 1.29074
0.59175 1.29255
0.592 1.29435
0.59225 1.29613
0.5925 1.2979
0.59275 1.29966
0.593 1.3014
0.59325 1.30314
0.5935 1.30486
0.59375 1.30656
0.594 1.30826
0.59425 1.30994
0.5945 1.31161
0.59475 1.31326
0.595 1.3149
0.59525 1.31653
0.5955 1.31815
0.59575 1.31975
0.596 1.32134
0.59625 1.32292
0.5965 1.32448
0.59675 1.32603
0.597 1.32757
0.59725 1.32909
0.5975 1.33061
0.59775 1.3321
0.598 1.33359
0.59825 1.33506
0.5985 1.33652
0.59875 1.33797
0.599 1.3394
0.59925 1.34082
0.5995 1.34222
0.59975 1.34362
0.6 1.345
0.60025 1.34636
0.6005 1.34772
0.60075 1.34906
0.601 1.35038
0.60125 1.3517
0.6015 1.353
0.60175 1.35428
0.602 1.35555
0.60225 1.35681
0.6025 1.35806
0.60275 1.35929
0.603 1.36051
0.60325 1.36172
0.6035 1.36291
0.60375 1.36409
0.604 1.36526
0.60425 1.36641
0.6045 1.36755
0.60475 1.36867
0.605 1.36978
0.60525 1.37088
0.6055 1.37197
0.60575 1.37304
0.606 1.37409
0.60625 1.37514
0.6065 1.37617
0.60675 1.37719
0.607 1.37819
0.60725 1.37918
0.6075 1.38015
0.60775 1.38112
0.608 1.38207
0.60825 1.383
0.6085 1.38392
0.60875 1.38483
0.609 1.38572
0.60925 1.3866
0.6095 1.38747
0.60975 1.38832
0.61 1.38916
0.61025 1.38999
0.6105 1.3908
0.61075 1.3916
0.611 1.39238
0.61125 1.39315
0.6115 1.39391
0.61175 1.39466
0.612 1.39538
0.61225 1.3961
0.6125 1.3968
0.61275 1.39749
0.613 1.39816
0.61325 1.39883
0.6135 1.39947
0.61375 1.4001
0.614 1.40072
0.61425 1.40133
0.6145 1.40192
0.61475 1.4025
0.615 1.40306
0.61525 1.40361
0.6155 1.40415
0.61575 1.40467
0.616 1.40518
0.61625 1.40567
0.6165 1.40615
0.61675 1.40662
0.617 1.40707
0.61725 1.40751
0.6175 1.40794
0.61775 1.40835
0.618 1.40875
0.61825 1.40913
0.6185 1.4095
0.61875 1.40985
0.619 1.4102
0.61925 1.41052
0.6195 1.41084
0.61975 1.41114
0.62 1.41142
0.62025 1.41169
0.6205 1.41195
0.62075 1.4122
0.621 1.41243
0.62125 1.41264
0.6215 1.41285
0.62175 1.41303
0.622 1.41321
0.62225 1.41337
0.6225 1.41352
0.62275 1.41365
0.623 1.41377
0.62325 1.41387
0.6235 1.41396
0.62375 1.41404
0.624 1.4141
0.62425 1.41415
0.6245 1.41419
0.62475 1.41421
0.625 1.41421
0.62525 1.41421
0.6255 1.41419
0.62575 1.41415
0.626 1.4141
0.62625 1.41404
0.6265 1.41396
0.62675 1.41387
0.627 1.41377
0.62725 1.41365
0.6275 1.41352
0.62775 1.41337
0.628 1.41321
0.62825 1.41303
0.6285 1.41285
0.62875 1.41264
0.629 1.41243
0.62925 1.4122
0.6295 1.41195
0.62975 1.41169
0.63 1.41142
0.63025 1.41114
0.6305 1.41084
0.63075 1.41052
0.631 1.4102
0.63125 1.40985
0.6315 1.4095
0.63175 1.40913
0.632 1.40875
0.63225 1.40835
0.6325 1.40794
0.63275 1.40751
0.633 1.40707
0.63325 1.40662
0.6335 1.40615
0.63375 1.40567
0.634 1.40518
0.63425 1.40467
0.6345 1.40415
0.63475 1.40361
0.635 1.40306
0.63525 1.4025
0.6355 1.40192
0.63575 1.40133
0.636 1.40072
0.63625 1.4001
0.6365 1.39947
0.63675 1.39883
0.637 1.39816
0.63725 1.39749
0.6375 1.3968
0.63775 1.3961
0.638 1.39538
0.63825 1.39466
0.6385 1.39391
0.63875 1.39315
0.639 1.39238
0.63925 1.3916
0.6395 1.3908
0.63975 1.38999
0.64 1.38916
0.64025 1.38832
0.6405 1.38747
0.64075 1.3866
0.641 1.38572
0.64125 1.38483
0.6415 1.38392
0.64175 1.383
0.642 1.38207
0.64225 1.38112
0.6425 1.38015
0.64275 1.37918
0.643 1.37819
0.64325 1.37719
0.6435 1.37617
0.64375 1.37514
0.644 1.37409
0.64425 1.37304
0.6445 1.37197
0.64475 1.37088
0.645 1.36978
0.64525 1.36867
0.6455 1.36755
0.64575 1.36641
0.646 1.36526
0.64625 1.36409
0.6465 1.36291
0.64675 1.36172
0.647 1.36051
0.64725 1.35929
0.6475 1.35806
0.64775 1.35681
0.648 1.35555
0.64825 1.35428
0.6485 1.353
0.64875 1.3517
0.649 1.35038
0.64925 1.34906
0.6495 1.34772
0.64975 1.34636
0.65 1.345
0.65025 1.34362
0.6505 1.34222
0.65075 1.34082
0.651 1.3394
0.65125 1.33797
0.6515 1.33652
0.65175 1.33506
0.652 1.33359
0.65225 1.3321
0.6525 1.33061
0.65275 1.32909
0.653 1.32757
0.65325 1.32603
0.6535 1.32448
0.65375 1.32292
0.654 1.32134
0.65425 1.31975
0.6545 1.31815
0.65475 1.31653
0.655 1.3149
0.65525 1.31326
0.6555 1.31161
0.65575 1.30994
0.656 1.30826
0.65625 1.30656
0.6565 1.30486
0.65675 1.30314
0.657 1.3014
0.65725 1.29966
0.6575 1.2979
0.65775 1.29613
0.658 1.29435
0.65825 1.29255
0.6585 1.29074
0.65875 1.28892
0.659 1.28708
0.65925 1.28524
0.6595 1.28338
0.65975 1.2815
0.66 1.27962
0.66025 1.27772
0.6605 1.27581
0.66075 1.27389
0.661 1.27195
0.66125 1.27
0.6615 1.26804
0.66175 1.26607
0.662 1.26408
0.66225 1.26208
0.6625 1.26007
0.66275 1.25805
0.663 1.25601
0.66325 1.25397
0.6635 1.25191
0.66375 1.24983
0.664 1.24775
0.66425 1.24565
0.6645 1.24354
0.66475 1.24142
0.665 1.23928
0.66525 1.23714
0.6655 1.23498
0.66575 1.23281
0.666 1.23063
0.66625 1.22843
0.6665 1.22622
0.66675 1.224
0.667 1.22177
0.66725 1.21953
0.6675 1.21727
0.66775 1.21501
0.668 1.21273
0.66825 1.21043
0.6685 1.20813
0.66875 1.20582
0.669 1.20349
0.66925 1.20115
0.6695 1.1988
0.66975 1.19643
0.67 1.19406
0.67025 1.19167
0.6705 1.18928
0.67075 1.18687
0.671 1.18444
0.67125 1.18201
0.6715 1.17957
0.67175 1.17711
0.672 1.17464
0.67225 1.17216
0.6725 1.16967
0.67275 1.16717
0.673 1.16465
0.67325 1.16212
0.6735 1.15959
0.67375 1.15704
0.674 1.15448
0.67425 1.15191
0.6745 1.14932
0.67475 1.14673
0.675 1.14412
0.67525 1.14151
0.6755 1.13888
0.67575 1.13624
0.676 1.13359
0.67625 1.13092
0.6765 1.12825
0.67675 1.12557
0.677 1.12287
0.67725 1.12017
0.6775 1.11745
0.67775 1.11472
0.678 1.11198
0.67825 1.10923
0.6785 1.10647
0.67875 1.1037
0.679 1.10091
0.67925 1.09812
0.6795 1.09531
0.67975 1.0925
0.68 1.08967
0.68025 1.08683
0.6805 1.08398
0.68075 1.08113
0.681 1.07826
0.68125 1.07538
0.6815 1.07249
0.68175 1.06958
0.682 1.06667
0.68225 1.06375
0.6825 1.06082
0.68275 1.05787
0.683 1.05492
0.68325 1.05196
0.6835 1.04898
0.68375 1.046
0.684 1.043
0.68425 1.04
0.6845 1.03698
0.68475 1.03395
0.685 1.03092
0.68525 1.02787
0.6855 1.02481
0.68575 1.02175
0.686 1.01867
0.68625 1.01558
0.6865 1.01249
0.68675 1.00938
0.687 1.00626
0.68725 1.00314
0.6875 1
0.68775 0.996853
0.688 0.993697
0.68825 0.990531
0.6885 0.987355
0.68875 0.984169
0.689 0.980974
0.68925 0.977769
0.6895 0.974554
0.68975 0.97133
0.69 0.968096
0.69025 0.964852
0.6905 0.961599
0.69075 0.958337
0.691 0.955065
0.69125 0.951783
0.6915 0.948493
0.69175 0.945192
0.692 0.941883
0.69225 0.938564
0.6925 0.935236
0.69275 0.931899
0.693 0.928552
0.69325 0.925197
0.6935 0.921832
0.69375 0.918458
0.694 0.915075
0.69425 0.911683
0.6945 0.908282
0.69475 0.904872
0.695 0.901454
0.69525 0.898026
0.6955 0.894589
0.69575 0.891144
0.696 0.88769
0.69625 0.884227
0.6965 0.880755
0.69675 0.877275
0.697 0.873785
0.69725 0.870288
0.6975 0.866781
0.69775 0.863267
0.698 0.859743
0.69825 0.856211
0.6985 0.852671
0.69875 0.849122
0.699 0.845565
0.69925 0.842
0.6995 0.838426
0.69975 0.834844
0.7 0.831254
0.70025 0.827655
0.7005 0.824049
0.70075 0.820434
0.701 0.816811
0.70125 0.81318
0.7015 0.809541
0.70175 0.805894
0.702 0.802239
0.70225 0.798577
0.7025 0.794906
0.70275 0.791227
0.703 0.787541
0.70325 0.783847
0.7035 0.780145
0.70375 0.776436
0.704 0.772718
0.70425 0.768993
0.7045 0.765261
0.70475 0.761521
0.705 0.757774
0.70525 0.754019
0.7055 0.750256
0.70575 0.746486
0.706 0.742709
0.70625 0.738925
0.7065 0.735133
0.70675 0.731334
0.707 0.727527
0.70725 0.723714
0.7075 0.719893
0.70775 0.716066
0.708 0.712231
0.70825 0.708389
0.7085 0.70454
0.70875 0.700684
0.709 0.696822
0.70925 0.692952
0.7095 0.689076
0.70975 0.685193
0.71 0.681303
0.71025 0.677406
0.7105 0.673503
0.71075 0.669593
0.711 0.665676
0.71125 0.661753
0.7115 0.657823
0.71175 0.653887
0.712 0.649944
0.71225 0.645995
0.7125 0.64204
0.71275 0.638078
0.713 0.63411
0.71325 0.630135
0.7135 0.626155
0.71375 0.622168
0.714 0.618175
0.71425 0.614176
0.7145 0.610171
0.71475 0.60616
0.715 0.602143
0.71525 0.59812
0.7155 0.594091
0.71575 0.590056
0.716 0.586016
0.71625 0.581969
0.7165 0.577917
0.71675 0.573859
0.717 0.569796
0.71725 0.565727
0.7175 0.561652
0.71775 0.557572
0.718 0.553486
0.71825 0.549395
0.7185 0.545298
0.71875 0.541196
0.719 0.537089
0.71925 0.532976
0.7195 0.528858
0.71975 0.524735
0.72 0.520607
0.72025 0.516473
0.7205 0.512335
0.72075 0.508191
0.721 0.504043
0.72125 0.499889
0.7215 0.49573
0.72175 0.491567
0.722 0.487399
0.72225 0.483226
0.7225 0.479048
0.72275 0.474865
0.723 0.470678
0.72325 0.466486
0.7235 0.462289
0.72375 0.458088
0.724 0.453883
0.72425 0.449673
0.7245 0.445458
0.72475 0.441239
0.725 0.437016
0.72525 0.432788
0.7255 0.428557
0.72575 0.424321
0.726 0.42008
0.72625 0.415836
0.7265 0.411587
0.72675 0.407335
0.727 0.403078
0.72725 0.398818
0.7275 0.394553
0.72775 0.390285
0.728 0.386012
0.72825 0.381736
0.7285 0.377456
0.72875 0.373173
0.729 0.368886
0.72925 0.364595
0.7295 0.3603
0.72975 0.356002
0.73 0.351701
0.73025 0.347396
0.7305 0.343087
0.73075 0.338775
0.731 0.33446
0.73125 0.330142
0.7315 0.32582
0.73175 0.321495
0.732 0.317167
0.73225 0.312835
0.7325 0.308501
0.73275 0.304164
0.733 0.299823
0.73325 0.29548
0.7335 0.291134
0.73375 0.286785
0.734 0.282433
0.73425 0.278078
0.7345 0.27372
0.73475 0.26936
0.735 0.264997
0.73525 0.260632
0.7355 0.256264
0.73575 0.251893
0.736 0.24752
0.73625 0.243144
0.7365 0.238767
0.73675 0.234386
0.737 0.230004
0.73725 0.225619
0.7375 0.221232
0.73775 0.216842
0.738 0.212451
0.73825 0.208058
0.7385 0.203662
0.73875 0.199264
0.739 0.194865
0.73925 0.190463
0.7395 0.18606
0.73975 0.181655
0.74 0.177248
0.74025 0.172839
0.7405 0.168429
0.74075 0.164017
0.741 0.159603
0.74125 0.155188
0.7415 0.150771
0.74175 0.146353
0.742 0.141933
0.74225 0.137512
0.7425 0.133089
0.74275 0.128665
0.743 0.12424
0.74325 0.119814
0.7435 0.115387
0.74375 0.110958
0.744 0.106528
0.74425 0.102097
0.7445 0.0976656
0.74475 0.0932329
0.745 0.0887992
0.74525 0.0843647
0.7455 0.0799293
0.74575 0.0754931
0.746 0.0710562
0.74625 0.0666186
0.7465 0.0621803
0.74675 0.0577414
0.747 0.053302
0.74725 0.048862
0.7475 0.0444215
0.74775 0.0399806
0.748 0.0355393
0.74825 0.0310977
0.7485 0.0266557
0.74875 0.0222135
0.749 0.0177711
0.74925 0.0133285
0.7495 0.00888571
0.74975 0.00444288
0.75 5.19574e-16
0.75025 -0.00444288
0.7505 -0.00888571
0.75075 -0.0133285
0.751 -0.0177711
0.75125 -0.0222135
0.7515 -0.0266557
0.75175 -0.0310977
0.752 -0.0355393
0.75225 -0.0399806
0.7525 -0.0444215
0.75275 -0.048862
0.753 -0.053302
0.75325 -0.0577414
0.7535 -0.0621803
0.75375 -0.0666186
0.754 -0.0710562
0.75425 -0.0754931
0.7545 -0.0799293
0.75475 -0.0843647
0.755 -0.0887992
0.75525 -0.0932329
0.7555 -0.0976656
0.75575 -0.102097
0.756 -0.106528
0.75625 -0.110958
0.7565 -0.115387
0.75675 -0.119814
0.757 -0.12424
0.75725 -0.128665
0.7575 -0.133089
0.75775 -0.137512
0.758 -0.141933
0.75825 -0.146353
0.7585 -0.150771
0.75875 -0.155188
0.759 -0.159603
0.75925 -0.164017
0.7595 -0.168429
0.75975 -0.172839
0.76 -0.177248
0.76025 -0.181655
0.7605 -0.18606
0.76075 -0.190463
0.761 -0.194865
0.76125 -0.199264
0.7615 -0.203662
0.76175 -0.208058
0.762 -0.212451
0.76225 -0.216842
0.7625 -0.221232
0.76275 -0.225619
0.763 -0.230004
0.76325 -0.234386
0.7635 -0.238767
0.76375 -0.243144
0.764 -0.24752
0.76425 -0.251893
0.7645 -0.256264
0.76475 -0.260632
0.765 -0.264997
0.76525 -0.26936
0.7655 -0.27372
0.76575 -0.278078
0.766 -0.282433
0.76625 -0.286785
0.7665 -0.291134
0.76675 -0.29548
0.767 -0.299823
0.76725 -0.304164
0.7675 -0.308501
0.76775 -0.312835
0.768 -0.317167
0.76825 -0.321495
0.7685 -0.32582
0.76875 -0.330142
0.769 -0.33446
0.76925 -0.338775
0.7695 -0.343087
0.76975 -0.347396
0.77 -0.351701
0.77025 -0.356002
0.7705 -0.3603
0.77075 -0.364595
0.771 -0.368886
0.77125 -0.373173
0.7715 -0.377456
0.77175 -0.381736
0.772 -0.386012
0.77225 -0.390285
0.7725 -0.394553
0.77275 -0.398818
0.773 -0.403078
0.77325 -0.407335
0.7735 -0.411587
0.77375 -0.415836
0.774 -0.42008
0.77425 -0.424321
0.7745 -0.428557
0.77475 -0.432788
0.775 -0.437016
0.77525 -0.441239
0.7755 -0.445458
0.77575 -0.449673
0.776 -0.453883
0.77625 -0.458088
0.7765 -0.462289
0.77675 -0.466486
0.777 -0.470678
0.77725 -0.474865
0.7775 -0.479048
0.77775 -0.483226
0.778 -0.487399
0.77825 -0.491567
0.7785 -0.49573
0.77875 -0.499889
0.779 -0.504043
0.77925 -0.508191
0.7795 -0.512335
0.77975 -0.516473
0.78 -0.520607
0.78025 -0.524735
0.7805 -0.528858
0.78075 -0.532976
0.781 -0.537089
0.78125 -0.541196
0.7815 -0.545298
0.78175 -0.549395
0.782 -0.553486
0.78225 -0.557572
0.7825 -0.561652
0.78275 -0.565727
0.783 -0.569796
0.78325 -0.573859
0.7835 -0.577917
0.78375 -0.581969
0.784 -0.586016
0.78425 -0.590056
0.7845 -0.594091
0.78475 -0.59812
0.785 -0.602143
0.78525 -0.60616
0.7855 -0.610171
0.78575 -0.614176
0.786 -0.618175
0.78625 -0.622168
0.7865 -0.626155
0.78675 -0.630135
0.787 -0.63411
0.78725 -0.638078
0.7875 -0.64204
0.78775 -0.645995
0.788 -0.649944
0.78825 -0.653887
0.7885 -0.657823
0.78875 -0.661753
0.789 -0.665676
0.78925 -0.669593
0.7895 -0.673503
0.78975 -0.677406
0.79 -0.681303
0.79025 -0.685193
0.7905 -0.689076
0.79075 -0.692952
0.791 -0.696822
0.79125 -0.700684
0.7915 -0.70454
0.79175 -0.708389
0.792 -0.712231
0.79225 -0.716066
0.7925 -0.719893
0.79275 -0.723714
0.793 -0.727527
0.79325 -0.731334
0.7935 -0.735133
0.79375 -0.738925
0.794 -0.742709
0.79425 -0.746486
0.7945 -0.750256
0.79475 -0.754019
0.795 -0.757774
0.79525 -0.761521
0.7955 -0.765261
0.79575 -0.768993
0.796 -0.772718
0.79625 -0.776436
0.7965 -0.780145
0.79675 -0.783847
0.797 -0.787541
0.79725 -0.791227
0.7975 -0.794906
0.79775 -0.798577
0.798 -0.802239
0.79825 -0.805894
0.7985 -0.809541
0.79875 -0.81318
0.799 -0.816811
0.79925 -0.820434
0.7995 -0.824049
0.79975 -0.827655
0.8 -0.831254
0.80025 -0.834844
0.8005 -0.838426
0.80075 -0.842
0.801 -0.845565
0.80125 -0.849122
0.8015 -0.852671
0.80175 -0.856211
0.802 -0.859743
0.80225 -0.863267
0.8025 -0.866781
0.80275 -0.870288
0.803 -0.873785
0.80325 -0.877275
0.8035 -0.880755
0.80375 -0.884227
0.804 -0.88769
0.80425 -0.891144
0.8045 -0.894589
0.80475 -0.898026
0.805 -0.901454
0.80525 -0.904872
0.8055 -0.908282
0.80575 -0.911683
0.806 -0.915075
0.80625 -0.918458
0.8065 -0.921832
0.80675 -0.925197
0.807 -0.928552
0.80725 -0.931899
0.8075 -0.935236
0.80775 -0.938564
0.808 -0.941883
0.80825 -0.945192
0.8085 -0.948493
0.80875 -0.951783
0.809 -0.955065
0.80925 -0.958337
0.8095 -0.961599
0.80975 -0.964852
0.81 -0.968096
0.81025 -0.97133
0.8105 -0.974554
0.81075 -0.977769
0.811 -0.980974
0.81125 -0.984169
0.8115 -0.987355
0.81175 -0.990531
0.812 -0.993697
0.81225 -0.996853
0.8125 -1
0.81275 -1.00314
0.813 -1.00626
0.81325 -1.00938
0.8135 -1.01249
0.81375 -1.01558
0.814 -1.01867
0.81425 -1.02175
0.8145 -1.02481
0.81475 -1.02787
0.815 -1.03092
0.81525 -1.03395
0.8155 -1.03698
0.81575 -1.04
0.816 -1.043
0.81625 -1.046
0.8165 -1.04898
0.81675 -1.05196
0.817 -1.05492
0.81725 -1.05787
0.8175 -1.06082
0.81775 -1.06375
0.818 -1.06667
0.81825 -1.06958
0.8185 -1.07249
0.81875 -1.07538
0.819 -1.07826
0.81925 -1.08113
0.8195 -1.08398
0.81975 -1.08683
0.82 -1.08967
0.82025 -1.0925
0.8205 -1.09531
0.82075 -1.09812
0.821 -1.10091
0.82125 -1.1037
0.8215 -1.10647
0.82175 -1.10923
0.822 -1.11198
0.82225 -1.11472
0.8225 -1.11745
0.82275 -1.12017
0.823 -1.12287
0.82325 -1.12557
0.8235 -1.12825
0.82375 -1.13092
0.824 -1.13359
0.82425 -1.13624
0.8245 -1.13888
0.82475 -1.14151
0.825 -1.14412
0.82525 -1.14673
0.8255 -1.14932
0.82575 -1.15191
0.826 -1.15448
0.82625 -1.15704
0.8265 -1.15959
0.82675 -1.16212
0.827 -1.16465
0.82725 -1.16717
0.8275 -1.16967
0.82775 -1.17216
0.828 -1.17464
0.82825 -1.17711
0.8285 -1.17957
0.82875 -1.18201
0.829 -1.18444
0.82925 -1.18687
0.8295 -1.18928
0.82975 -1.19167
0.83 -1.19406
0.83025 -1.19643
0.8305 -1.1988
0.83075 -1.20115
0.831 -1.20349
0.83125 -1.20582
0.8315 -1.20813
0.83175 -1.21043
0.832 -1.21273
0.83225 -1.21501
0.8325 -1.21727
0.83275 -1.21953
0.833 -1.22177
0.83325 -1.224
0.8335 -1.22622
0.83375 -1.22843
0.834 -1.23063
0.83425 -1.23281
0.8345 -1.23498
0.83475 -1.23714
0.835 -1.23928
0.83525 -1.24142
0.8355 -1.24354
0.83575 -1.24565
0.836 -1.24775
0.83625 -1.24983
0.8365 -1.25191
0.83675 -1.25397
0.837 -1.25601
0.83725 -1.25805
0.8375 -1.26007
0.83775 -1.26208
0.838 -1.26408
0.83825 -1.26607
0.8385 -1.26804
0.83875 -1.27
0.839 -1.27195
0.83925 -1.27389
0.8395 -1.27581
0.83975 -1.27772
0.84 -1.27962
0.84025 -1.2815
0.8405 -1.28338
0.84075 -1.28524
0.841 -1.28708
0.84125 -1.28892
0.8415 -1.29074
0.84175 -1.29255
0.842 -1.29435
0.84225 -1.29613
0.8425 -1.2979
0.84275 -1.29966
0.843 -1.3014
0.84325 -1.30314
0.8435 -1.30486
0.84375 -1.30656
0.844 -1.30826
0.84425 -1.30994
0.8445 -1.31161
0.84475 -1.31326
0.845 -1.3149
0.84525 -1.31653
0.8455 -1.31815
0.84575 -1.31975
0.846 -1.32134
0.84625 -1.32292
0.8465 -1.32448
0.84675 -1.32603
0.847 -1.32757
0.84725 -1.32909
0.8475 -1.33061
0.84775 -1.3321
0.848 -1.33359
0.84825 -1.33506
0.8485 -1.33652
0.84875 -1.33797
0.849 -1.3394
0.84925 -1.34082
0.8495 -1.34222
0.84975 -1.34362
0.85 -1.345
0.85025 -1.34636
0.8505 -1.34772
0.85075 -1.34906
0.851 -1.35038
0.85125 -1.3517
0.8515 -1.353
0.85175 -1.35428
0.852 -1.35555
0.85225 -1.35681
0.8525 -1.35806
0.85275 -1.35929
0.853 -1.36051
0.85325 -1.36172
0.8535 -1.36291
0.85375 -1.36409
0.854 -1.36526
0.85425 -1.36641
0.8545 -1.36755
0.85475 -1.36867
0.855 -1.36978
0.85525 -1.37088
0.8555 -1.37197
0.85575 -1.37304
0.856 -1.37409
0.85625 -1.37514
0.8565 -1.37617
0.85675 -1.37719
0.857 -1.37819
0.85725 -1.37918
0.8575 -1.38015
0.85775 -1.38112
0.858 -1.38207
0.85825 -1.383
0.8585 -1.38392
0.85875 -1.38483
0.859 -1.38572
0.85925 -1.3866
0.8595 -1.38747
0.85975 -1.38832
0.86 -1.38916
0.86025 -1.38999
0.8605 -1.3908
0.86075 -1.3916
0.861 -1.39238
0.86125 -1.39315
0.8615 -1.39391
0.86175 -1.39466
0.862 -1.39538
0.86225 -1.3961
0.8625 -1.3968
0.86275 -1.39749
0.863 -1.39816
0.86325 -1.39883
0.8635 -1.39947
0.86375 -1.4001
0.864 -1.40072
0.86425 -1.40133
0.8645 -1.40192
0.86475 -1.4025
0.865 -1.40306
0.86525 -1.40361
0.8655 -1.40415
0.86575 -1.40467
0.866 -1.40518
0.86625 -1.40567
0.8665 -1.40615
0.86675 -1.40662
0.867 -1.40707
0.86725 -1.40751
0.8675 -1.40794
0.86775 -1.40835
0.868 -1.40875
0.86825 -1.40913
0.8685 -1.4095
0.86875 -1.40985
0.869 -1.4102
0.86925 -1.41052
0.8695 -1.41084
0.86975 -1.41114
0.87 -1.41142
0.87025 -1.41169
0.8705 -1.41195
0.87075 -1.4122
0.871 -1.41243
0.87125 -1.41264
0.8715 -1.41285
0.87175 -1.41303
0.872 -1.41321
0.87225 -1.41337
0.8725 -1.41352
0.87275 -1.41365
0.873 -1.41377
0.87325 -1.41387
0.8735 -1.41396
0.87375 -1.41404
0.874 -1.4141
0.87425 -1.41415
0.8745 -1.41419
0.87475 -1.41421
0.875 -1.41421
0.87525 -1.41421
0.8755 -1.41419
0.87575 -1.41415
0.876 -1.4141
0.87625 -1.41404
0.8765 -1.41396
0.87675 -1.41387
0.877 -1.41377
0.87725 -1.41365
0.8775 -1.41352
0.87775 -1.41337
0.878 -1.41321
0.87825 -1.41303
0.8785 -1.41285
0.87875 -1.41264
0.879 -1.41243
0.87925 -1.4122
0.8795 -1.41195
0.87975 -1.41169
0.88 -1.41142
0.88025 -1.41114
0.8805 -1.41084
0.88075 -1.41052
0.881 -1.4102
0.88125 -1.40985
0.8815 -1.4095
0.88175 -1.40913
0.882 -1.40875
0.88225 -1.40835
0.8825 -1.40794
0.88275 -1.40751
0.883 -1.40707
0.88325 -1.40662
0.8835 -1.40615
0.88375 -1.40567
0.884 -1.40518
0.88425 -1.40467
0.8845 -1.40415
0.88475 -1.40361
0.885 -1.40306
0.88525 -1.4025
0.8855 -1.40192
0.88575 -1.40133
0.886 -1.40072
0.88625 -1.4001
0.8865 -1.39947
0.88675 -1.39883
0.887 -1.39816
0.88725 -1.39749
0.8875 -1.3968
0.88775 -1.3961
0.888 -1.39538
0.88825 -1.39466
0.8885 -1.39391
0.88875 -1.39315
0.889 -1.39238
0.88925 -1.3916
0.8895 -1.3908
0.88975 -1.38999
0.89 -1.38916
0.89025 -1.38832
0.8905 -1.38747
0.89075 -1.3866
0.891 -1.38572
0.89125 -1.38483
0.8915 -1.38392
0.89175 -1.383
0.892 -1.38207
0.89225 -1.38112
0.8925 -1.38015
0.89275 -1.37918
0.893 -1.37819
0.89325 -1.37719
0.8935 -1.37617
0.89375 -1.37514
0.894 -1.37409
0.89425 -1.37304
0.8945 -1.37197
0.89475 -1.37088
0.895 -1.36978
0.89525 -1.36867
0.8955 -1.36755
0.89575 -1.36641
0.896 -1.36526
0.89625 -1.36409
0.8965 -1.36291
0.89675 -1.36172
0.897 -1.36051
0.89725 -1.35929
0.8975 -1.35806
0.89775 -1.35681
0.898 -1.35555
0.89825 -1.35428
0.8985 -1.353
0.89875 -1.3517
0.899 -1.35038
0.89925 -1.34906
0.8995 -1.34772
0.89975 -1.34636
0.9 -1.345
0.90025 -1.34362
0.9005 -1.34222
0.90075 -1.34082
0.901 -1.3394
0.90125 -1.33797
0.9015 -1.33652
0.90175 -1.33506
0.902 -1.33359
0.90225 -1.3321
0.9025 -1.33061
0.90275 -1.32909
0.903 -1.32757
0.90325 -1.32603
0.9035 -1.32448
0.90375 -1.32292
0.904 -1.32134
0.90425 -1.31975
0.9045 -1.31815
0.90475 -1.31653
0.905 -1.3149
0.90525 -1.31326
0.9055 -1.31161
0.90575 -1.30994
0.906 -1.30826
0.90625 -1.30656
0.9065 -1.30486
0.90675 -1.30314
0.907 -1.3014
0.90725 -1.29966
0.9075 -1.2979
0.90775 -1.29613
0.908 -1.29435
0.90825 -1.29255
0.9085 -1.29074
0.90875 -1.28892
0.909 -1.28708
0.90925 -1.28524
0.9095 -1.28338
0.90975 -1.2815
0.91 -1.27962
0.91025 -1.27772
0.9105 -1.27581
0.91075 -1.27389
0.911 -1.27195
0.91125 -1.27
0.9115 -1.26804
0.91175 -1.26607
0.912 -1.26408
0.91225 -1.26208
0.9125 -1.26007
0.91275 -1.25805
0.913 -1.25601
0.91325 -1.25397
0.9135 -1.25191
0.91375 -1.24983
0.914 -1.24775
0.91425 -1.24565
0.9145 -1.24354
0.91475 -1.24142
0.915 -1.23928
0.91525 -1.23714
0.9155 -1.23498
0.91575 -1.23281
0.916 -1.23063
0.91625 -1.22843
0.9165 -1.22622
0.91675 -1.224
0.917 -1.22177
0.91725 -1.21953
0.9175 -1.21727
0.91775 -1.21501
0.918 -1.21273
0.91825 -1.21043
0.9185 -1.20813
0.91875 -1.20582
0.919 -1.20349
0.91925 -1.20115
0.9195 -1.1988
0.91975 -1.19643
0.92 -1.19406
0.92025 -1.19167
0.9205 -1.18928
0.92075 -1.18687
0.921 -1.18444
0.92125 -1.18201
0.9215 -1.17957
0.92175 -1.17711
0.922 -1.17464
0.92225 -1.17216
0.9225 -1.16967
0.92275 -1.16717
0.923 -1.16465
0.92325 -1.16212
0.9235 -1.15959
0.92375 -1.15704
0.924 -1.15448
0.92425 -1.15191
0.9245 -1.14932
0.92475 -1.14673
0.925 -1.14412
0.92525 -1.14151
0.9255 -1.13888
0.92575 -1.13624
0.926 -1.13359
0.92625 -1.13092
0.9265 -1.12825
0.92675 -1.12557
0.927 -1.12287
0.92725 -1.12017
0.9275 -1.11745
0.92775 -1.11472
0.928 -1.11198
0.92825 -1.10923
0.9285 -1.10647
0.92875 -1.1037
0.929 -1.10091
0.92925 -1.09812
0.9295 -1.09531
0.92975 -1.0925
0.93 -1.08967
0.93025 -1.08683
0.9305 -1.08398
0.93075 -1.08113
0.931 -1.07826
0.93125 -1.07538
0.9315 -1.07249
0.93175 -1.06958
0.932 -1.06667
0.93225 -1.06375
0.9325 -1.06082
0.93275 -1.05787
0.933 -1.05492
0.93325 -1.05196
0.9335 -1.04898
0.93375 -1.046
0.934 -1.043
0.93425 -1.04
0.9345 -1.03698
0.93475 -1.03395
0.935 -1.03092
0.93525 -1.02787
0.9355 -1.02481
0.93575 -1.02175
0.936 -1.01867
0.93625 -1.01558
0.9365 -1.01249
0.93675 -1.00938
0.937 -1.00626
0.93725 -1.00314
0.9375 -1
0.93775 -0.996853
0.938 -0.993697
0.93825 -0.990531
0.9385 -0.987355
0.93875 -0.984169
0.939 -0.980974
0.93925 -0.977769
0.9395 -0.974554
0.93975 -0.97133
0.94 -0.968096
0.94025 -0.964852
0.9405 -0.961599
0.94075 -0.958337
0.941 -0.955065
0.94125 -0.951783
0.9415 -0.948493
0.94175 -0.945192
0.942 -0.941883
0.94225 -0.938564
0.9425 -0.935236
0.94275 -0.931899
0.943 -0.928552
0.94325 -0.925197
0.9435 -0.921832
0.94375 -0.918458
0.944 -0.915075
0.94425 -0.911683
0.9445 -0.908282
0.94475 -0.904872
0.945 -0.901454
0.94525 -0.898026
0.9455 -0.894589
0.94575 -0.891144
0.946 -0.88769
0.94625 -0.884227
0.9465 -0.880755
0.94675 -0.877275
0.947 -0.873785
0.94725 -0.870288
0.9475 -0.866781
0.94775 -0.863267
0.948 -0.859743
0.94825 -0.856211
0.9485 -0.852671
0.94875 -0.849122
0.949 -0.845565
0.94925 -0.842
0.9495 -0.838426
0.94975 -0.834844
0.95 -0.831254
0.95025 -0.827655
0.9505 -0.824049
0.95075 -0.820434
0.951 -0.816811
0.95125 -0.81318
0.9515 -0.809541
0.95175 -0.805894
0.952 -0.802239
0.95225 -0.798577
0.9525 -0.794906
0.95275 -0.791227
0.953 -0.787541
0.95325 -0.783847
0.9535 -0.780145
0.95375 -0.776436
0.954 -0.772718
0.95425 -0.768993
0.9545 -0.765261
0.95475 -0.761521
0.955 -0.757774
0.95525 -0.754019
0.9555 -0.750256
0.95575 -0.746486
0.956 -0.742709
0.95625 -0.738925
0.9565 -0.735133
0.95675 -0.731334
0.957 -0.727527
0.95725 -0.723714
0.9575 -0.719893
0.95775 -0.716066
0.958 -0.712231
0.95825 -0.708389
0.9585 -0.70454
0.95875 -0.700684
0.959 -0.696822
0.95925 -0.692952
0.9595 -0.689076
0.95975 -0.685193
0.96 -0.681303
0.96025 -0.677406
0.9605 -0.673503
0.96075 -0.669593
0.961 -0.665676
0.96125 -0.661753
0.9615 -0.657823
0.96175 -0.653887
0.962 -0.649944
0.96225 -0.645995
0.9625 -0.64204
0.96275 -0.638078
0.963 -0.63411
0.96325 -0.630135
0.9635 -0.626155
0.96375 -0.622168
0.964 -0.618175
0.96425 -0.614176
0.9645 -0.610171
0.96475 -0.60616
0.965 -0.602143
0.96525 -0.59812
0.9655 -0.594091
0.96575 -0.590056
0.966 -0.586016
0.96625 -0.581969
0.9665 -0.577917
0.96675 -0.573859
0.967 -0.569796
0.96725 -0.565727
0.9675 -0.561652
0.96775 -0.557572
0.968 -0.553486
0.96825 -0.549395
0.9685 -0.545298
0.96875 -0.541196
0.969 -0.537089
0.96925 -0.532976
0.9695 -0.528858
0.96975 -0.524735
0.97 -0.520607
0.97025 -0.516473
0.9705 -0.512335
0.97075 -0.508191
0.971 -0.504043
0.97125 -0.499889
0.9715 -0.49573
0.97175 -0.491567
0.972 -0.487399
0.97225 -0.483226
0.9725 -0.479048
0.97275 -0.474865
0.973 -0.470678
0.97325 -0.466486
0.9735 -0.462289
0.97375 -0.458088
0.974 -0.453883
0.97425 -0.449673
0.9745 -0.445458
0.97475 -0.441239
0.975 -0.437016
0.97525 -0.432788
0.9755 -0.428557
0.97575 -0.424321
0.976 -0.42008
0.97625 -0.415836
0.9765 -0.411587
0.97675 -0.407335
0.977 -0.403078
0.97725 -0.398818
0.9775 -0.394553
0.97775 -0.390285
0.978 -0.386012
0.97825 -0.381736
0.9785 -0.377456
0.97875 -0.373173
0.979 -0.368886
0.97925 -0.364595
0.9795 -0.3603
0.97975 -0.356002
0.98 -0.351701
0.98025 -0.347396
0.9805 -0.343087
0.98075 -0.338775
0.981 -0.33446
0.98125 -0.330142
0.9815 -0.32582
0.98175 -0.321495
0.982 -0.317167
0.98225 -0.312835
0.9825 -0.308501
0.98275 -0.304164
0.983 -0.299823
0.98325 -0.29548
0.9835 -0.291134
0.98375 -0.286785
0.984 -0.282433
0.98425 -0.278078
0.9845 -0.27372
0.98475 -0.26936
0.985 -0.264997
0.98525 -0.260632
0.9855 -0.256264
0.98575 -0.251893
0.986 -0.24752
0.98625 -0.243144
0.9865 -0.238767
0.98675 -0.234386
0.987 -0.230004
0.98725 -0.225619
0.9875 -0.221232
0.98775 -0.216842
0.988 -0.212451
0.98825 -0.208058
0.9885 -0.203662
0.98875 -0.199264
0.989 -0.194865
0.98925 -0.190463
0.9895 -0.18606
0.98975 -0.181655
0.99 -0.177248
0.99025 -0.172839
0.9905 -0.168429
0.99075 -0.164017
0.991 -0.159603
0.99125 -0.155188
0.9915 -0.150771
0.99175 -0.146353
0.992 -0.141933
0.99225 -0.137512
0.9925 -0.133089
0.99275 -0.128665
0.993 -0.12424
0.99325 -0.119814
0.9935 -0.115387
0.99375 -0.110958
0.994 -0.106528
0.99425 -0.102097
0.9945 -0.0976656
0.99475 -0.0932329
0.995 -0.0887992
0.99525 -0.0843647
0.9955 -0.0799293
0.99575 -0.0754931
0.996 -0.0710562
0.99625 -0.0666186
0.9965 -0.0621803
0.99675 -0.0577414
0.997 -0.053302
0.99725 -0.048862
0.9975 -0.0444215
0.99775 -0.0399806
0.998 -0.0355393
0.99825 -0.0310977
0.9985 -0.0266557
0.99875 -0.0222135
0.999 -0.0177711
0.99925 -0.0133285
0.9995 -0.00888571
0.99975 -0.00444288
1 -6.92765e-16
