x y z
0 0 0
0.025 0 0
0.05 0 0
0.075 0 0
0.1 0 0
0.125 0 0
0.15 0 0
0.175 0 0
0.2 0 0
0.225 0 0
0.25 0 0
0.275 0 0
0.3 0 0
0.325 0 0
0.35 0 0
0.375 0 0
0.4 0 0
0.425 0 0
0.45 0 0
0.475 0 0
0.5 0 0
0.525 0 -0
0.55 0 -0
0.575 0 -0
0.6 0 -0
0.625 0 -0
0.65 0 -0
0.675 0 -0
0.7 0 -0
0.725 0 -0
0.75 0 -0
0.775 0 -0
0.8 0 -0
0.825 0 -0
0.85 0 -0
0.875 0 -0
0.9 0 -0
0.925 0 -0
0.95 0 -0
0.975 0 -0
1 0 -0
0 0.025 0
0.025 0.025 0.0122737
0.05 0.025 0.0242452
0.075 0.025 0.0356197
0.1 0.025 0.0461171
0.125 0.025 0.055479
0.15 0.025 0.0634747
0.175 0.025 0.0699076
0.2 0.025 0.074619
0.225 0.025 0.0774931
0.25 0.025 0.0784591
0.275 0.025 0.0774931
0.3 0.025 0.074619
0.325 0.025 0.0699076
0.35 0.025 0.0634747
0.375 0.025 0.055479
0.4 0.025 0.0461171
0.425 0.025 0.0356197
0.45 0.025 0.0242452
0.475 0.025 0.0122737
0.5 0.025 9.60847e-18
0.525 0.025 -0.0122737
0.55 0.025 -0.0242452
0.575 0.025 -0.0356197
0.6 0.025 -0.0461171
0.625 0.025 -0.055479
0.65 0.025 -0.0634747
0.675 0.025 -0.0699076
0.7 0.025 -0.074619
0.725 0.025 -0.0774931
0.75 0.025 -0.0784591
0.775 0.025 -0.0774931
0.8 0.025 -0.074619
0.825 0.025 -0.0699076
0.85 0.025 -0.0634747
0.875 0.025 -0.055479
0.9 0.025 -0.0461171
0.925 0.025 -0.0356197
0.95 0.025 -0.0242452
0.975 0.025 -0.0122737
1 0.025 -1.92169e-17
0 0.05 0
0.025 0.05 0.0244717
0.05 0.05 0.0483409
0.075 0.05 0.0710198
0.1 0.05 0.0919499
0.125 0.05 0.110616
0.15 0.05 0.126558
0.175 0.05 0.139384
0.2 0.05 0.148778
0.225 0.05 0.154508
0.25 0.05 0.156434
0.275 0.05 0.154508
0.3 0.05 0.148778
0.325 0.05 0.139384
0.35 0.05 0.126558
0.375 0.05 0.110616
0.4 0.05 0.0919499
0.425 0.05 0.0710198
0.45 0.05 0.0483409
0.475 0.05 0.0244717
0.5 0.05 1.91577e-17
0.525 0.05 -0.0244717
0.55 0.05 -0.0483409
0.575 0.05 -0.0710198
0.6 0.05 -0.0919499
0.625 0.05 -0.110616
0.65 0.05 -0.126558
0.675 0.05 -0.139384
0.7 0.05 -0.148778
0.725 0.05 -0.154508
0.75 0.05 -0.156434
0.775 0.05 -0.154508
0.8 0.05 -0.148778
0.825 0.05 -0.139384
0.85 0.05 -0.126558
0.875 0.05 -0.110616
0.9 0.05 -0.0919499
0.925 0.05 -0.0710198
0.95 0.05 -0.0483409
0.975 0.05 -0.0244717
1 0.05 -3.83154e-17
0 0.075 0
0.025 0.075 0.0365189
0.05 0.075 0.0721386
0.075 0.075 0.105982
0.1 0.075 0.137216
0.125 0.075 0.165071
0.15 0.075 0.188861
0.175 0.075 0.208001
0.2 0.075 0.22202
0.225 0.075 0.230571
0.25 0.075 0.233445
0.275 0.075 0.230571
0.3 0.075 0.22202
0.325 0.075 0.208001
0.35 0.075 0.188861
0.375 0.075 0.165071
0.4 0.075 0.137216
0.425 0.075 0.105982
0.45 0.075 0.0721386
0.475 0.075 0.0365189
0.5 0.075 2.85888e-17
0.525 0.075 -0.0365189
0.55 0.075 -0.0721386
0.575 0.075 -0.105982
0.6 0.075 -0.137216
0.625 0.075 -0.165071
0.65 0.075 -0.188861
0.675 0.075 -0.208001
0.7 0.075 -0.22202
0.725 0.075 -0.230571
0.75 0.075 -0.233445
0.775 0.075 -0.230571
0.8 0.075 -0.22202
0.825 0.075 -0.208001
0.85 0.075 -0.188861
0.875 0.075 -0.165071
0.9 0.075 -0.137216
0.925 0.075 -0.105982
0.95 0.075 -0.0721386
0.975 0.075 -0.0365189
1 0.075 -5.71776e-17
0 0.1 0
0.025 0.1 0.0483409
0.05 0.1 0.0954915
0.075 0.1 0.140291
0.1 0.1 0.181636
0.125 0.1 0.218508
0.15 0.1 0.25
0.175 0.1 0.275336
0.2 0.1 0.293893
0.225 0.1 0.305212
0.25 0.1 0.309017
0.275 0.1 0.305212
0.3 0.1 0.293893
0.325 0.1 0.275336
0.35 0.1 0.25
0.375 0.1 0.218508
0.4 0.1 0.181636
0.425 0.1 0.140291
0.45 0.1 0.0954915
0.475 0.1 0.0483409
0.5 0.1 3.78437e-17
0.525 0.1 -0.0483409
0.55 0.1 -0.0954915
0.575 0.1 -0.140291
0.6 0.1 -0.181636
0.625 0.1 -0.218508
0.65 0.1 -0.25
0.675 0.1 -0.275336
0.7 0.1 -0.293893
0.725 0.1 -0.305212
0.75 0.1 -0.309017
0.775 0.1 -0.305212
0.8 0.1 -0.293893
0.825 0.1 -0.275336
0.85 0.1 -0.25
0.875 0.1 -0.218508
0.9 0.1 -0.181636
0.925 0.1 -0.140291
0.95 0.1 -0.0954915
0.975 0.1 -0.0483409
1 0.1 -7.56873e-17
0 0.125 0
0.025 0.125 0.0598649
0.05 0.125 0.118256
0.075 0.125 0.173735
0.1 0.125 0.224936
0.125 0.125 0.270598
0.15 0.125 0.309597
0.175 0.125 0.340973
0.2 0.125 0.363954
0.225 0.125 0.377972
0.25 0.125 0.382683
0.275 0.125 0.377972
0.3 0.125 0.363954
0.325 0.125 0.340973
0.35 0.125 0.309597
0.375 0.125 0.270598
0.4 0.125 0.224936
0.425 0.125 0.173735
0.45 0.125 0.118256
0.475 0.125 0.0598649
0.5 0.125 4.68652e-17
0.525 0.125 -0.0598649
0.55 0.125 -0.118256
0.575 0.125 -0.173735
0.6 0.125 -0.224936
0.625 0.125 -0.270598
0.65 0.125 -0.309597
0.675 0.125 -0.340973
0.7 0.125 -0.363954
0.725 0.125 -0.377972
0.75 0.125 -0.382683
0.775 0.125 -0.377972
0.8 0.125 -0.363954
0.825 0.125 -0.340973
0.85 0.125 -0.309597
0.875 0.125 -0.270598
0.9 0.125 -0.224936
0.925 0.125 -0.173735
0.95 0.125 -0.118256
0.975 0.125 -0.0598649
1 0.125 -9.37304e-17
0 0.15 0
0.025 0.15 0.0710198
0.05 0.15 0.140291
0.075 0.15 0.206107
0.1 0.15 0.266849
0.125 0.15 0.32102
0.15 0.15 0.367286
0.175 0.15 0.404508
0.2 0.15 0.431771
0.225 0.15 0.448401
0.25 0.15 0.45399
0.275 0.15 0.448401
0.3 0.15 0.431771
0.325 0.15 0.404508
0.35 0.15 0.367286
0.375 0.15 0.32102
0.4 0.15 0.266849
0.425 0.15 0.206107
0.45 0.15 0.140291
0.475 0.15 0.0710198
0.5 0.15 5.55978e-17
0.525 0.15 -0.0710198
0.55 0.15 -0.140291
0.575 0.15 -0.206107
0.6 0.15 -0.266849
0.625 0.15 -0.32102
0.65 0.15 -0.367286
0.675 0.15 -0.404508
0.7 0.15 -0.431771
0.725 0.15 -0.448401
0.75 0.15 -0.45399
0.775 0.15 -0.448401
0.8 0.15 -0.431771
0.825 0.15 -0.404508
0.85 0.15 -0.367286
0.875 0.15 -0.32102
0.9 0.15 -0.266849
0.925 0.15 -0.206107
0.95 0.15 -0.140291
0.975 0.15 -0.0710198
1 0.15 -1.11196e-16
0 0.175 0
0.025 0.175 0.0817368
0.05 0.175 0.161461
0.075 0.175 0.237209
0.1 0.175 0.307117
0.125 0.175 0.369462
0.15 0.175 0.42271
0.175 0.175 0.46555
0.2 0.175 0.496926
0.225 0.175 0.516066
0.25 0.175 0.522499
0.275 0.175 0.516066
0.3 0.175 0.496926
0.325 0.175 0.46555
0.35 0.175 0.42271
0.375 0.175 0.369462
0.4 0.175 0.307117
0.425 0.175 0.237209
0.45 0.175 0.161461
0.475 0.175 0.0817368
0.5 0.175 6.39876e-17
0.525 0.175 -0.0817368
0.55 0.175 -0.161461
0.575 0.175 -0.237209
0.6 0.175 -0.307117
0.625 0.175 -0.369462
0.65 0.175 -0.42271
0.675 0.175 -0.46555
0.7 0.175 -0.496926
0.725 0.175 -0.516066
0.75 0.175 -0.522499
0.775 0.175 -0.516066
0.8 0.175 -0.496926
0.825 0.175 -0.46555
0.85 0.175 -0.42271
0.875 0.175 -0.369462
0.9 0.175 -0.307117
0.925 0.175 -0.237209
0.95 0.175 -0.161461
0.975 0.175 -0.0817368
1 0.175 -1.27975e-16
0 0.2 0
0.025 0.2 0.0919499
0.05 0.2 0.181636
0.075 0.2 0.266849
0.1 0.2 0.345492
0.125 0.2 0.415627
0.15 0.2 0.475528
0.175 0.2 0.52372
0.2 0.2 0.559017
0.225 0.2 0.580549
0.25 0.2 0.587785
0.275 0.2 0.580549
0.3 0.2 0.559017
0.325 0.2 0.52372
0.35 0.2 0.475528
0.375 0.2 0.415627
0.4 0.2 0.345492
0.425 0.2 0.266849
0.45 0.2 0.181636
0.475 0.2 0.0919499
0.5 0.2 7.19829e-17
0.525 0.2 -0.0919499
0.55 0.2 -0.181636
0.575 0.2 -0.266849
0.6 0.2 -0.345492
0.625 0.2 -0.415627
0.65 0.2 -0.475528
0.675 0.2 -0.52372
0.7 0.2 -0.559017
0.725 0.2 -0.580549
0.75 0.2 -0.587785
0.775 0.2 -0.580549
0.8 0.2 -0.559017
0.825 0.2 -0.52372
0.85 0.2 -0.475528
0.875 0.2 -0.415627
0.9 0.2 -0.345492
0.925 0.2 -0.266849
0.95 0.2 -0.181636
0.975 0.2 -0.0919499
1 0.2 -1.43966e-16
0 0.225 0
0.025 0.225 0.101596
0.05 0.225 0.20069
0.075 0.225 0.294843
0.1 0.225 0.381736
0.125 0.225 0.459229
0.15 0.225 0.525415
0.175 0.225 0.578662
0.2 0.225 0.617662
0.225 0.225 0.641452
0.25 0.225 0.649448
0.275 0.225 0.641452
0.3 0.225 0.617662
0.325 0.225 0.578662
0.35 0.225 0.525415
0.375 0.225 0.459229
0.4 0.225 0.381736
0.425 0.225 0.294843
0.45 0.225 0.20069
0.475 0.225 0.101596
0.5 0.225 7.95344e-17
0.525 0.225 -0.101596
0.55 0.225 -0.20069
0.575 0.225 -0.294843
0.6 0.225 -0.381736
0.625 0.225 -0.459229
0.65 0.225 -0.525415
0.675 0.225 -0.578662
0.7 0.225 -0.617662
0.725 0.225 -0.641452
0.75 0.225 -0.649448
0.775 0.225 -0.641452
0.8 0.225 -0.617662
0.825 0.225 -0.578662
0.85 0.225 -0.525415
0.875 0.225 -0.459229
0.9 0.225 -0.381736
0.925 0.225 -0.294843
0.95 0.225 -0.20069
0.975 0.225 -0.101596
1 0.225 -1.59069e-16
0 0.25 0
0.025 0.25 0.110616
0.05 0.25 0.218508
0.075 0.25 0.32102
0.1 0.25 0.415627
0.125 0.25 0.5
0.15 0.25 0.572061
0.175 0.25 0.630037
0.2 0.25 0.672499
0.225 0.25 0.698401
0.25 0.25 0.707107
0.275 0.25 0.698401
0.3 0.25 0.672499
0.325 0.25 0.630037
0.35 0.25 0.572061
0.375 0.25 0.5
0.4 0.25 0.415627
0.425 0.25 0.32102
0.45 0.25 0.218508
0.475 0.25 0.110616
0.5 0.25 8.65956e-17
0.525 0.25 -0.110616
0.55 0.25 -0.218508
0.575 0.25 -0.32102
0.6 0.25 -0.415627
0.625 0.25 -0.5
0.65 0.25 -0.572061
0.675 0.25 -0.630037
0.7 0.25 -0.672499
0.725 0.25 -0.698401
0.75 0.25 -0.707107
0.775 0.25 -0.698401
0.8 0.25 -0.672499
0.825 0.25 -0.630037
0.85 0.25 -0.572061
0.875 0.25 -0.5
0.9 0.25 -0.415627
0.925 0.25 -0.32102
0.95 0.25 -0.218508
0.975 0.25 -0.110616
1 0.25 -1.73191e-16
0 0.275 0
0.025 0.275 0.118954
0.05 0.275 0.234978
0.075 0.275 0.345217
0.1 0.275 0.446955
0.125 0.275 0.537688
0.15 0.275 0.615181
0.175 0.275 0.677527
0.2 0.275 0.723189
0.225 0.275 0.751044
0.25 0.275 0.760406
0.275 0.275 0.751044
0.3 0.275 0.723189
0.325 0.275 0.677527
0.35 0.275 0.615181
0.375 0.275 0.537688
0.4 0.275 0.446955
0.425 0.275 0.345217
0.45 0.275 0.234978
0.475 0.275 0.118954
0.5 0.275 9.31229e-17
0.525 0.275 -0.118954
0.55 0.275 -0.234978
0.575 0.275 -0.345217
0.6 0.275 -0.446955
0.625 0.275 -0.537688
0.65 0.275 -0.615181
0.675 0.275 -0.677527
0.7 0.275 -0.723189
0.725 0.275 -0.751044
0.75 0.275 -0.760406
0.775 0.275 -0.751044
0.8 0.275 -0.723189
0.825 0.275 -0.677527
0.85 0.275 -0.615181
0.875 0.275 -0.537688
0.9 0.275 -0.446955
0.925 0.275 -0.345217
0.95 0.275 -0.234978
0.975 0.275 -0.118954
1 0.275 -1.86246e-16
0 0.3 0
0.025 0.3 0.126558
0.05 0.3 0.25
0.075 0.3 0.367286
0.1 0.3 0.475528
0.125 0.3 0.572061
0.15 0.3 0.654508
0.175 0.3 0.720839
0.2 0.3 0.769421
0.225 0.3 0.799057
0.25 0.3 0.809017
0.275 0.3 0.799057
0.3 0.3 0.769421
0.325 0.3 0.720839
0.35 0.3 0.654508
0.375 0.3 0.572061
0.4 0.3 0.475528
0.425 0.3 0.367286
0.45 0.3 0.25
0.475 0.3 0.126558
0.5 0.3 9.9076e-17
0.525 0.3 -0.126558
0.55 0.3 -0.25
0.575 0.3 -0.367286
0.6 0.3 -0.475528
0.625 0.3 -0.572061
0.65 0.3 -0.654508
0.675 0.3 -0.720839
0.7 0.3 -0.769421
0.725 0.3 -0.799057
0.75 0.3 -0.809017
0.775 0.3 -0.799057
0.8 0.3 -0.769421
0.825 0.3 -0.720839
0.85 0.3 -0.654508
0.875 0.3 -0.572061
0.9 0.3 -0.475528
0.925 0.3 -0.367286
0.95 0.3 -0.25
0.975 0.3 -0.126558
1 0.3 -1.98152e-16
0 0.325 0
0.025 0.325 0.133382
0.05 0.325 0.26348
0.075 0.325 0.387091
0.1 0.325 0.501169
0.125 0.325 0.602908
0.15 0.325 0.6898
0.175 0.325 0.759708
0.2 0.325 0.810909
0.225 0.325 0.842143
0.25 0.325 0.85264
0.275 0.325 0.842143
0.3 0.325 0.810909
0.325 0.325 0.759708
0.35 0.325 0.6898
0.375 0.325 0.602908
0.4 0.325 0.501169
0.425 0.325 0.387091
0.45 0.325 0.26348
0.475 0.325 0.133382
0.5 0.325 1.04418e-16
0.525 0.325 -0.133382
0.55 0.325 -0.26348
0.575 0.325 -0.387091
0.6 0.325 -0.501169
0.625 0.325 -0.602908
0.65 0.325 -0.6898
0.675 0.325 -0.759708
0.7 0.325 -0.810909
0.725 0.325 -0.842143
0.75 0.325 -0.85264
0.775 0.325 -0.842143
0.8 0.325 -0.810909
0.825 0.325 -0.759708
0.85 0.325 -0.6898
0.875 0.325 -0.602908
0.9 0.325 -0.501169
0.925 0.325 -0.387091
0.95 0.325 -0.26348
0.975 0.325 -0.133382
1 0.325 -2.08837e-16
0 0.35 0
0.025 0.35 0.139384
0.05 0.35 0.275336
0.075 0.35 0.404508
0.1 0.35 0.52372
0.125 0.35 0.630037
0.15 0.35 0.720839
0.175 0.35 0.793893
0.2 0.35 0.847398
0.225 0.35 0.880037
0.25 0.35 0.891007
0.275 0.35 0.880037
0.3 0.35 0.847398
0.325 0.35 0.793893
0.35 0.35 0.720839
0.375 0.35 0.630037
0.4 0.35 0.52372
0.425 0.35 0.404508
0.45 0.35 0.275336
0.475 0.35 0.139384
0.5 0.35 1.09117e-16
0.525 0.35 -0.139384
0.55 0.35 -0.275336
0.575 0.35 -0.404508
0.6 0.35 -0.52372
0.625 0.35 -0.630037
0.65 0.35 -0.720839
0.675 0.35 -0.793893
0.7 0.35 -0.847398
0.725 0.35 -0.880037
0.75 0.35 -0.891007
0.775 0.35 -0.880037
0.8 0.35 -0.847398
0.825 0.35 -0.793893
0.85 0.35 -0.720839
0.875 0.35 -0.630037
0.9 0.35 -0.52372
0.925 0.35 -0.404508
0.95 0.35 -0.275336
0.975 0.35 -0.139384
1 0.35 -2.18234e-16
0 0.375 0
0.025 0.375 0.144527
0.05 0.375 0.285494
0.075 0.375 0.419433
0.1 0.375 0.543043
0.125 0.375 0.653281
0.15 0.375 0.747434
0.175 0.375 0.823183
0.2 0.375 0.878662
0.225 0.375 0.912505
0.25 0.375 0.92388
0.275 0.375 0.912505
0.3 0.375 0.878662
0.325 0.375 0.823183
0.35 0.375 0.747434
0.375 0.375 0.653281
0.4 0.375 0.543043
0.425 0.375 0.419433
0.45 0.375 0.285494
0.475 0.375 0.144527
0.5 0.375 1.13143e-16
0.525 0.375 -0.144527
0.55 0.375 -0.285494
0.575 0.375 -0.419433
0.6 0.375 -0.543043
0.625 0.375 -0.653281
0.65 0.375 -0.747434
0.675 0.375 -0.823183
0.7 0.375 -0.878662
0.725 0.375 -0.912505
0.75 0.375 -0.92388
0.775 0.375 -0.912505
0.8 0.375 -0.878662
0.825 0.375 -0.823183
0.85 0.375 -0.747434
0.875 0.375 -0.653281
0.9 0.375 -0.543043
0.925 0.375 -0.419433
0.95 0.375 -0.285494
0.975 0.375 -0.144527
1 0.375 -2.26285e-16
0 0.4 0
0.025 0.4 0.148778
0.05 0.4 0.293893
0.075 0.4 0.431771
0.1 0.4 0.559017
0.125 0.4 0.672499
0.15 0.4 0.769421
0.175 0.4 0.847398
0.2 0.4 0.904508
0.225 0.4 0.939347
0.25 0.4 0.951057
0.275 0.4 0.939347
0.3 0.4 0.904508
0.325 0.4 0.847398
0.35 0.4 0.769421
0.375 0.4 0.672499
0.4 0.4 0.559017
0.425 0.4 0.431771
0.45 0.4 0.293893
0.475 0.4 0.148778
0.5 0.4 1.16471e-16
0.525 0.4 -0.148778
0.55 0.4 -0.293893
0.575 0.4 -0.431771
0.6 0.4 -0.559017
0.625 0.4 -0.672499
0.65 0.4 -0.769421
0.675 0.4 -0.847398
0.7 0.4 -0.904508
0.725 0.4 -0.939347
0.75 0.4 -0.951057
0.775 0.4 -0.939347
0.8 0.4 -0.904508
0.825 0.4 -0.847398
0.85 0.4 -0.769421
0.875 0.4 -0.672499
0.9 0.4 -0.559017
0.925 0.4 -0.431771
0.95 0.4 -0.293893
0.975 0.4 -0.148778
1 0.4 -2.32942e-16
0 0.425 0
0.025 0.425 0.152112
0.05 0.425 0.300479
0.075 0.425 0.441447
0.1 0.425 0.571545
0.125 0.425 0.687569
0.15 0.425 0.786664
0.175 0.425 0.866388
0.2 0.425 0.924779
0.225 0.425 0.960398
0.25 0.425 0.97237
0.275 0.425 0.960398
0.3 0.425 0.924779
0.325 0.425 0.866388
0.35 0.425 0.786664
0.375 0.425 0.687569
0.4 0.425 0.571545
0.425 0.425 0.441447
0.45 0.425 0.300479
0.475 0.425 0.152112
0.5 0.425 1.19081e-16
0.525 0.425 -0.152112
0.55 0.425 -0.300479
0.575 0.425 -0.441447
0.6 0.425 -0.571545
0.625 0.425 -0.687569
0.65 0.425 -0.786664
0.675 0.425 -0.866388
0.7 0.425 -0.924779
0.725 0.425 -0.960398
0.75 0.425 -0.97237
0.775 0.425 -0.960398
0.8 0.425 -0.924779
0.825 0.425 -0.866388
0.85 0.425 -0.786664
0.875 0.425 -0.687569
0.9 0.425 -0.571545
0.925 0.425 -0.441447
0.95 0.425 -0.300479
0.975 0.425 -0.152112
1 0.425 -2.38162e-16
0 0.45 0
0.025 0.45 0.154508
0.05 0.45 0.305212
0.075 0.45 0.448401
0.1 0.45 0.580549
0.125 0.45 0.698401
0.15 0.45 0.799057
0.175 0.45 0.880037
0.2 0.45 0.939347
0.225 0.45 0.975528
0.25 0.45 0.987688
0.275 0.45 0.975528
0.3 0.45 0.939347
0.325 0.45 0.880037
0.35 0.45 0.799057
0.375 0.45 0.698401
0.4 0.45 0.580549
0.425 0.45 0.448401
0.45 0.45 0.305212
0.475 0.45 0.154508
0.5 0.45 1.20957e-16
0.525 0.45 -0.154508
0.55 0.45 -0.305212
0.575 0.45 -0.448401
0.6 0.45 -0.580549
0.625 0.45 -0.698401
0.65 0.45 -0.799057
0.675 0.45 -0.880037
0.7 0.45 -0.939347
0.725 0.45 -0.975528
0.75 0.45 -0.987688
0.775 0.45 -0.975528
0.8 0.45 -0.939347
0.825 0.45 -0.880037
0.85 0.45 -0.799057
0.875 0.45 -0.698401
0.9 0.45 -0.580549
0.925 0.45 -0.448401
0.95 0.45 -0.305212
0.975 0.45 -0.154508
1 0.45 -2.41914e-16
0 0.475 0
0.025 0.475 0.155952
0.05 0.475 0.308064
0.075 0.475 0.452591
0.1 0.475 0.585973
0.125 0.475 0.704927
0.15 0.475 0.806523
0.175 0.475 0.88826
0.2 0.475 0.948125
0.225 0.475 0.984644
0.25 0.475 0.996917
0.275 0.475 0.984644
0.3 0.475 0.948125
0.325 0.475 0.88826
0.35 0.475 0.806523
0.375 0.475 0.704927
0.4 0.475 0.585973
0.425 0.475 0.452591
0.45 0.475 0.308064
0.475 0.475 0.155952
0.5 0.475 1.22087e-16
0.525 0.475 -0.155952
0.55 0.475 -0.308064
0.575 0.475 -0.452591
0.6 0.475 -0.585973
0.625 0.475 -0.704927
0.65 0.475 -0.806523
0.675 0.475 -0.88826
0.7 0.475 -0.948125
0.725 0.475 -0.984644
0.75 0.475 -0.996917
0.775 0.475 -0.984644
0.8 0.475 -0.948125
0.825 0.475 -0.88826
0.85 0.475 -0.806523
0.875 0.475 -0.704927
0.9 0.475 -0.585973
0.925 0.475 -0.452591
0.95 0.475 -0.308064
0.975 0.475 -0.155952
1 0.475 -2.44174e-16
0 0.5 0
0.025 0.5 0.156434
0.05 0.5 0.309017
0.075 0.5 0.45399
0.1 0.5 0.587785
0.125 0.5 0.707107
0.15 0.5 0.809017
0.175 0.5 0.891007
0.2 0.5 0.951057
0.225 0.5 0.987688
0.25 0.5 1
0.275 0.5 0.987688
0.3 0.5 0.951057
0.325 0.5 0.891007
0.35 0.5 0.809017
0.375 0.5 0.707107
0.4 0.5 0.587785
0.425 0.5 0.45399
0.45 0.5 0.309017
0.475 0.5 0.156434
0.5 0.5 1.22465e-16
0.525 0.5 -0.156434
0.55 0.5 -0.309017
0.575 0.5 -0.45399
0.6 0.5 -0.587785
0.625 0.5 -0.707107
0.65 0.5 -0.809017
0.675 0.5 -0.891007
0.7 0.5 -0.951057
0.725 0.5 -0.987688
0.75 0.5 -1
0.775 0.5 -0.987688
0.8 0.5 -0.951057
0.825 0.5 -0.891007
0.85 0.5 -0.809017
0.875 0.5 -0.707107
0.9 0.5 -0.587785
0.925 0.5 -0.45399
0.95 0.5 -0.309017
0.975 0.5 -0.156434
1 0.5 -2.44929e-16
0 0.525 0
0.025 0.525 0.155952
0.05 0.525 0.308064
0.075 0.525 0.452591
0.1 0.525 0.585973
0.125 0.525 0.704927
0.15 0.525 0.806523
0.175 0.525 0.88826
0.2 0.525 0.948125
0.225 0.525 0.984644
0.25 0.525 0.996917
0.275 0.525 0.984644
0.3 0.525 0.948125
0.325 0.525 0.88826
0.35 0.525 0.806523
0.375 0.525 0.704927
0.4 0.525 0.585973
0.425 0.525 0.452591
0.45 0.525 0.308064
0.475 0.525 0.155952
0.5 0.525 1.22087e-16
0.525 0.525 -0.155952
0.55 0.525 -0.308064
0.575 0.525 -0.452591
0.6 0.525 -0.585973
0.625 0.525 -0.704927
0.65 0.525 -0.806523
0.675 0.525 -0.88826
0.7 0.525 -0.948125
0.725 0.525 -0.984644
0.75 0.525 -0.996917
0.775 0.525 -0.984644
0.8 0.525 -0.948125
0.825 0.525 -0.88826
0.85 0.525 -0.806523
0.875 0.525 -0.704927
0.9 0.525 -0.585973
0.925 0.525 -0.452591
0.95 0.525 -0.308064
0.975 0.525 -0.155952
1 0.525 -2.44174e-16
0 0.55 0
0.025 0.55 0.154508
0.05 0.55 0.305212
0.075 0.55 0.448401
0.1 0.55 0.580549
0.125 0.55 0.698401
0.15 0.55 0.799057
0.175 0.55 0.880037
0.2 0.55 0.939347
0.225 0.55 0.975528
0.25 0.55 0.987688
0.275 0.55 0.975528
0.3 0.55 0.939347
0.325 0.55 0.880037
0.35 0.55 0.799057
0.375 0.55 0.698401
0.4 0.55 0.580549
0.425 0.55 0.448401
0.45 0.55 0.305212
0.475 0.55 0.154508
0.5 0.55 1.20957e-16
0.525 0.55 -0.154508
0.55 0.55 -0.305212
0.575 0.55 -0.448401
0.6 0.55 -0.580549
0.625 0.55 -0.698401
0.65 0.55 -0.799057
0.675 0.55 -0.880037
0.7 0.55 -0.939347
0.725 0.55 -0.975528
0.75 0.55 -0.987688
0.775 0.55 -0.975528
0.8 0.55 -0.939347
0.825 0.55 -0.880037
0.85 0.55 -0.799057
0.875 0.55 -0.698401
0.9 0.55 -0.580549
0.925 0.55 -0.448401
0.95 0.55 -0.305212
0.975 0.55 -0.154508
1 0.55 -2.41914e-16
0 0.575 0
0.025 0.575 0.152112
0.05 0.575 0.300479
0.075 0.575 0.441447
0.1 0.575 0.571545
0.125 0.575 0.687569
0.15 0.575 0.786664
0.175 0.575 0.866388
0.2 0.575 0.924779
0.225 0.575 0.960398
0.25 0.575 0.97237
0.275 0.575 0.960398
0.3 0.575 0.924779
0.325 0.575 0.866388
0.35 0.575 0.786664
0.375 0.575 0.687569
0.4 0.575 0.571545
0.425 0.575 0.441447
0.45 0.575 0.300479
0.475 0.575 0.152112
0.5 0.575 1.19081e-16
0.525 0.575 -0.152112
0.55 0.575 -0.300479
0.575 0.575 -0.441447
0.6 0.575 -0.571545
0.625 0.575 -0.687569
0.65 0.575 -0.786664
0.675 0.575 -0.866388
0.7 0.575 -0.924779
0.725 0.575 -0.960398
0.75 0.575 -0.97237
0.775 0.575 -0.960398
0.8 0.575 -0.924779
0.825 0.575 -0.866388
0.85 0.575 -0.786664
0.875 0.575 -0.687569
0.9 0.575 -0.571545
0.925 0.575 -0.441447
0.95 0.575 -0.300479
0.975 0.575 -0.152112
1 0.575 -2.38162e-16
0 0.6 0
0.025 0.6 0.148778
0.05 0.6 0.293893
0.075 0.6 0.431771
0.1 0.6 0.559017
0.125 0.6 0.672499
0.15 0.6 0.769421
0.175 0.6 0.847398
0.2 0.6 0.904508
0.225 0.6 0.939347
0.25 0.6 0.951057
0.275 0.6 0.939347
0.3 0.6 0.904508
0.325 0.6 0.847398
0.35 0.6 0.769421
0.375 0.6 0.672499
0.4 0.6 0.559017
0.425 0.6 0.431771
0.45 0.6 0.293893
0.475 0.6 0.148778
0.5 0.6 1.16471e-16
0.525 0.6 -0.148778
0.55 0.6 -0.293893
0.575 0.6 -0.431771
0.6 0.6 -0.559017
0.625 0.6 -0.672499
0.65 0.6 -0.769421
0.675 0.6 -0.847398
0.7 0.6 -0.904508
0.725 0.6 -0.939347
0.75 0.6 -0.951057
0.775 0.6 -0.939347
0.8 0.6 -0.904508
0.825 0.6 -0.847398
0.85 0.6 -0.769421
0.875 0.6 -0.672499
0.9 0.6 -0.559017
0.925 0.6 -0.431771
0.95 0.6 -0.293893
0.975 0.6 -0.148778
1 0.6 -2.32942e-16
0 0.625 0
0.025 0.625 0.144527
0.05 0.625 0.285494
0.075 0.625 0.419433
0.1 0.625 0.543043
0.125 0.625 0.653281
0.15 0.625 0.747434
0.175 0.625 0.823183
0.2 0.625 0.878662
0.225 0.625 0.912505
0.25 0.625 0.92388
0.275 0.625 0.912505
0.3 0.625 0.878662
0.325 0.625 0.823183
0.35 0.625 0.747434
0.375 0.625 0.653281
0.4 0.625 0.543043
0.425 0.625 0.419433
0.45 0.625 0.285494
0.475 0.625 0.144527
0.5 0.625 1.13143e-16
0.525 0.625 -0.144527
0.55 0.625 -0.285494
0.575 0.625 -0.419433
0.6 0.625 -0.543043
0.625 0.625 -0.653281
0.65 0.625 -0.747434
0.675 0.625 -0.823183
0.7 0.625 -0.878662
0.725 0.625 -0.912505
0.75 0.625 -0.92388
0.775 0.625 -0.912505
0.8 0.625 -0.878662
0.825 0.625 -0.823183
0.85 0.625 -0.747434
0.875 0.625 -0.653281
0.9 0.625 -0.543043
0.925 0.625 -0.419433
0.95 0.625 -0.285494
0.975 0.625 -0.144527
1 0.625 -2.26285e-16
0 0.65 0
0.025 0.65 0.139384
0.05 0.65 0.275336
0.075 0.65 0.404508
0.1 0.65 0.52372
0.125 0.65 0.630037
0.15 0.65 0.720839
0.175 0.65 0.793893
0.2 0.65 0.847398
0.225 0.65 0.880037
0.25 0.65 0.891007
0.275 0.65 0.880037
0.3 0.65 0.847398
0.325 0.65 0.793893
0.35 0.65 0.720839
0.375 0.65 0.630037
0.4 0.65 0.52372
0.425 0.65 0.404508
0.45 0.65 0.275336
0.475 0.65 0.139384
0.5 0.65 1.09117e-16
0.525 0.65 -0.139384
0.55 0.65 -0.275336
0.575 0.65 -0.404508
0.6 0.65 -0.52372
0.625 0.65 -0.630037
0.65 0.65 -0.720839
0.675 0.65 -0.793893
0.7 0.65 -0.847398
0.725 0.65 -0.880037
0.75 0.65 -0.891007
0.775 0.65 -0.880037
0.8 0.65 -0.847398
0.825 0.65 -0.793893
0.85 0.65 -0.720839
0.875 0.65 -0.630037
0.9 0.65 -0.52372
0.925 0.65 -0.404508
0.95 0.65 -0.275336
0.975 0.65 -0.139384
1 0.65 -2.18234e-16
0 0.675 0
0.025 0.675 0.133382
0.05 0.675 0.26348
0.075 0.675 0.387091
0.1 0.675 0.501169
0.125 0.675 0.602908
0.15 0.675 0.6898
0.175 0.675 0.759708
0.2 0.675 0.810909
0.225 0.675 0.842143
0.25 0.675 0.85264
0.275 0.675 0.842143
0.3 0.675 0.810909
0.325 0.675 0.759708
0.35 0.675 0.6898
0.375 0.675 0.602908
0.4 0.675 0.501169
0.425 0.675 0.387091
0.45 0.675 0.26348
0.475 0.675 0.133382
0.5 0.675 1.04418e-16
0.525 0.675 -0.133382
0.55 0.675 -0.26348
0.575 0.675 -0.387091
0.6 0.675 -0.501169
0.625 0.675 -0.602908
0.65 0.675 -0.6898
0.675 0.675 -0.759708
0.7 0.675 -0.810909
0.725 0.675 -0.842143
0.75 0.675 -0.85264
0.775 0.675 -0.842143
0.8 0.675 -0.810909
0.825 0.675 -0.759708
0.85 0.675 -0.6898
0.875 0.675 -0.602908
0.9 0.675 -0.501169
0.925 0.675 -0.387091
0.95 0.675 -0.26348
0.975 0.675 -0.133382
1 0.675 -2.08837e-16
0 0.7 0
0.025 0.7 0.126558
0.05 0.7 0.25
0.075 0.7 0.367286
0.1 0.7 0.475528
0.125 0.7 0.572061
0.15 0.7 0.654508
0.175 0.7 0.720839
0.2 0.7 0.769421
0.225 0.7 0.799057
0.25 0.7 0.809017
0.275 0.7 0.799057
0.3 0.7 0.769421
0.325 0.7 0.720839
0.35 0.7 0.654508
0.375 0.7 0.572061
0.4 0.7 0.475528
0.425 0.7 0.367286
0.45 0.7 0.25
0.475 0.7 0.126558
0.5 0.7 9.9076e-17
0.525 0.7 -0.126558
0.55 0.7 -0.25
0.575 0.7 -0.367286
0.6 0.7 -0.475528
0.625 0.7 -0.572061
0.65 0.7 -0.654508
0.675 0.7 -0.720839
0.7 0.7 -0.769421
0.725 0.7 -0.799057
0.75 0.7 -0.809017
0.775 0.7 -0.799057
0.8 0.7 -0.769421
0.825 0.7 -0.720839
0.85 0.7 -0.654508
0.875 0.7 -0.572061
0.9 0.7 -0.475528
0.925 0.7 -0.367286
0.95 0.7 -0.25
0.975 0.7 -0.126558
1 0.7 -1.98152e-16
0 0.725 0
0.025 0.725 0.118954
0.05 0.725 0.234978
0.075 0.725 0.345217
0.1 0.725 0.446955
0.125 0.725 0.537688
0.15 0.725 0.615181
0.175 0.725 0.677527
0.2 0.725 0.723189
0.225 0.725 0.751044
0.25 0.725 0.760406
0.275 0.725 0.751044
0.3 0.725 0.723189
0.325 0.725 0.677527
0.35 0.725 0.615181
0.375 0.725 0.537688
0.4 0.725 0.446955
0.425 0.725 0.345217
0.45 0.725 0.234978
0.475 0.725 0.118954
0.5 0.725 9.31229e-17
0.525 0.725 -0.118954
0.55 0.725 -0.234978
0.575 0.725 -0.345217
0.6 0.725 -0.446955
0.625 0.725 -0.537688
0.65 0.725 -0.615181
0.675 0.725 -0.677527
0.7 0.725 -0.723189
0.725 0.725 -0.751044
0.75 0.725 -0.760406
0.775 0.725 -0.751044
0.8 0.725 -0.723189
0.825 0.725 -0.677527
0.85 0.725 -0.615181
0.875 0.725 -0.537688
0.9 0.725 -0.446955
0.925 0.725 -0.345217
0.95 0.725 -0.234978
0.975 0.725 -0.118954
1 0.725 -1.86246e-16
0 0.75 0
0.025 0.75 0.110616
0.05 0.75 0.218508
0.075 0.75 0.32102
0.1 0.75 0.415627
0.125 0.75 0.5
0.15 0.75 0.572061
0.175 0.75 0.630037
0.2 0.75 0.672499
0.225 0.75 0.698401
0.25 0.75 0.707107
0.275 0.75 0.698401
0.3 0.75 0.672499
0.325 0.75 0.630037
0.35 0.75 0.572061
0.375 0.75 0.5
0.4 0.75 0.415627
0.425 0.75 0.32102
0.45 0.75 0.218508
0.475 0.75 0.110616
0.5 0.75 8.65956e-17
0.525 0.75 -0.110616
0.55 0.75 -0.218508
0.575 0.75 -0.32102
0.6 0.75 -0.415627
0.625 0.75 -0.5
0.65 0.75 -0.572061
0.675 0.75 -0.630037
0.7 0.75 -0.672499
0.725 0.75 -0.698401
0.75 0.75 -0.707107
0.775 0.75 -0.698401
0.8 0.75 -0.672499
0.825 0.75 -0.630037
0.85 0.75 -0.572061
0.875 0.75 -0.5
0.9 0.75 -0.415627
0.925 0.75 -0.32102
0.95 0.75 -0.218508
0.975 0.75 -0.110616
1 0.75 -1.73191e-16
0 0.775 0
0.025 0.775 0.101596
0.05 0.775 0.20069
0.075 0.775 0.294843
0.1 0.775 0.381736
0.125 0.775 0.459229
0.15 0.775 0.525415
0.175 0.775 0.578662
0.2 0.775 0.617662
0.225 0.775 0.641452
0.25 0.775 0.649448
0.275 0.775 0.641452
0.3 0.775 0.617662
0.325 0.775 0.578662
0.35 0.775 0.525415
0.375 0.775 0.459229
0.4 0.775 0.381736
0.425 0.775 0.294843
0.45 0.775 0.20069
0.475 0.775 0.101596
0.5 0.775 7.95344e-17
0.525 0.775 -0.101596
0.55 0.775 -0.20069
0.575 0.775 -0.294843
0.6 0.775 -0.381736
0.625 0.775 -0.459229
0.65 0.775 -0.525415
0.675 0.775 -0.578662
0.7 0.775 -0.617662
0.725 0.775 -0.641452
0.75 0.775 -0.649448
0.775 0.775 -0.641452
0.8 0.775 -0.617662
0.825 0.775 -0.578662
0.85 0.775 -0.525415
0.875 0.775 -0.459229
0.9 0.775 -0.381736
0.925 0.775 -0.294843
0.95 0.775 -0.20069
0.975 0.775 -0.101596
1 0.775 -1.59069e-16
0 0.8 0
0.025 0.8 0.0919499
0.05 0.8 0.181636
0.075 0.8 0.266849
0.1 0.8 0.345492
0.125 0.8 0.415627
0.15 0.8 0.475528
0.175 0.8 0.52372
0.2 0.8 0.559017
0.225 0.8 0.580549
0.25 0.8 0.587785
0.275 0.8 0.580549
0.3 0.8 0.559017
0.325 0.8 0.52372
0.35 0.8 0.475528
0.375 0.8 0.415627
0.4 0.8 0.345492
0.425 0.8 0.266849
0.45 0.8 0.181636
0.475 0.8 0.0919499
0.5 0.8 7.19829e-17
0.525 0.8 -0.0919499
0.55 0.8 -0.181636
0.575 0.8 -0.266849
0.6 0.8 -0.345492
0.625 0.8 -0.415627
0.65 0.8 -0.475528
0.675 0.8 -0.52372
0.7 0.8 -0.559017
0.725 0.8 -0.580549
0.75 0.8 -0.587785
0.775 0.8 -0.580549
0.8 0.8 -0.559017
0.825 0.8 -0.52372
0.85 0.8 -0.475528
0.875 0.8 -0.415627
0.9 0.8 -0.345492
0.925 0.8 -0.266849
0.95 0.8 -0.181636
0.975 0.8 -0.0919499
1 0.8 -1.43966e-16
0 0.825 0
0.025 0.825 0.0817368
0.05 0.825 0.161461
0.075 0.825 0.237209
0.1 0.825 0.307117
0.125 0.825 0.369462
0.15 0.825 0.42271
0.175 0.825 0.46555
0.2 0.825 0.496926
0.225 0.825 0.516066
0.25 0.825 0.522499
0.275 0.825 0.516066
0.3 0.825 0.496926
0.325 0.825 0.46555
0.35 0.825 0.42271
0.375 0.825 0.369462
0.4 0.825 0.307117
0.425 0.825 0.237209
0.45 0.825 0.161461
0.475 0.825 0.0817368
0.5 0.825 6.39876e-17
0.525 0.825 -0.0817368
0.55 0.825 -0.161461
0.575 0.825 -0.237209
0.6 0.825 -0.307117
0.625 0.825 -0.369462
0.65 0.825 -0.42271
0.675 0.825 -0.46555
0.7 0.825 -0.496926
0.725 0.825 -0.516066
0.75 0.825 -0.522499
0.775 0.825 -0.516066
0.8 0.825 -0.496926
0.825 0.825 -0.46555
0.85 0.825 -0.42271
0.875 0.825 -0.369462
0.9 0.825 -0.307117
0.925 0.825 -0.237209
0.95 0.825 -0.161461
0.975 0.825 -0.0817368
1 0.825 -1.27975e-16
0 0.85 0
0.025 0.85 0.0710198
0.05 0.85 0.140291
0.075 0.85 0.206107
0.1 0.85 0.266849
0.125 0.85 0.32102
0.15 0.85 0.367286
0.175 0.85 0.404508
0.2 0.85 0.431771
0.225 0.85 0.448401
0.25 0.85 0.45399
0.275 0.85 0.448401
0.3 0.85 0.431771
0.325 0.85 0.404508
0.35 0.85 0.367286
0.375 0.85 0.32102
0.4 0.85 0.266849
0.425 0.85 0.206107
0.45 0.85 0.140291
0.475 0.85 0.0710198
0.5 0.85 5.55978e-17
0.525 0.85 -0.0710198
0.55 0.85 -0.140291
0.575 0.85 -0.206107
0.6 0.85 -0.266849
0.625 0.85 -0.32102
0.65 0.85 -0.367286
0.675 0.85 -0.404508
0.7 0.85 -0.431771
0.725 0.85 -0.448401
0.75 0.85 -0.45399
0.775 0.85 -0.448401
0.8 0.85 -0.431771
0.825 0.85 -0.404508
0.85 0.85 -0.367286
0.875 0.85 -0.32102
0.9 0.85 -0.266849
0.925 0.85 -0.206107
0.95 0.85 -0.140291
0.975 0.85 -0.0710198
1 0.85 -1.11196e-16
0 0.875 0
0.025 0.875 0.0598649
0.05 0.875 0.118256
0.075 0.875 0.173735
0.1 0.875 0.224936
0.125 0.875 0.270598
0.15 0.875 0.309597
0.175 0.875 0.340973
0.2 0.875 0.363954
0.225 0.875 0.377972
0.25 0.875 0.382683
0.275 0.875 0.377972
0.3 0.875 0.363954
0.325 0.875 0.340973
0.35 0.875 0.309597
0.375 0.875 0.270598
0.4 0.875 0.224936
0.425 0.875 0.173735
0.45 0.875 0.118256
0.475 0.875 0.0598649
0.5 0.875 4.68652e-17
0.525 0.875 -0.0598649
0.55 0.875 -0.118256
0.575 0.875 -0.173735
0.6 0.875 -0.224936
0.625 0.875 -0.270598
0.65 0.875 -0.309597
0.675 0.875 -0.340973
0.7 0.875 -0.363954
0.725 0.875 -0.377972
0.75 0.875 -0.382683
0.775 0.875 -0.377972
0.8 0.875 -0.363954
0.825 0.875 -0.340973
0.85 0.875 -0.309597
0.875 0.875 -0.270598
0.9 0.875 -0.224936
0.925 0.875 -0.173735
0.95 0.875 -0.118256
0.975 0.875 -0.0598649
1 0.875 -9.37304e-17
0 0.9 0
0.025 0.9 0.0483409
0.05 0.9 0.0954915
0.075 0.9 0.140291
0.1 0.9 0.181636
0.125 0.9 0.218508
0.15 0.9 0.25
0.175 0.9 0.275336
0.2 0.9 0.293893
0.225 0.9 0.305212
0.25 0.9 0.309017
0.275 0.9 0.305212
0.3 0.9 0.293893
0.325 0.9 0.275336
0.35 0.9 0.25
0.375 0.9 0.218508
0.4 0.9 0.181636
0.425 0.9 0.140291
0.45 0.9 0.0954915
0.475 0.9 0.0483409
0.5 0.9 3.78437e-17
0.525 0.9 -0.0483409
0.55 0.9 -0.0954915
0.575 0.9 -0.140291
0.6 0.9 -0.181636
0.625 0.9 -0.218508
0.65 0.9 -0.25
0.675 0.9 -0.275336
0.7 0.9 -0.293893
0.725 0.9 -0.305212
0.75 0.9 -0.309017
0.775 0.9 -0.305212
0.8 0.9 -0.293893
0.825 0.9 -0.275336
0.85 0.9 -0.25
0.875 0.9 -0.218508
0.9 0.9 -0.181636
0.925 0.9 -0.140291
0.95 0.9 -0.0954915
0.975 0.9 -0.0483409
1 0.9 -7.56873e-17
0 0.925 0
0.025 0.925 0.0365189
0.05 0.925 0.0721386
0.075 0.925 0.105982
0.1 0.925 0.137216
0.125 0.925 0.165071
0.15 0.925 0.188861
0.175 0.925 0.208001
0.2 0.925 0.22202
0.225 0.925 0.230571
0.25 0.925 0.233445
0.275 0.925 0.230571
0.3 0.925 0.22202
0.325 0.925 0.208001
0.35 0.925 0.188861
0.375 0.925 0.165071
0.4 0.925 0.137216
0.425 0.925 0.105982
0.45 0.925 0.0721386
0.475 0.925 0.0365189
0.5 0.925 2.85888e-17
0.525 0.925 -0.0365189
0.55 0.925 -0.0721386
0.575 0.925 -0.105982
0.6 0.925 -0.137216
0.625 0.925 -0.165071
0.65 0.925 -0.188861
0.675 0.925 -0.208001
0.7 0.925 -0.22202
0.725 0.925 -0.230571
0.75 0.925 -0.233445
0.775 0.925 -0.230571
0.8 0.925 -0.22202
0.825 0.925 -0.208001
0.85 0.925 -0.188861
0.875 0.925 -0.165071
0.9 0.925 -0.137216
0.925 0.925 -0.105982
0.95 0.925 -0.0721386
0.975 0.925 -0.0365189
1 0.925 -5.71776e-17
0 0.95 0
0.025 0.95 0.0244717
0.05 0.95 0.0483409
0.075 0.95 0.0710198
0.1 0.95 0.0919499
0.125 0.95 0.110616
0.15 0.95 0.126558
0.175 0.95 0.139384
0.2 0.95 0.148778
0.225 0.95 0.154508
0.25 0.95 0.156434
0.275 0.95 0.154508
0.3 0.95 0.148778
0.325 0.95 0.139384
0.35 0.95 0.126558
0.375 0.95 0.110616
0.4 0.95 0.0919499
0.425 0.95 0.0710198
0.45 0.95 0.0483409
0.475 0.95 0.0244717
0.5 0.95 1.91577e-17
0.525 0.95 -0.0244717
0.55 0.95 -0.0483409
0.575 0.95 -0.0710198
0.6 0.95 -0.0919499
0.625 0.95 -0.110616
0.65 0.95 -0.126558
0.675 0.95 -0.139384
0.7 0.95 -0.148778
0.725 0.95 -0.154508
0.75 0.95 -0.156434
0.775 0.95 -0.154508
0.8 0.95 -0.148778
0.825 0.95 -0.139384
0.85 0.95 -0.126558
0.875 0.95 -0.110616
0.9 0.95 -0.0919499
0.925 0.95 -0.0710198
0.95 0.95 -0.0483409
0.975 0.95 -0.0244717
1 0.95 -3.83154e-17
0 0.975 0
0.025 0.975 0.0122737
0.05 0.975 0.0242452
0.075 0.975 0.0356197
0.1 0.975 0.0461171
0.125 0.975 0.055479
0.15 0.975 0.0634747
0.175 0.975 0.0699076
0.2 0.975 0.074619
0.225 0.975 0.0774931
0.25 0.975 0.0784591
0.275 0.975 0.0774931
0.3 0.975 0.074619
0.325 0.975 0.0699076
0.35 0.975 0.0634747
0.375 0.975 0.055479
0.4 0.975 0.0461171
0.425 0.975 0.0356197
0.45 0.975 0.0242452
0.475 0.975 0.0122737
0.5 0.975 9.60847e-18
0.525 0.975 -0.0122737
0.55 0.975 -0.0242452
0.575 0.975 -0.0356197
0.6 0.975 -0.0461171
0.625 0.975 -0.055479
0.65 0.975 -0.0634747
0.675 0.975 -0.0699076
0.7 0.975 -0.074619
0.725 0.975 -0.0774931
0.75 0.975 -0.0784591
0.775 0.975 -0.0774931
0.8 0.975 -0.074619
0.825 0.975 -0.0699076
0.85 0.975 -0.0634747
0.875 0.975 -0.055479
0.9 0.975 -0.0461171
0.925 0.975 -0.0356197
0.95 0.975 -0.0242452
0.975 0.975 -0.0122737
1 0.975 -1.92169e-17
0 1 0
0.025 1 1.91577e-17
0.05 1 3.78437e-17
0.075 1 5.55978e-17
0.1 1 7.19829e-17
0.125 1 8.65956e-17
0.15 1 9.9076e-17
0.175 1 1.09117e-16
0.2 1 1.16471e-16
0.225 1 1.20957e-16
0.25 1 1.22465e-16
0.275 1 1.20957e-16
0.3 1 1.16471e-16
0.325 1 1.09117e-16
0.35 1 9.9076e-17
0.375 1 8.65956e-17
0.4 1 7.19829e-17
0.425 1 5.55978e-17
0.45 1 3.78437e-17
0.475 1 1.91577e-17
0.5 1 1.49976e-32
0.525 1 -1.91577e-17
0.55 1 -3.78437e-17
0.575 1 -5.55978e-17
0.6 1 -7.19829e-17
0.625 1 -8.65956e-17
0.65 1 -9.9076e-17
0.675 1 -1.09117e-16
0.7 1 -1.16471e-16
0.725 1 -1.20957e-16
0.75 1 -1.22465e-16
0.775 1 -1.20957e-16
0.8 1 -1.16471e-16
0.825 1 -1.09117e-16
0.85 1 -9.9076e-17
0.875 1 -8.65956e-17
0.9 1 -7.19829e-17
0.925 1 -5.55978e-17
0.95 1 -3.78437e-17
0.975 1 -1.91577e-17
1 1 -2.99952e-32
