x v
0 0
0.00025 0.0177711
0.0005 0.0355393
0.00075 0.053302
0.001 0.0710562
0.00125 0.0887992
0.0015 0.106528
0.00175 0.12424
0.002 0.141933
0.00225 0.159603
0.0025 0.177248
0.00275 0.194865
0.003 0.212451
0.00325 0.230004
0.0035 0.24752
0.00375 0.264997
0.004 0.282433
0.00425 0.299823
0.0045 0.317167
0.00475 0.33446
0.005 0.351701
0.00525 0.368886
0.0055 0.386012
0.00575 0.403078
0.006 0.42008
0.00625 0.437016
0.0065 0.453883
0.00675 0.470678
0.007 0.487399
0.00725 0.504043
0.0075 0.520607
0.00775 0.537089
0.008 0.553486
0.00825 0.569796
0.0085 0.586016
0.00875 0.602143
0.009 0.618175
0.00925 0.63411
0.0095 0.649944
0.00975 0.665676
0.01 0.681303
0.01025 0.696822
0.0105 0.712231
0.01075 0.727527
0.011 0.742709
0.01125 0.757774
0.0115 0.772718
0.01175 0.787541
0.012 0.802239
0.01225 0.816811
0.0125 0.831254
0.01275 0.845565
0.013 0.859743
0.01325 0.873785
0.0135 0.88769
0.01375 0.901454
0.014 0.915075
0.01425 0.928552
0.0145 0.941883
0.01475 0.955065
0.015 0.968096
0.01525 0.980974
0.0155 0.993697
0.01575 1.00626
0.016 1.01867
0.01625 1.03092
0.0165 1.043
0.01675 1.05492
0.017 1.06667
0.01725 1.07826
0.0175 1.08967
0.01775 1.10091
0.018 1.11198
0.01825 1.12287
0.0185 1.13359
0.01875 1.14412
0.019 1.15448
0.01925 1.16465
0.0195 1.17464
0.01975 1.18444
0.02 1.19406
0.02025 1.20349
0.0205 1.21273
0.02075 1.22177
0.021 1.23063
0.02125 1.23928
0.0215 1.24775
0.02175 1.25601
0.022 1.26408
0.02225 1.27195
0.0225 1.27962
0.02275 1.28708
0.023 1.29435
0.02325 1.3014
0.0235 1.30826
0.02375 1.3149
0.024 1.32134
0.02425 1.32757
0.0245 1.33359
0.02475 1.3394
0.025 1.345
0.02525 1.35038
0.0255 1.35555
0.02575 1.36051
0.026 1.36526
0.02625 1.36978
0.0265 1.37409
0.02675 1.37819
0.027 1.38207
0.02725 1.38572
0.0275 1.38916
0.02775 1.39238
0.028 1.39538
0.02825 1.39816
0.0285 1.40072
0.02875 1.40306
0.029 1.40518
0.02925 1.40707
0.0295 1.40875
0.02975 1.4102
0.03 1.41142
0.03025 1.41243
0.0305 1.41321
0.03075 1.41377
0.031 1.4141
0.03125 1.41421
0.0315 1.4141
0.03175 1.41377
0.032 1.41321
0.03225 1.41243
0.0325 1.41142
0.03275 1.4102
0.033 1.40875
0.03325 1.40707
0.0335 1.40518
0.03375 1.40306
0.034 1.40072
0.03425 1.39816
0.0345 1.39538
0.03475 1.39238
0.035 1.38916
0.03525 1.38572
0.0355 1.38207
0.03575 1.37819
0.036 1.37409
0.03625 1.36978
0.0365 1.36526
0.03675 1.36051
0.037 1.35555
0.03725 1.35038
0.0375 1.345
0.03775 1.3394
0.038 1.33359
0.03825 1.32757
0.0385 1.32134
0.03875 1.3149
0.039 1.30826
0.03925 1.3014
0.0395 1.29435
0.03975 1.28708
0.04 1.27962
0.04025 1.27195
0.0405 1.26408
0.04075 1.25601
0.041 1.24775
0.04125 1.23928
0.0415 1.23063
0.04175 1.22177
0.042 1.21273
0.04225 1.20349
0.0425 1.19406
0.04275 1.18444
0.043 1.17464
0.04325 1.16465
0.0435 1.15448
0.04375 1.14412
0.044 1.13359
0.04425 1.12287
0.0445 1.11198
0.04475 1.10091
0.045 1.08967
0.04525 1.07826
0.0455 1.06667
0.04575 1.05492
0.046 1.043
0.04625 1.03092
0.0465 1.01867
0.04675 1.00626
0.047 0.993697
0.04725 0.980974
0.0475 0.968096
0.04775 0.955065
0.048 0.941883
0.04825 0.928552
0.0485 0.915075
0.04875 0.901454
0.049 0.88769
0.04925 0.873785
0.0495 0.859743
0.04975 0.845565
0.05 0.831254
0.05025 0.816811
0.0505 0.802239
0.05075 0.787541
0.051 0.772718
0.05125 0.757774
0.0515 0.742709
0.05175 0.727527
0.052 0.712231
0.05225 0.696822
0.0525 0.681303
0.05275 0.665676
0.053 0.649944
0.05325 0.63411
0.0535 0.618175
0.05375 0.602143
0.054 0.586016
0.05425 0.569796
0.0545 0.553486
0.05475 0.537089
0.055 0.520607
0.05525 0.504043
0.0555 0.487399
0.05575 0.470678
0.056 0.453883
0.05625 0.437016
0.0565 0.42008
0.05675 0.403078
0.057 0.386012
0.05725 0.368886
0.0575 0.351701
0.05775 0.33446
0.058 0.317167
0.05825 0.299823
0.0585 0.282433
0.05875 0.264997
0.059 0.24752
0.05925 0.230004
0.0595 0.212451
0.05975 0.194865
0.06 0.177248
0.06025 0.159603
0.0605 0.141933
0.06075 0.12424
0.061 0.106528
0.06125 0.0887992
0.0615 0.0710562
0.06175 0.053302
0.062 0.0355393
0.06225 0.0177711
0.0625 1.73191e-16
0.06275 -0.0177711
0.063 -0.0355393
0.06325 -0.053302
0.0635 -0.0710562
0.06375 -0.0887992
0.064 -0.106528
0.06425 -0.12424
0.0645 -0.141933
0.06475 -0.159603
0.065 -0.177248
0.06525 -0.194865
0.0655 -0.212451
0.06575 -0.230004
0.066 -0.24752
0.06625 -0.264997
0.0665 -0.282433
0.06675 -0.299823
0.067 -0.317167
0.06725 -0.33446
0.0675 -0.351701
0.06775 -0.368886
0.068 -0.386012
0.06825 -0.403078
0.0685 -0.42008
0.06875 -0.437016
0.069 -0.453883
0.06925 -0.470678
0.0695 -0.487399
0.06975 -0.504043
0.07 -0.520607
0.07025 -0.537089
0.0705 -0.553486
0.07075 -0.569796
0.071 -0.586016
0.07125 -0.602143
0.0715 -0.618175
0.07175 -0.63411
0.072 -0.649944
0.07225 -0.665676
0.0725 -0.681303
0.07275 -0.696822
0.073 -0.712231
0.07325 -0.727527
0.0735 -0.742709
0.07375 -0.757774
0.074 -0.772718
0.07425 -0.787541
0.0745 -0.802239
0.07475 -0.816811
0.075 -0.831254
0.07525 -0.845565
0.0755 -0.859743
0.07575 -0.873785
0.076 -0.88769
0.07625 -0.901454
0.0765 -0.915075
0.07675 -0.928552
0.077 -0.941883
0.07725 -0.955065
0.0775 -0.968096
0.07775 -0.980974
0.078 -0.993697
0.07825 -1.00626
0.0785 -1.01867
0.07875 -1.03092
0.079 -1.043
0.07925 -1.05492
0.0795 -1.06667
0.07975 -1.07826
0.08 -1.08967
0.08025 -1.10091
0.0805 -1.11198
0.08075 -1.12287
0.081 -1.13359
0.08125 -1.14412
0.0815 -1.15448
0.08175 -1.16465
0.082 -1.17464
0.08225 -1.18444
0.0825 -1.19406
0.08275 -1.20349
0.083 -1.21273
0.08325 -1.22177
0.0835 -1.23063
0.08375 -1.23928
0.084 -1.24775
0.08425 -1.25601
0.0845 -1.26408
0.08475 -1.27195
0.085 -1.27962
0.08525 -1.28708
0.0855 -1.29435
0.08575 -1.3014
0.086 -1.30826
0.08625 -1.3149
0.0865 -1.32134
0.08675 -1.32757
0.087 -1.33359
0.08725 -1.3394
0.0875 -1.345
0.08775 -1.35038
0.088 -1.35555
0.08825 -1.36051
0.0885 -1.36526
0.08875 -1.36978
0.089 -1.37409
0.08925 -1.37819
0.0895 -1.38207
0.08975 -1.38572
0.09 -1.38916
0.09025 -1.39238
0.0905 -1.39538
0.09075 -1.39816
0.091 -1.40072
0.09125 -1.40306
0.0915 -1.40518
0.09175 -1.40707
0.092 -1.40875
0.09225 -1.4102
0.0925 -1.41142
0.09275 -1.41243
0.093 -1.41321
0.09325 -1.41377
0.0935 -1.4141
0.09375 -1.41421
0.094 -1.4141
0.09425 -1.41377
0.0945 -1.41321
0.09475 -1.41243
0.095 -1.41142
0.09525 -1.4102
0.0955 -1.40875
0.09575 -1.40707
0.096 -1.40518
0.09625 -1.40306
0.0965 -1.40072
0.09675 -1.39816
0.097 -1.39538
0.09725 -1.39238
0.0975 -1.38916
0.09775 -1.38572
0.098 -1.38207
0.09825 -1.37819
0.0985 -1.37409
0.09875 -1.36978
0.099 -1.36526
0.09925 -1.36051
0.0995 -1.35555
0.09975 -1.35038
0.1 -1.345
0.10025 -1.3394
0.1005 -1.33359
0.10075 -1.32757
0.101 -1.32134
0.10125 -1.3149
0.1015 -1.30826
0.10175 -1.3014
0.102 -1.29435
0.10225 -1.28708
0.1025 -1.27962
0.10275 -1.27195
0.103 -1.26408
0.10325 -1.25601
0.1035 -1.24775
0.10375 -1.23928
0.104 -1.23063
0.10425 -1.22177
0.1045 -1.21273
0.10475 -1.20349
0.105 -1.19406
0.10525 -1.18444
0.1055 -1.17464
0.10575 -1.16465
0.106 -1.15448
0.10625 -1.14412
0.1065 -1.13359
0.10675 -1.12287
0.107 -1.11198
0.10725 -1.10091
0.1075 -1.08967
0.10775 -1.07826
0.108 -1.06667
0.10825 -1.05492
0.1085 -1.043
0.10875 -1.03092
0.109 -1.01867
0.10925 -1.00626
0.1095 -0.993697
0.10975 -0.980974
0.11 -0.968096
0.11025 -0.955065
0.1105 -0.941883
0.11075 -0.928552
0.111 -0.915075
0.11125 -0.901454
0.1115 -0.88769
0.11175 -0.873785
0.112 -0.859743
0.11225 -0.845565
0.1125 -0.831254
0.11275 -0.816811
0.113 -0.802239
0.11325 -0.787541
0.1135 -0.772718
0.11375 -0.757774
0.114 -0.742709
0.11425 -0.727527
0.1145 -0.712231
0.11475 -0.696822
0.115 -0.681303
0.11525 -0.665676
0.1155 -0.649944
0.11575 -0.63411
0.116 -0.618175
0.11625 -0.602143
0.1165 -0.586016
0.11675 -0.569796
0.117 -0.553486
0.11725 -0.537089
0.1175 -0.520607
0.11775 -0.504043
0.118 -0.487399
0.11825 -0.470678
0.1185 -0.453883
0.11875 -0.437016
0.119 -0.42008
0.11925 -0.403078
0.1195 -0.386012
0.11975 -0.368886
0.12 -0.351701
0.12025 -0.33446
0.1205 -0.317167
0.12075 -0.299823
0.121 -0.282433
0.12125 -0.264997
0.1215 -0.24752
0.12175 -0.230004
0.122 -0.212451
0.12225 -0.194865
0.1225 -0.177248
0.12275 -0.159603
0.123 -0.141933
0.12325 -0.12424
0.1235 -0.106528
0.12375 -0.0887992
0.124 -0.0710562
0.12425 -0.053302
0.1245 -0.0355393
0.12475 -0.0177711
0.125 -3.46382e-16
0.12525 0.0177711
0.1255 0.0355393
0.12575 0.053302
0.126 0.0710562
0.12625 0.0887992
0.1265 0.106528
0.12675 0.12424
0.127 0.141933
0.12725 0.159603
0.1275 0.177248
0.12775 0.194865
0.128 0.212451
0.12825 0.230004
0.1285 0.24752
0.12875 0.264997
0.129 0.282433
0.12925 0.299823
0.1295 0.317167
0.12975 0.33446
0.13 0.351701
0.13025 0.368886
0.1305 0.386012
0.13075 0.403078
0.131 0.42008
0.13125 0.437016
0.1315 0.453883
0.13175 0.470678
0.132 0.487399
0.13225 0.504043
0.1325 0.520607
0.13275 0.537089
0.133 0.553486
0.13325 0.569796
0.1335 0.586016
0.13375 0.602143
0.134 0.618175
0.13425 0.63411
0.1345 0.649944
0.13475 0.665676
0.135 0.681303
0.13525 0.696822
0.1355 0.712231
0.13575 0.727527
0.136 0.742709
0.13625 0.757774
0.1365 0.772718
0.13675 0.787541
0.137 0.802239
0.13725 0.816811
0.1375 0.831254
0.13775 0.845565
0.138 0.859743
0.13825 0.873785
0.1385 0.88769
0.13875 0.901454
0.139 0.915075
0.13925 0.928552
0.1395 0.941883
0.13975 0.955065
0.14 0.968096
0.14025 0.980974
0.1405 0.993697
0.14075 1.00626
0.141 1.01867
0.14125 1.03092
0.1415 1.043
0.14175 1.05492
0.142 1.06667
0.14225 1.07826
0.1425 1.08967
0.14275 1.10091
0.143 1.11198
0.14325 1.12287
0.1435 1.13359
0.14375 1.14412
0.144 1.15448
0.14425 1.16465
0.1445 1.17464
0.14475 1.18444
0.145 1.19406
0.14525 1.20349
0.1455 1.21273
0.14575 1.22177
0.146 1.23063
0.14625 1.23928
0.1465 1.24775
0.14675 1.25601
0.147 1.26408
0.14725 1.27195
0.1475 1.27962
0.14775 1.28708
0.148 1.29435
0.14825 1.3014
0.1485 1.30826
0.14875 1.3149
0.149 1.32134
0.14925 1.32757
0.1495 1.33359
0.14975 1.3394
0.15 1.345
0.15025 1.35038
0.1505 1.35555
0.15075 1.36051
0.151 1.36526
0.15125 1.36978
0.1515 1.37409
0.15175 1.37819
0.152 1.38207
0.15225 1.38572
0.1525 1.38916
0.15275 1.39238
0.153 1.39538
0.15325 1.39816
0.1535 1.40072
0.15375 1.40306
0.154 1.40518
0.15425 1.40707
0.1545 1.40875
0.15475 1.4102
0.155 1.41142
0.15525 1.41243
0.1555 1.41321
0.15575 1.41377
0.156 1.4141
0.15625 1.41421
0.1565 1.4141
0.15675 1.41377
0.157 1.41321
0.15725 1.41243
0.1575 1.41142
0.15775 1.4102
0.158 1.40875
0.15825 1.40707
0.1585 1.40518
0.15875 1.40306
0.159 1.40072
0.15925 1.39816
0.1595 1.39538
0.15975 1.39238
0.16 1.38916
0.16025 1.38572
0.1605 1.38207
0.16075 1.37819
0.161 1.37409
0.16125 1.36978
0.1615 1.36526
0.16175 1.36051
0.162 1.35555
0.16225 1.35038
0.1625 1.345
0.16275 1.3394
0.163 1.33359
0.16325 1.32757
0.1635 1.32134
0.16375 1.3149
0.164 1.30826
0.16425 1.3014
0.1645 1.29435
0.16475 1.28708
0.165 1.27962
0.16525 1.27195
0.1655 1.26408
0.16575 1.25601
0.166 1.24775
0.16625 1.23928
0.1665 1.23063
0.16675 1.22177
0.167 1.21273
0.16725 1.20349
0.1675 1.19406
0.16775 1.18444
0.168 1.17464
0.16825 1.16465
0.1685 1.15448
0.16875 1.14412
0.169 1.13359
0.16925 1.12287
0.1695 1.11198
0.16975 1.10091
0.17 1.08967
0.17025 1.07826
0.1705 1.06667
0.17075 1.05492
0.171 1.043
0.17125 1.03092
0.1715 1.01867
0.17175 1.00626
0.172 0.993697
0.17225 0.980974
0.1725 0.968096
0.17275 0.955065
0.173 0.941883
0.17325 0.928552
0.1735 0.915075
0.17375 0.901454
0.174 0.88769
0.17425 0.873785
0.1745 0.859743
0.17475 0.845565
0.175 0.831254
0.17525 0.816811
0.1755 0.802239
0.17575 0.787541
0.176 0.772718
0.17625 0.757774
0.1765 0.742709
0.17675 0.727527
0.177 0.712231
0.17725 0.696822
0.1775 0.681303
0.17775 0.665676
0.178 0.649944
0.17825 0.63411
0.1785 0.618175
0.17875 0.602143
0.179 0.586016
0.17925 0.569796
0.1795 0.553486
0.17975 0.537089
0.18 0.520607
0.18025 0.504043
0.1805 0.487399
0.18075 0.470678
0.181 0.453883
0.18125 0.437016
0.1815 0.42008
0.18175 0.403078
0.182 0.386012
0.18225 0.368886
0.1825 0.351701
0.18275 0.33446
0.183 0.317167
0.18325 0.299823
0.1835 0.282433
0.18375 0.264997
0.184 0.24752
0.18425 0.230004
0.1845 0.212451
0.18475 0.194865
0.185 0.177248
0.18525 0.159603
0.1855 0.141933
0.18575 0.12424
0.186 0.106528
0.18625 0.0887992
0.1865 0.0710562
0.18675 0.053302
0.187 0.0355393
0.18725 0.0177711
0.1875 5.19574e-16
0.18775 -0.0177711
0.188 -0.0355393
0.18825 -0.053302
0.1885 -0.0710562
0.18875 -0.0887992
0.189 -0.106528
0.18925 -0.12424
0.1895 -0.141933
0.18975 -0.159603
0.19 -0.177248
0.19025 -0.194865
0.1905 -0.212451
0.19075 -0.230004
0.191 -0.24752
0.19125 -0.264997
0.1915 -0.282433
0.19175 -0.299823
0.192 -0.317167
0.19225 -0.33446
0.1925 -0.351701
0.19275 -0.368886
0.193 -0.386012
0.19325 -0.403078
0.1935 -0.42008
0.19375 -0.437016
0.194 -0.453883
0.19425 -0.470678
0.1945 -0.487399
0.19475 -0.504043
0.195 -0.520607
0.19525 -0.537089
0.1955 -0.553486
0.19575 -0.569796
0.196 -0.586016
0.19625 -0.602143
0.1965 -0.618175
0.19675 -0.63411
0.197 -0.649944
0.19725 -0.665676
0.1975 -0.681303
0.19775 -0.696822
0.198 -0.712231
0.19825 -0.727527
0.1985 -0.742709
0.19875 -0.757774
0.199 -0.772718
0.19925 -0.787541
0.1995 -0.802239
0.19975 -0.816811
0.2 -0.831254
0.20025 -0.845565
0.2005 -0.859743
0.20075 -0.873785
0.201 -0.88769
0.20125 -0.901454
0.2015 -0.915075
0.20175 -0.928552
0.202 -0.941883
0.20225 -0.955065
0.2025 -0.968096
0.20275 -0.980974
0.203 -0.993697
0.20325 -1.00626
0.2035 -1.01867
0.20375 -1.03092
0.204 -1.043
0.20425 -1.05492
0.2045 -1.06667
0.20475 -1.07826
0.205 -1.08967
0.20525 -1.10091
0.2055 -1.11198
0.20575 -1.12287
0.206 -1.13359
0.20625 -1.14412
0.2065 -1.15448
0.20675 -1.16465
0.207 -1.17464
0.20725 -1.18444
0.2075 -1.19406
0.20775 -1.20349
0.208 -1.21273
0.20825 -1.22177
0.2085 -1.23063
0.20875 -1.23928
0.209 -1.24775
0.20925 -1.25601
0.2095 -1.26408
0.20975 -1.27195
0.21 -1.27962
0.21025 -1.28708
0.2105 -1.29435
0.21075 -1.3014
0.211 -1.30826
0.21125 -1.3149
0.2115 -1.32134
0.21175 -1.32757
0.212 -1.33359
0.21225 -1.3394
0.2125 -1.345
0.21275 -1.35038
0.213 -1.35555
0.21325 -1.36051
0.2135 -1.36526
0.21375 -1.36978
0.214 -1.37409
0.21425 -1.37819
0.2145 -1.38207
0.21475 -1.38572
0.215 -1.38916
0.21525 -1.39238
0.2155 -1.39538
0.21575 -1.39816
0.216 -1.40072
0.21625 -1.40306
0.2165 -1.40518
0.21675 -1.40707
0.217 -1.40875
0.21725 -1.4102
0.2175 -1.41142
0.21775 -1.41243
0.218 -1.41321
0.21825 -1.41377
0.2185 -1.4141
0.21875 -1.41421
0.219 -1.4141
0.21925 -1.41377
0.2195 -1.41321
0.21975 -1.41243
0.22 -1.41142
0.22025 -1.4102
0.2205 -1.40875
0.22075 -1.40707
0.221 -1.40518
0.22125 -1.40306
0.2215 -1.40072
0.22175 -1.39816
0.222 -1.39538
0.22225 -1.39238
0.2225 -1.38916
0.22275 -1.38572
0.223 -1.38207
0.22325 -1.37819
0.2235 -1.37409
0.22375 -1.36978
0.224 -1.36526
0.22425 -1.36051
0.2245 -1.35555
0.22475 -1.35038
0.225 -1.345
0.22525 -1.3394
0.2255 -1.33359
0.22575 -1.32757
0.226 -1.32134
0.22625 -1.3149
0.2265 -1.30826
0.22675 -1.3014
0.227 -1.29435
0.22725 -1.28708
0.2275 -1.27962
0.22775 -1.27195
0.228 -1.26408
0.22825 -1.25601
0.2285 -1.24775
0.22875 -1.23928
0.229 -1.23063
0.22925 -1.22177
0.2295 -1.21273
0.22975 -1.20349
0.23 -1.19406
0.23025 -1.18444
0.2305 -1.17464
0.23075 -1.16465
0.231 -1.15448
0.23125 -1.14412
0.2315 -1.13359
0.23175 -1.12287
0.232 -1.11198
0.23225 -1.10091
0.2325 -1.08967
0.23275 -1.07826
0.233 -1.06667
0.23325 -1.05492
0.2335 -1.043
0.23375 -1.03092
0.234 -1.01867
0.23425 -1.00626
0.2345 -0.993697
0.23475 -0.980974
0.235 -0.968096
0.23525 -0.955065
0.2355 -0.941883
0.23575 -0.928552
0.236 -0.915075
0.23625 -0.901454
0.2365 -0.88769
0.23675 -0.873785
0.237 -0.859743
0.23725 -0.845565
0.2375 -0.831254
0.23775 -0.816811
0.238 -0.802239
0.23825 -0.787541
0.2385 -0.772718
0.23875 -0.757774
0.239 -0.742709
0.23925 -0.727527
0.2395 -0.712231
0.23975 -0.696822
0.24 -0.681303
0.24025 -0.665676
0.2405 -0.649944
0.24075 -0.63411
0.241 -0.618175
0.24125 -0.602143
0.2415 -0.586016
0.24175 -0.569796
0.242 -0.553486
0.24225 -0.537089
0.2425 -0.520607
0.24275 -0.504043
0.243 -0.487399
0.24325 -0.470678
0.2435 -0.453883
0.24375 -0.437016
0.244 -0.42008
0.24425 -0.403078
0.2445 -0.386012
0.24475 -0.368886
0.245 -0.351701
0.24525 -0.33446
0.2455 -0.317167
0.24575 -0.299823
0.246 -0.282433
0.24625 -0.264997
0.2465 -0.24752
0.24675 -0.230004
0.247 -0.212451
0.24725 -0.194865
0.2475 -0.177248
0.24775 -0.159603
0.248 -0.141933
0.24825 -0.12424
0.2485 -0.106528
0.24875 -0.0887992
0.249 -0.0710562
0.24925 -0.053302
0.2495 -0.0355393
0.24975 -0.0177711
0.25 -6.92765e-16
0.25025 0.0177711
0.2505 0.0355393
0.25075 0.053302
0.251 0.0710562
0.25125 0.0887992
0.2515 0.106528
0.25175 0.12424
0.252 0.141933
0.25225 0.159603
0.2525 0.177248
0.25275 0.194865
0.253 0.212451
0.25325 0.230004
0.2535 0.24752
0.25375 0.264997
0.254 0.282433
0.25425 0.299823
0.2545 0.317167
0.25475 0.33446
0.255 0.351701
0.25525 0.368886
0.2555 0.386012
0.25575 0.403078
0.256 0.42008
0.25625 0.437016
0.2565 0.453883
0.25675 0.470678
0.257 0.487399
0.25725 0.504043
0.2575 0.520607
0.25775 0.537089
0.258 0.553486
0.25825 0.569796
0.2585 0.586016
0.25875 0.602143
0.259 0.618175
0.25925 0.63411
0.2595 0.649944
0.25975 0.665676
0.26 0.681303
0.26025 0.696822
0.2605 0.712231
0.26075 0.727527
0.261 0.742709
0.26125 0.757774
0.2615 0.772718
0.26175 0.787541
0.262 0.802239
0.26225 0.816811
0.2625 0.831254
0.26275 0.845565
0.263 0.859743
0.26325 0.873785
0.2635 0.88769
0.26375 0.901454
0.264 0.915075
0.26425 0.928552
0.2645 0.941883
0.26475 0.955065
0.265 0.968096
0.26525 0.980974
0.2655 0.993697
0.26575 1.00626
0.266 1.01867
0.26625 1.03092
0.2665 1.043
0.26675 1.05492
0.267 1.06667
0.26725 1.07826
0.2675 1.08967
0.26775 1.10091
0.268 1.11198
0.26825 1.12287
0.2685 1.13359
0.26875 1.14412
0.269 1.15448
0.26925 1.16465
0.2695 1.17464
0.26975 1.18444
0.27 1.19406
0.27025 1.20349
0.2705 1.21273
0.27075 1.22177
0.271 1.23063
0.27125 1.23928
0.2715 1.24775
0.27175 1.25601
0.272 1.26408
0.27225 1.27195
0.2725 1.27962
0.27275 1.28708
0.273 1.29435
0.27325 1.3014
0.2735 1.30826
0.27375 1.3149
0.274 1.32134
0.27425 1.32757
0.2745 1.33359
0.27475 1.3394
0.275 1.345
0.27525 1.35038
0.2755 1.35555
0.27575 1.36051
0.276 1.36526
0.27625 1.36978
0.2765 1.37409
0.27675 1.37819
0.277 1.38207
0.27725 1.38572
0.2775 1.38916
0.27775 1.39238
0.278 1.39538
0.27825 1.39816
0.2785 1.40072
0.27875 1.40306
0.279 1.40518
0.27925 1.40707
0.2795 1.40875
0.27975 1.4102
0.28 1.41142
0.28025 1.41243
0.2805 1.41321
0.28075 1.41377
0.281 1.4141
0.28125 1.41421
0.2815 1.4141
0.28175 1.41377
0.282 1.41321
0.28225 1.41243
0.2825 1.41142
0.28275 1.4102
0.283 1.40875
0.28325 1.40707
0.2835 1.40518
0.28375 1.40306
0.284 1.40072
0.28425 1.39816
0.2845 1.39538
0.28475 1.39238
0.285 1.38916
0.28525 1.38572
0.2855 1.38207
0.28575 1.37819
0.286 1.37409
0.28625 1.36978
0.2865 1.36526
0.28675 1.36051
0.287 1.35555
0.28725 1.35038
0.2875 1.345
0.28775 1.3394
0.288 1.33359
0.28825 1.32757
0.2885 1.32134
0.28875 1.3149
0.289 1.30826
0.28925 1.3014
0.2895 1.29435
0.28975 1.28708
0.29 1.27962
0.29025 1.27195
0.2905 1.26408
0.29075 1.25601
0.291 1.24775
0.29125 1.23928
0.2915 1.23063
0.29175 1.22177
0.292 1.21273
0.29225 1.20349
0.2925 1.19406
0.29275 1.18444
0.293 1.17464
0.29325 1.16465
0.2935 1.15448
0.29375 1.14412
0.294 1.13359
0.29425 1.12287
0.2945 1.11198
0.29475 1.10091
0.295 1.08967
0.29525 1.07826
0.2955 1.06667
0.29575 1.05492
0.296 1.043
0.29625 1.03092
0.2965 1.01867
0.29675 1.00626
0.297 0.993697
0.29725 0.980974
0.2975 0.968096
0.29775 0.955065
0.298 0.941883
0.29825 0.928552
0.2985 0.915075
0.29875 0.901454
0.299 0.88769
0.29925 0.873785
0.2995 0.859743
0.29975 0.845565
0.3 0.831254
0.30025 0.816811
0.3005 0.802239
0.30075 0.787541
0.301 0.772718
0.30125 0.757774
0.3015 0.742709
0.30175 0.727527
0.302 0.712231
0.30225 0.696822
0.3025 0.681303
0.30275 0.665676
0.303 0.649944
0.30325 0.63411
0.3035 0.618175
0.30375 0.602143
0.304 0.586016
0.30425 0.569796
0.3045 0.553486
0.30475 0.537089
0.305 0.520607
0.30525 0.504043
0.3055 0.487399
0.30575 0.470678
0.306 0.453883
0.30625 0.437016
0.3065 0.42008
0.30675 0.403078
0.307 0.386012
0.30725 0.368886
0.3075 0.351701
0.30775 0.33446
0.308 0.317167
0.30825 0.299823
0.3085 0.282433
0.30875 0.264997
0.309 0.24752
0.30925 0.230004
0.3095 0.212451
0.30975 0.194865
0.31 0.177248
0.31025 0.159603
0.3105 0.141933
0.31075 0.12424
0.311 0.106528
0.31125 0.0887992
0.3115 0.0710562
0.31175 0.053302
0.312 0.0355393
0.31225 0.0177711
0.3125 8.65956e-16
0.31275 -0.0177711
0.313 -0.0355393
0.31325 -0.053302
0.3135 -0.0710562
0.31375 -0.0887992
0.314 -0.106528
0.31425 -0.12424
0.3145 -0.141933
0.31475 -0.159603
0.315 -0.177248
0.31525 -0.194865
0.3155 -0.212451
0.31575 -0.230004
0.316 -0.24752
0.31625 -0.264997
0.3165 -0.282433
0.31675 -0.299823
0.317 -0.317167
0.31725 -0.33446
0.3175 -0.351701
0.31775 -0.368886
0.318 -0.386012
0.31825 -0.403078
0.3185 -0.42008
0.31875 -0.437016
0.319 -0.453883
0.31925 -0.470678
0.3195 -0.487399
0.31975 -0.504043
0.32 -0.520607
0.32025 -0.537089
0.3205 -0.553486
0.32075 -0.569796
0.321 -0.586016
0.32125 -0.602143
0.3215 -0.618175
0.32175 -0.63411
0.322 -0.649944
0.32225 -0.665676
0.3225 -0.681303
0.32275 -0.696822
0.323 -0.712231
0.32325 -0.727527
0.3235 -0.742709
0.32375 -0.757774
0.324 -0.772718
0.32425 -0.787541
0.3245 -0.802239
0.32475 -0.816811
0.325 -0.831254
0.32525 -0.845565
0.3255 -0.859743
0.32575 -0.873785
0.326 -0.88769
0.32625 -0.901454
0.3265 -0.915075
0.32675 -0.928552
0.327 -0.941883
0.32725 -0.955065
0.3275 -0.968096
0.32775 -0.980974
0.328 -0.993697
0.32825 -1.00626
0.3285 -1.01867
0.32875 -1.03092
0.329 -1.043
0.32925 -1.05492
0.3295 -1.06667
0.32975 -1.07826
0.33 -1.08967
0.33025 -1.10091
0.3305 -1.11198
0.33075 -1.12287
0.331 -1.13359
0.33125 -1.14412
0.3315 -1.15448
0.33175 -1.16465
0.332 -1.17464
0.33225 -1.18444
0.3325 -1.19406
0.33275 -1.20349
0.333 -1.21273
0.33325 -1.22177
0.3335 -1.23063
0.33375 -1.23928
0.334 -1.24775
0.33425 -1.25601
0.3345 -1.26408
0.33475 -1.27195
0.335 -1.27962
0.33525 -1.28708
0.3355 -1.29435
0.33575 -1.3014
0.336 -1.30826
0.33625 -1.3149
0.3365 -1.32134
0.33675 -1.32757
0.337 -1.33359
0.33725 -1.3394
0.3375 -1.345
0.33775 -1.35038
0.338 -1.35555
0.33825 -1.36051
0.3385 -1.36526
0.33875 -1.36978
0.339 -1.37409
0.33925 -1.37819
0.3395 -1.38207
0.33975 -1.38572
0.34 -1.38916
0.34025 -1.39238
0.3405 -1.39538
0.34075 -1.39816
0.341 -1.40072
0.34125 -1.40306
0.3415 -1.40518
0.34175 -1.40707
0.342 -1.40875
0.34225 -1.4102
0.3425 -1.41142
0.34275 -1.41243
0.343 -1.41321
0.34325 -1.41377
0.3435 -1.4141
0.34375 -1.41421
0.344 -1.4141
0.34425 -1.41377
0.3445 -1.41321
0.34475 -1.41243
0.345 -1.41142
0.34525 -1.4102
0.3455 -1.40875
0.34575 -1.40707
0.346 -1.40518
0.34625 -1.40306
0.3465 -1.40072
0.34675 -1.39816
0.347 -1.39538
0.34725 -1.39238
0.3475 -1.38916
0.34775 -1.38572
0.348 -1.38207
0.34825 -1.37819
0.3485 -1.37409
0.34875 -1.36978
0.349 -1.36526
0.34925 -1.36051
0.3495 -1.35555
0.34975 -1.35038
0.35 -1.345
0.35025 -1.3394
0.3505 -1.33359
0.35075 -1.32757
0.351 -1.32134
0.35125 -1.3149
0.3515 -1.30826
0.35175 -1.3014
0.352 -1.29435
0.35225 -1.28708
0.3525 -1.27962
0.35275 -1.27195
0.353 -1.26408
0.35325 -1.25601
0.3535 -1.24775
0.35375 -1.23928
0.354 -1.23063
0.35425 -1.22177
0.3545 -1.21273
0.35475 -1.20349
0.355 -1.19406
0.35525 -1.18444
0.3555 -1.17464
0.35575 -1.16465
0.356 -1.15448
0.35625 -1.14412
0.3565 -1.13359
0.35675 -1.12287
0.357 -1.11198
0.35725 -1.10091
0.3575 -1.08967
0.35775 -1.07826
0.358 -1.06667
0.35825 -1.05492
0.3585 -1.043
0.35875 -1.03092
0.359 -1.01867
0.35925 -1.00626
0.3595 -0.993697
0.35975 -0.980974
0.36 -0.968096
0.36025 -0.955065
0.3605 -0.941883
0.36075 -0.928552
0.361 -0.915075
0.36125 -0.901454
0.3615 -0.88769
0.36175 -0.873785
0.362 -0.859743
0.36225 -0.845565
0.3625 -0.831254
0.36275 -0.816811
0.363 -0.802239
0.36325 -0.787541
0.3635 -0.772718
0.36375 -0.757774
0.364 -0.742709
0.36425 -0.727527
0.3645 -0.712231
0.36475 -0.696822
0.365 -0.681303
0.36525 -0.665676
0.3655 -0.649944
0.36575 -0.63411
0.366 -0.618175
0.36625 -0.602143
0.3665 -0.586016
0.36675 -0.569796
0.367 -0.553486
0.36725 -0.537089
0.3675 -0.520607
0.36775 -0.504043
0.368 -0.487399
0.36825 -0.470678
0.3685 -0.453883
0.36875 -0.437016
0.369 -0.42008
0.36925 -0.403078
0.3695 -0.386012
0.36975 -0.368886
0.37 -0.351701
0.37025 -0.33446
0.3705 -0.317167
0.37075 -0.299823
0.371 -0.282433
0.37125 -0.264997
0.3715 -0.24752
0.37175 -0.230004
0.372 -0.212451
0.37225 -0.194865
0.3725 -0.177248
0.37275 -0.159603
0.373 -0.141933
0.37325 -0.12424
0.3735 -0.106528
0.37375 -0.0887992
0.374 -0.0710562
0.37425 -0.053302
0.3745 -0.0355393
0.37475 -0.0177711
0.375 -1.03915e-15
0.37525 0.0177711
0.3755 0.0355393
0.37575 0.053302
0.376 0.0710562
0.37625 0.0887992
0.3765 0.106528
0.37675 0.12424
0.377 0.141933
0.37725 0.159603
0.3775 0.177248
0.37775 0.194865
0.378 0.212451
0.37825 0.230004
0.3785 0.24752
0.37875 0.264997
0.379 0.282433
0.37925 0.299823
0.3795 0.317167
0.37975 0.33446
0.38 0.351701
0.38025 0.368886
0.3805 0.386012
0.38075 0.403078
0.381 0.42008
0.38125 0.437016
0.3815 0.453883
0.38175 0.470678
0.382 0.487399
0.38225 0.504043
0.3825 0.520607
0.38275 0.537089
0.383 0.553486
0.38325 0.569796
0.3835 0.586016
0.38375 0.602143
0.384 0.618175
0.38425 0.63411
0.3845 0.649944
0.38475 0.665676
0.385 0.681303
0.38525 0.696822
0.3855 0.712231
0.38575 0.727527
0.386 0.742709
0.38625 0.757774
0.3865 0.772718
0.38675 0.787541
0.387 0.802239
0.38725 0.816811
0.3875 0.831254
0.38775 0.845565
0.388 0.859743
0.38825 0.873785
0.3885 0.88769
0.38875 0.901454
0.389 0.915075
0.38925 0.928552
0.3895 0.941883
0.38975 0.955065
0.39 0.968096
0.39025 0.980974
0.3905 0.993697
0.39075 1.00626
0.391 1.01867
0.39125 1.03092
0.3915 1.043
0.39175 1.05492
0.392 1.06667
0.39225 1.07826
0.3925 1.08967
0.39275 1.10091
0.393 1.11198
0.39325 1.12287
0.3935 1.13359
0.39375 1.14412
0.394 1.15448
0.39425 1.16465
0.3945 1.17464
0.39475 1.18444
0.395 1.19406
0.39525 1.20349
0.3955 1.21273
0.39575 1.22177
0.396 1.23063
0.39625 1.23928
0.3965 1.24775
0.39675 1.25601
0.397 1.26408
0.39725 1.27195
0.3975 1.27962
0.39775 1.28708
0.398 1.29435
0.39825 1.3014
0.3985 1.30826
0.39875 1.3149
0.399 1.32134
0.39925 1.32757
0.3995 1.33359
0.39975 1.3394
0.4 1.345
0.40025 1.35038
0.4005 1.35555
0.40075 1.36051
0.401 1.36526
0.40125 1.36978
0.4015 1.37409
0.40175 1.37819
0.402 1.38207
0.40225 1.38572
0.4025 1.38916
0.40275 1.39238
0.403 1.39538
0.40325 1.39816
0.4035 1.40072
0.40375 1.40306
0.404 1.40518
0.40425 1.40707
0.4045 1.40875
0.40475 1.4102
0.405 1.41142
0.40525 1.41243
0.4055 1.41321
0.40575 1.41377
0.406 1.4141
0.40625 1.41421
0.4065 1.4141
0.40675 1.41377
0.407 1.41321
0.40725 1.41243
0.4075 1.41142
0.40775 1.4102
0.408 1.40875
0.40825 1.40707
0.4085 1.40518
0.40875 1.40306
0.409 1.40072
0.40925 1.39816
0.4095 1.39538
0.40975 1.39238
0.41 1.38916
0.41025 1.38572
0.4105 1.38207
0.41075 1.37819
0.411 1.37409
0.41125 1.36978
0.4115 1.36526
0.41175 1.36051
0.412 1.35555
0.41225 1.35038
0.4125 1.345
0.41275 1.3394
0.413 1.33359
0.41325 1.32757
0.4135 1.32134
0.41375 1.3149
0.414 1.30826
0.41425 1.3014
0.4145 1.29435
0.41475 1.28708
0.415 1.27962
0.41525 1.27195
0.4155 1.26408
0.41575 1.25601
0.416 1.24775
0.41625 1.23928
0.4165 1.23063
0.41675 1.22177
0.417 1.21273
0.41725 1.20349
0.4175 1.19406
0.41775 1.18444
0.418 1.17464
0.41825 1.16465
0.4185 1.15448
0.41875 1.14412
0.419 1.13359
0.41925 1.12287
0.4195 1.11198
0.41975 1.10091
0.42 1.08967
0.42025 1.07826
0.4205 1.06667
0.42075 1.05492
0.421 1.043
0.42125 1.03092
0.4215 1.01867
0.42175 1.00626
0.422 0.993697
0.42225 0.980974
0.4225 0.968096
0.42275 0.955065
0.423 0.941883
0.42325 0.928552
0.4235 0.915075
0.42375 0.901454
0.424 0.88769
0.42425 0.873785
0.4245 0.859743
0.42475 0.845565
0.425 0.831254
0.42525 0.816811
0.4255 0.802239
0.42575 0.787541
0.426 0.772718
0.42625 0.757774
0.4265 0.742709
0.42675 0.727527
0.427 0.712231
0.42725 0.696822
0.4275 0.681303
0.42775 0.665676
0.428 0.649944
0.42825 0.63411
0.4285 0.618175
0.42875 0.602143
0.429 0.586016
0.42925 0.569796
0.4295 0.553486
0.42975 0.537089
0.43 0.520607
0.43025 0.504043
0.4305 0.487399
0.43075 0.470678
0.431 0.453883
0.43125 0.437016
0.4315 0.42008
0.43175 0.403078
0.432 0.386012
0.43225 0.368886
0.4325 0.351701
0.43275 0.33446
0.433 0.317167
0.43325 0.299823
0.4335 0.282433
0.43375 0.264997
0.434 0.24752
0.43425 0.230004
0.4345 0.212451
0.43475 0.194865
0.435 0.177248
0.43525 0.159603
0.4355 0.141933
0.43575 0.12424
0.436 0.106528
0.43625 0.0887992
0.4365 0.0710562
0.43675 0.053302
0.437 0.0355393
0.43725 0.0177711
0.4375 1.21234e-15
0.43775 -0.0177711
0.438 -0.0355393
0.43825 -0.053302
0.4385 -0.0710562
0.43875 -0.0887992
0.439 -0.106528
0.43925 -0.12424
0.4395 -0.141933
0.43975 -0.159603
0.44 -0.177248
0.44025 -0.194865
0.4405 -0.212451
0.44075 -0.230004
0.441 -0.24752
0.44125 -0.264997
0.4415 -0.282433
0.44175 -0.299823
0.442 -0.317167
0.44225 -0.33446
0.4425 -0.351701
0.44275 -0.368886
0.443 -0.386012
0.44325 -0.403078
0.4435 -0.42008
0.44375 -0.437016
0.444 -0.453883
0.44425 -0.470678
0.4445 -0.487399
0.44475 -0.504043
0.445 -0.520607
0.44525 -0.537089
0.4455 -0.553486
0.44575 -0.569796
0.446 -0.586016
0.44625 -0.602143
0.4465 -0.618175
0.44675 -0.63411
0.447 -0.649944
0.44725 -0.665676
0.4475 -0.681303
0.44775 -0.696822
0.448 -0.712231
0.44825 -0.727527
0.4485 -0.742709
0.44875 -0.757774
0.449 -0.772718
0.44925 -0.787541
0.4495 -0.802239
0.44975 -0.816811
0.45 -0.831254
0.45025 -0.845565
0.4505 -0.859743
0.45075 -0.873785
0.451 -0.88769
0.45125 -0.901454
0.4515 -0.915075
0.45175 -0.928552
0.452 -0.941883
0.45225 -0.955065
0.4525 -0.968096
0.45275 -0.980974
0.453 -0.993697
0.45325 -1.00626
0.4535 -1.01867
0.45375 -1.03092
0.454 -1.043
0.45425 -1.05492
0.4545 -1.06667
0.45475 -1.07826
0.455 -1.08967
0.45525 -1.10091
0.4555 -1.11198
0.45575 -1.12287
0.456 -1.13359
0.45625 -1.14412
0.4565 -1.15448
0.45675 -1.16465
0.457 -1.17464
0.45725 -1.18444
0.4575 -1.19406
0.45775 -1.20349
0.458 -1.21273
0.45825 -1.22177
0.4585 -1.23063
0.45875 -1.23928
0.459 -1.24775
0.45925 -1.25601
0.4595 -1.26408
0.45975 -1.27195
0.46 -1.27962
0.46025 -1.28708
0.4605 -1.29435
0.46075 -1.3014
0.461 -1.30826
0.46125 -1.3149
0.4615 -1.32134
0.46175 -1.32757
0.462 -1.33359
0.46225 -1.3394
0.4625 -1.345
0.46275 -1.35038
0.463 -1.35555
0.46325 -1.36051
0.4635 -1.36526
0.46375 -1.36978
0.464 -1.37409
0.46425 -1.37819
0.4645 -1.38207
0.46475 -1.38572
0.465 -1.38916
0.46525 -1.39238
0.4655 -1.39538
0.46575 -1.39816
0.466 -1.40072
0.46625 -1.40306
0.4665 -1.40518
0.46675 -1.40707
0.467 -1.40875
0.46725 -1.4102
0.4675 -1.41142
0.46775 -1.41243
0.468 -1.41321
0.46825 -1.41377
0.4685 -1.4141
0.46875 -1.41421
0.469 -1.4141
0.46925 -1.41377
0.4695 -1.41321
0.46975 -1.41243
0.47 -1.41142
0.47025 -1.4102
0.4705 -1.40875
0.47075 -1.40707
0.471 -1.40518
0.47125 -1.40306
0.4715 -1.40072
0.47175 -1.39816
0.472 -1.39538
0.47225 -1.39238
0.4725 -1.38916
0.47275 -1.38572
0.473 -1.38207
0.47325 -1.37819
0.4735 -1.37409
0.47375 -1.36978
0.474 -1.36526
0.47425 -1.36051
0.4745 -1.35555
0.47475 -1.35038
0.475 -1.345
0.47525 -1.3394
0.4755 -1.33359
0.47575 -1.32757
0.476 -1.32134
0.47625 -1.3149
0.4765 -1.30826
0.47675 -1.3014
0.477 -1.29435
0.47725 -1.28708
0.4775 -1.27962
0.47775 -1.27195
0.478 -1.26408
0.47825 -1.25601
0.4785 -1.24775
0.47875 -1.23928
0.479 -1.23063
0.47925 -1.22177
0.4795 -1.21273
0.47975 -1.20349
0.48 -1.19406
0.48025 -1.18444
0.4805 -1.17464
0.48075 -1.16465
0.481 -1.15448
0.48125 -1.14412
0.4815 -1.13359
0.48175 -1.12287
0.482 -1.11198
0.48225 -1.10091
0.4825 -1.08967
0.48275 -1.07826
0.483 -1.06667
0.48325 -1.05492
0.4835 -1.043
0.48375 -1.03092
0.484 -1.01867
0.48425 -1.00626
0.4845 -0.993697
0.48475 -0.980974
0.485 -0.968096
0.48525 -0.955065
0.4855 -0.941883
0.48575 -0.928552
0.486 -0.915075
0.48625 -0.901454
0.4865 -0.88769
0.48675 -0.873785
0.487 -0.859743
0.48725 -0.845565
0.4875 -0.831254
0.48775 -0.816811
0.488 -0.802239
0.48825 -0.787541
0.4885 -0.772718
0.48875 -0.757774
0.489 -0.742709
0.48925 -0.727527
0.4895 -0.712231
0.48975 -0.696822
0.49 -0.681303
0.49025 -0.665676
0.4905 -0.649944
0.49075 -0.63411
0.491 -0.618175
0.49125 -0.602143
0.4915 -0.586016
0.49175 -0.569796
0.492 -0.553486
0.49225 -0.537089
0.4925 -0.520607
0.49275 -0.504043
0.493 -0.487399
0.49325 -0.470678
0.4935 -0.453883
0.49375 -0.437016
0.494 -0.42008
0.49425 -0.403078
0.4945 -0.386012
0.49475 -0.368886
0.495 -0.351701
0.49525 -0.33446
0.4955 -0.317167
0.49575 -0.299823
0.496 -0.282433
0.49625 -0.264997
0.4965 -0.24752
0.49675 -0.230004
0.497 -0.212451
0.49725 -0.194865
0.4975 -0.177248
0.49775 -0.159603
0.498 -0.141933
0.49825 -0.12424
0.4985 -0.106528
0.49875 -0.0887992
0.499 -0.0710562
0.49925 -0.053302
0.4995 -0.0355393
0.49975 -0.0177711
0.5 -1.38553e-15
0.50025 0.0177711
0.5005 0.0355393
0.50075 0.053302
0.501 0.0710562
0.50125 0.0887992
0.5015 0.106528
0.50175 0.12424
0.502 0.141933
0.50225 0.159603
0.5025 0.177248
0.50275 0.194865
0.503 0.212451
0.50325 0.230004
0.5035 0.24752
0.50375 0.264997
0.504 0.282433
0.50425 0.299823
0.5045 0.317167
0.50475 0.33446
0.505 0.351701
0.50525 0.368886
0.5055 0.386012
0.50575 0.403078
0.506 0.42008
0.50625 0.437016
0.5065 0.453883
0.50675 0.470678
0.507 0.487399
0.50725 0.504043
0.5075 0.520607
0.50775 0.537089
0.508 0.553486
0.50825 0.569796
0.5085 0.586016
0.50875 0.602143
0.509 0.618175
0.50925 0.63411
0.5095 0.649944
0.50975 0.665676
0.51 0.681303
0.51025 0.696822
0.5105 0.712231
0.51075 0.727527
0.511 0.742709
0.51125 0.757774
0.5115 0.772718
0.51175 0.787541
0.512 0.802239
0.51225 0.816811
0.5125 0.831254
0.51275 0.845565
0.513 0.859743
0.51325 0.873785
0.5135 0.88769
0.51375 0.901454
0.514 0.915075
0.51425 0.928552
0.5145 0.941883
0.51475 0.955065
0.515 0.968096
0.51525 0.980974
0.5155 0.993697
0.51575 1.00626
0.516 1.01867
0.51625 1.03092
0.5165 1.043
0.51675 1.05492
0.517 1.06667
0.51725 1.07826
0.5175 1.08967
0.51775 1.10091
0.518 1.11198
0.51825 1.12287
0.5185 1.13359
0.51875 1.14412
0.519 1.15448
0.51925 1.16465
0.5195 1.17464
0.51975 1.18444
0.52 1.19406
0.52025 1.20349
0.5205 1.21273
0.52075 1.22177
0.521 1.23063
0.52125 1.23928
0.5215 1.24775
0.52175 1.25601
0.522 1.26408
0.52225 1.27195
0.5225 1.27962
0.52275 1.28708
0.523 1.29435
0.52325 1.3014
0.5235 1.30826
0.52375 1.3149
0.524 1.32134
0.52425 1.32757
0.5245 1.33359
0.52475 1.3394
0.525 1.345
0.52525 1.35038
0.5255 1.35555
0.52575 1.36051
0.526 1.36526
0.52625 1.36978
0.5265 1.37409
0.52675 1.37819
0.527 1.38207
0.52725 1.38572
0.5275 1.38916
0.52775 1.39238
0.528 1.39538
0.52825 1.39816
0.5285 1.40072
0.52875 1.40306
0.529 1.40518
0.52925 1.40707
0.5295 1.40875
0.52975 1.4102
0.53 1.41142
0.53025 1.41243
0.5305 1.41321
0.53075 1.41377
0.531 1.4141
0.53125 1.41421
0.5315 1.4141
0.53175 1.41377
0.532 1.41321
0.53225 1.41243
0.5325 1.41142
0.53275 1.4102
0.533 1.40875
0.53325 1.40707
0.5335 1.40518
0.53375 1.40306
0.534 1.40072
0.53425 1.39816
0.5345 1.39538
0.53475 1.39238
0.535 1.38916
0.53525 1.38572
0.5355 1.38207
0.53575 1.37819
0.536 1.37409
0.53625 1.36978
0.5365 1.36526
0.53675 1.36051
0.537 1.35555
0.53725 1.35038
0.5375 1.345
0.53775 1.3394
0.538 1.33359
0.53825 1.32757
0.5385 1.32134
0.53875 1.3149
0.539 1.30826
0.53925 1.3014
0.5395 1.29435
0.53975 1.28708
0.54 1.27962
0.54025 1.27195
0.5405 1.26408
0.54075 1.25601
0.541 1.24775
0.54125 1.23928
0.5415 1.23063
0.54175 1.22177
0.542 1.21273
0.54225 1.20349
0.5425 1.19406
0.54275 1.18444
0.543 1.17464
0.54325 1.16465
0.5435 1.15448
0.54375 1.14412
0.544 1.13359
0.54425 1.12287
0.5445 1.11198
0.54475 1.10091
0.545 1.08967
0.54525 1.07826
0.5455 1.06667
0.54575 1.05492
0.546 1.043
0.54625 1.03092
0.5465 1.01867
0.54675 1.00626
0.547 0.993697
0.54725 0.980974
0.5475 0.968096
0.54775 0.955065
0.548 0.941883
0.54825 0.928552
0.5485 0.915075
0.54875 0.901454
0.549 0.88769
0.54925 0.873785
0.5495 0.859743
0.54975 0.845565
0.55 0.831254
0.55025 0.816811
0.5505 0.802239
0.55075 0.787541
0.551 0.772718
0.55125 0.757774
0.5515 0.742709
0.55175 0.727527
0.552 0.712231
0.55225 0.696822
0.5525 0.681303
0.55275 0.665676
0.553 0.649944
0.55325 0.63411
0.5535 0.618175
0.55375 0.602143
0.554 0.586016
0.55425 0.569796
0.5545 0.553486
0.55475 0.537089
0.555 0.520607
0.55525 0.504043
0.5555 0.487399
0.55575 0.470678
0.556 0.453883
0.55625 0.437016
0.5565 0.42008
0.55675 0.403078
0.557 0.386012
0.55725 0.368886
0.5575 0.351701
0.55775 0.33446
0.558 0.317167
0.55825 0.299823
0.5585 0.282433
0.55875 0.264997
0.559 0.24752
0.55925 0.230004
0.5595 0.212451
0.55975 0.194865
0.56 0.177248
0.56025 0.159603
0.5605 0.141933
0.56075 0.12424
0.561 0.106528
0.56125 0.0887992
0.5615 0.0710562
0.56175 0.053302
0.562 0.0355393
0.56225 0.0177711
0.5625 1.55872e-15
0.56275 -0.0177711
0.563 -0.0355393
0.56325 -0.053302
0.5635 -0.0710562
0.56375 -0.0887992
0.564 -0.106528
0.56425 -0.12424
0.5645 -0.141933
0.56475 -0.159603
0.565 -0.177248
0.56525 -0.194865
0.5655 -0.212451
0.56575 -0.230004
0.566 -0.24752
0.56625 -0.264997
0.5665 -0.282433
0.56675 -0.299823
0.567 -0.317167
0.56725 -0.33446
0.5675 -0.351701
0.56775 -0.368886
0.568 -0.386012
0.56825 -0.403078
0.5685 -0.42008
0.56875 -0.437016
0.569 -0.453883
0.56925 -0.470678
0.5695 -0.487399
0.56975 -0.504043
0.57 -0.520607
0.57025 -0.537089
0.5705 -0.553486
0.57075 -0.569796
0.571 -0.586016
0.57125 -0.602143
0.5715 -0.618175
0.57175 -0.63411
0.572 -0.649944
0.57225 -0.665676
0.5725 -0.681303
0.57275 -0.696822
0.573 -0.712231
0.57325 -0.727527
0.5735 -0.742709
0.57375 -0.757774
0.574 -0.772718
0.57425 -0.787541
0.5745 -0.802239
0.57475 -0.816811
0.575 -0.831254
0.57525 -0.845565
0.5755 -0.859743
0.57575 -0.873785
0.576 -0.88769
0.57625 -0.901454
0.5765 -0.915075
0.57675 -0.928552
0.577 -0.941883
0.57725 -0.955065
0.5775 -0.968096
0.57775 -0.980974
0.578 -0.993697
0.57825 -1.00626
0.5785 -1.01867
0.57875 -1.03092
0.579 -1.043
0.57925 -1.05492
0.5795 -1.06667
0.57975 -1.07826
0.58 -1.08967
0.58025 -1.10091
0.5805 -1.11198
0.58075 -1.12287
0.581 -1.13359
0.58125 -1.14412
0.5815 -1.15448
0.58175 -1.16465
0.582 -1.17464
0.58225 -1.18444
0.5825 -1.19406
0.58275 -1.20349
0.583 -1.21273
0.58325 -1.22177
0.5835 -1.23063
0.58375 -1.23928
0.584 -1.24775
0.58425 -1.25601
0.5845 -1.26408
0.58475 -1.27195
0.585 -1.27962
0.58525 -1.28708
0.5855 -1.29435
0.58575 -1.3014
0.586 -1.30826
0.58625 -1.3149
0.5865 -1.32134
0.58675 -1.32757
0.587 -1.33359
0.58725 -1.3394
0.5875 -1.345
0.58775 -1.35038
0.588 -1.35555
0.58825 -1.36051
0.5885 -1.36526
0.58875 -1.36978
0.589 -1.37409
0.58925 -1.37819
0.5895 -1.38207
0.58975 -1.38572
0.59 -1.38916
0.59025 -1.39238
0.5905 -1.39538
0.59075 -1.39816
0.591 -1.40072
0.59125 -1.40306
0.5915 -1.40518
0.59175 -1.40707
0.592 -1.40875
0.59225 -1.4102
0.5925 -1.41142
0.59275 -1.41243
0.593 -1.41321
0.59325 -1.41377
0.5935 -1.4141
0.59375 -1.41421
0.594 -1.4141
0.59425 -1.41377
0.5945 -1.41321
0.59475 -1.41243
0.595 -1.41142
0.59525 -1.4102
0.5955 -1.40875
0.59575 -1.40707
0.596 -1.40518
0.59625 -1.40306
0.5965 -1.40072
0.59675 -1.39816
0.597 -1.39538
0.59725 -1.39238
0.5975 -1.38916
0.59775 -1.38572
0.598 -1.38207
0.59825 -1.37819
0.5985 -1.37409
0.59875 -1.36978
0.599 -1.36526
0.59925 -1.36051
0.5995 -1.35555
0.59975 -1.35038
0.6 -1.345
0.60025 -1.3394
0.6005 -1.33359
0.60075 -1.32757
0.601 -1.32134
0.60125 -1.3149
0.6015 -1.30826
0.60175 -1.3014
0.602 -1.29435
0.60225 -1.28708
0.6025 -1.27962
0.60275 -1.27195
0.603 -1.26408
0.60325 -1.25601
0.6035 -1.24775
0.60375 -1.23928
0.604 -1.23063
0.60425 -1.22177
0.6045 -1.21273
0.60475 -1.20349
0.605 -1.19406
0.60525 -1.18444
0.6055 -1.17464
0.60575 -1.16465
0.606 -1.15448
0.60625 -1.14412
0.6065 -1.13359
0.60675 -1.12287
0.607 -1.11198
0.60725 -1.10091
0.6075 -1.08967
0.60775 -1.07826
0.608 -1.06667
0.60825 -1.05492
0.6085 -1.043
0.60875 -1.03092
0.609 -1.01867
0.60925 -1.00626
0.6095 -0.993697
0.60975 -0.980974
0.61 -0.968096
0.61025 -0.955065
0.6105 -0.941883
0.61075 -0.928552
0.611 -0.915075
0.61125 -0.901454
0.6115 -0.88769
0.61175 -0.873785
0.612 -0.859743
0.61225 -0.845565
0.6125 -0.831254
0.61275 -0.816811
0.613 -0.802239
0.61325 -0.787541
0.6135 -0.772718
0.61375 -0.757774
0.614 -0.742709
0.61425 -0.727527
0.6145 -0.712231
0.61475 -0.696822
0.615 -0.681303
0.61525 -0.665676
0.6155 -0.649944
0.61575 -0.63411
0.616 -0.618175
0.61625 -0.602143
0.6165 -0.586016
0.61675 -0.569796
0.617 -0.553486
0.61725 -0.537089
0.6175 -0.520607
0.61775 -0.504043
0.618 -0.487399
0.61825 -0.470678
0.6185 -0.453883
0.61875 -0.437016
0.619 -0.42008
0.61925 -0.403078
0.6195 -0.386012
0.61975 -0.368886
0.62 -0.351701
0.62025 -0.33446
0.6205 -0.317167
0.62075 -0.299823
0.621 -0.282433
0.62125 -0.264997
0.6215 -0.24752
0.62175 -0.230004
0.622 -0.212451
0.62225 -0.194865
0.6225 -0.177248
0.62275 -0.159603
0.623 -0.141933
0.62325 -0.12424
0.6235 -0.106528
0.62375 -0.0887992
0.624 -0.0710562
0.62425 -0.053302
0.6245 -0.0355393
0.62475 -0.0177711
0.625 -1.73191e-15
0.62525 0.0177711
0.6255 0.0355393
0.62575 0.053302
0.626 0.0710562
0.62625 0.0887992
0.6265 0.106528
0.62675 0.12424
0.627 0.141933
0.62725 0.159603
0.6275 0.177248
0.62775 0.194865
0.628 0.212451
0.62825 0.230004
0.6285 0.24752
0.62875 0.264997
0.629 0.282433
0.62925 0.299823
0.6295 0.317167
0.62975 0.33446
0.63 0.351701
0.63025 0.368886
0.6305 0.386012
0.63075 0.403078
0.631 0.42008
0.63125 0.437016
0.6315 0.453883
0.63175 0.470678
0.632 0.487399
0.63225 0.504043
0.6325 0.520607
0.63275 0.537089
0.633 0.553486
0.63325 0.569796
0.6335 0.586016
0.63375 0.602143
0.634 0.618175
0.63425 0.63411
0.6345 0.649944
0.63475 0.665676
0.635 0.681303
0.63525 0.696822
0.6355 0.712231
0.63575 0.727527
0.636 0.742709
0.63625 0.757774
0.6365 0.772718
0.63675 0.787541
0.637 0.802239
0.63725 0.816811
0.6375 0.831254
0.63775 0.845565
0.638 0.859743
0.63825 0.873785
0.6385 0.88769
0.63875 0.901454
0.639 0.915075
0.63925 0.928552
0.6395 0.941883
0.63975 0.955065
0.64 0.968096
0.64025 0.980974
0.6405 0.993697
0.64075 1.00626
0.641 1.01867
0.64125 1.03092
0.6415 1.043
0.64175 1.05492
0.642 1.06667
0.64225 1.07826
0.6425 1.08967
0.64275 1.10091
0.643 1.11198
0.64325 1.12287
0.6435 1.13359
0.64375 1.14412
0.644 1.15448
0.64425 1.16465
0.6445 1.17464
0.64475 1.18444
0.645 1.19406
0.64525 1.20349
0.6455 1.21273
0.64575 1.22177
0.646 1.23063
0.64625 1.23928
0.6465 1.24775
0.64675 1.25601
0.647 1.26408
0.64725 1.27195
0.6475 1.27962
0.64775 1.28708
0.648 1.29435
0.64825 1.3014
0.6485 1.30826
0.64875 1.3149
0.649 1.32134
0.64925 1.32757
0.6495 1.33359
0.64975 1.3394
0.65 1.345
0.65025 1.35038
0.6505 1.35555
0.65075 1.36051
0.651 1.36526
0.65125 1.36978
0.6515 1.37409
0.65175 1.37819
0.652 1.38207
0.65225 1.38572
0.6525 1.38916
0.65275 1.39238
0.653 1.39538
0.65325 1.39816
0.6535 1.40072
0.65375 1.40306
0.654 1.40518
0.65425 1.40707
0.6545 1.40875
0.65475 1.4102
0.655 1.41142
0.65525 1.41243
0.6555 1.41321
0.65575 1.41377
0.656 1.4141
0.65625 1.41421
0.6565 1.4141
0.65675 1.41377
0.657 1.41321
0.65725 1.41243
0.6575 1.41142
0.65775 1.4102
0.658 1.40875
0.65825 1.40707
0.6585 1.40518
0.65875 1.40306
0.659 1.40072
0.65925 1.39816
0.6595 1.39538
0.65975 1.39238
0.66 1.38916
0.66025 1.38572
0.6605 1.38207
0.66075 1.37819
0.661 1.37409
0.66125 1.36978
0.6615 1.36526
0.66175 1.36051
0.662 1.35555
0.66225 1.35038
0.6625 1.345
0.66275 1.3394
0.663 1.33359
0.66325 1.32757
0.6635 1.32134
0.66375 1.3149
0.664 1.30826
0.66425 1.3014
0.6645 1.29435
0.66475 1.28708
0.665 1.27962
0.66525 1.27195
0.6655 1.26408
0.66575 1.25601
0.666 1.24775
0.66625 1.23928
0.6665 1.23063
0.66675 1.22177
0.667 1.21273
0.66725 1.20349
0.6675 1.19406
0.66775 1.18444
0.668 1.17464
0.66825 1.16465
0.6685 1.15448
0.66875 1.14412
0.669 1.13359
0.66925 1.12287
0.6695 1.11198
0.66975 1.10091
0.67 1.08967
0.67025 1.07826
0.6705 1.06667
0.67075 1.05492
0.671 1.043
0.67125 1.03092
0.6715 1.01867
0.67175 1.00626
0.672 0.993697
0.67225 0.980974
0.6725 0.968096
0.67275 0.955065
0.673 0.941883
0.67325 0.928552
0.6735 0.915075
0.67375 0.901454
0.674 0.88769
0.67425 0.873785
0.6745 0.859743
0.67475 0.845565
0.675 0.831254
0.67525 0.816811
0.6755 0.802239
0.67575 0.787541
0.676 0.772718
0.67625 0.757774
0.6765 0.742709
0.67675 0.727527
0.677 0.712231
0.67725 0.696822
0.6775 0.681303
0.67775 0.665676
0.678 0.649944
0.67825 0.63411
0.6785 0.618175
0.67875 0.602143
0.679 0.586016
0.67925 0.569796
0.6795 0.553486
0.67975 0.537089
0.68 0.520607
0.68025 0.504043
0.6805 0.487399
0.68075 0.470678
0.681 0.453883
0.68125 0.437016
0.6815 0.42008
0.68175 0.403078
0.682 0.386012
0.68225 0.368886
0.6825 0.351701
0.68275 0.33446
0.683 0.317167
0.68325 0.299823
0.6835 0.282433
0.68375 0.264997
0.684 0.24752
0.68425 0.230004
0.6845 0.212451
0.68475 0.194865
0.685 0.177248
0.68525 0.159603
0.6855 0.141933
0.68575 0.12424
0.686 0.106528
0.68625 0.0887992
0.6865 0.0710562
0.68675 0.053302
0.687 0.0355393
0.68725 0.0177711
0.6875 6.9294e-15
0.68775 -0.0177711
0.688 -0.0355393
0.68825 -0.053302
0.6885 -0.0710562
0.68875 -0.0887992
0.689 -0.106528
0.68925 -0.12424
0.6895 -0.141933
0.68975 -0.159603
0.69 -0.177248
0.69025 -0.194865
0.6905 -0.212451
0.69075 -0.230004
0.691 -0.24752
0.69125 -0.264997
0.6915 -0.282433
0.69175 -0.299823
0.692 -0.317167
0.69225 -0.33446
0.6925 -0.351701
0.69275 -0.368886
0.693 -0.386012
0.69325 -0.403078
0.6935 -0.42008
0.69375 -0.437016
0.694 -0.453883
0.69425 -0.470678
0.6945 -0.487399
0.69475 -0.504043
0.695 -0.520607
0.69525 -0.537089
0.6955 -0.553486
0.69575 -0.569796
0.696 -0.586016
0.69625 -0.602143
0.6965 -0.618175
0.69675 -0.63411
0.697 -0.649944
0.69725 -0.665676
0.6975 -0.681303
0.69775 -0.696822
0.698 -0.712231
0.69825 -0.727527
0.6985 -0.742709
0.69875 -0.757774
0.699 -0.772718
0.69925 -0.787541
0.6995 -0.802239
0.69975 -0.816811
0.7 -0.831254
0.70025 -0.845565
0.7005 -0.859743
0.70075 -0.873785
0.701 -0.88769
0.70125 -0.901454
0.7015 -0.915075
0.70175 -0.928552
0.702 -0.941883
0.70225 -0.955065
0.7025 -0.968096
0.70275 -0.980974
0.703 -0.993697
0.70325 -1.00626
0.7035 -1.01867
0.70375 -1.03092
0.704 -1.043
0.70425 -1.05492
0.7045 -1.06667
0.70475 -1.07826
0.705 -1.08967
0.70525 -1.10091
0.7055 -1.11198
0.70575 -1.12287
0.706 -1.13359
0.70625 -1.14412
0.7065 -1.15448
0.70675 -1.16465
0.707 -1.17464
0.70725 -1.18444
0.7075 -1.19406
0.70775 -1.20349
0.708 -1.21273
0.70825 -1.22177
0.7085 -1.23063
0.70875 -1.23928
0.709 -1.24775
0.70925 -1.25601
0.7095 -1.26408
0.70975 -1.27195
0.71 -1.27962
0.71025 -1.28708
0.7105 -1.29435
0.71075 -1.3014
0.711 -1.30826
0.71125 -1.3149
0.7115 -1.32134
0.71175 -1.32757
0.712 -1.33359
0.71225 -1.3394
0.7125 -1.345
0.71275 -1.35038
0.713 -1.35555
0.71325 -1.36051
0.7135 -1.36526
0.71375 -1.36978
0.714 -1.37409
0.71425 -1.37819
0.7145 -1.38207
0.71475 -1.38572
0.715 -1.38916
0.71525 -1.39238
0.7155 -1.39538
0.71575 -1.39816
0.716 -1.40072
0.71625 -1.40306
0.7165 -1.40518
0.71675 -1.40707
0.717 -1.40875
0.71725 -1.4102
0.7175 -1.41142
0.71775 -1.41243
0.718 -1.41321
0.71825 -1.41377
0.7185 -1.4141
0.71875 -1.41421
0.719 -1.4141
0.71925 -1.41377
0.7195 -1.41321
0.71975 -1.41243
0.72 -1.41142
0.72025 -1.4102
0.7205 -1.40875
0.72075 -1.40707
0.721 -1.40518
0.72125 -1.40306
0.7215 -1.40072
0.72175 -1.39816
0.722 -1.39538
0.72225 -1.39238
0.7225 -1.38916
0.72275 -1.38572
0.723 -1.38207
0.72325 -1.37819
0.7235 -1.37409
0.72375 -1.36978
0.724 -1.36526
0.72425 -1.36051
0.7245 -1.35555
0.72475 -1.35038
0.725 -1.345
0.72525 -1.3394
0.7255 -1.33359
0.72575 -1.32757
0.726 -1.32134
0.72625 -1.3149
0.7265 -1.30826
0.72675 -1.3014
0.727 -1.29435
0.72725 -1.28708
0.7275 -1.27962
0.72775 -1.27195
0.728 -1.26408
0.72825 -1.25601
0.7285 -1.24775
0.72875 -1.23928
0.729 -1.23063
0.72925 -1.22177
0.7295 -1.21273
0.72975 -1.20349
0.73 -1.19406
0.73025 -1.18444
0.7305 -1.17464
0.73075 -1.16465
0.731 -1.15448
0.73125 -1.14412
0.7315 -1.13359
0.73175 -1.12287
0.732 -1.11198
0.73225 -1.10091
0.7325 -1.08967
0.73275 -1.07826
0.733 -1.06667
0.73325 -1.05492
0.7335 -1.043
0.73375 -1.03092
0.734 -1.01867
0.73425 -1.00626
0.7345 -0.993697
0.73475 -0.980974
0.735 -0.968096
0.73525 -0.955065
0.7355 -0.941883
0.73575 -0.928552
0.736 -0.915075
0.73625 -0.901454
0.7365 -0.88769
0.73675 -0.873785
0.737 -0.859743
0.73725 -0.845565
0.7375 -0.831254
0.73775 -0.816811
0.738 -0.802239
0.73825 -0.787541
0.7385 -0.772718
0.73875 -0.757774
0.739 -0.742709
0.73925 -0.727527
0.7395 -0.712231
0.73975 -0.696822
0.74 -0.681303
0.74025 -0.665676
0.7405 -0.649944
0.74075 -0.63411
0.741 -0.618175
0.74125 -0.602143
0.7415 -0.586016
0.74175 -0.569796
0.742 -0.553486
0.74225 -0.537089
0.7425 -0.520607
0.74275 -0.504043
0.743 -0.487399
0.74325 -0.470678
0.7435 -0.453883
0.74375 -0.437016
0.744 -0.42008
0.74425 -0.403078
0.7445 -0.386012
0.74475 -0.368886
0.745 -0.351701
0.74525 -0.33446
0.7455 -0.317167
0.74575 -0.299823
0.746 -0.282433
0.74625 -0.264997
0.7465 -0.24752
0.74675 -0.230004
0.747 -0.212451
0.74725 -0.194865
0.7475 -0.177248
0.74775 -0.159603
0.748 -0.141933
0.74825 -0.12424
0.7485 -0.106528
0.74875 -0.0887992
0.749 -0.0710562
0.74925 -0.053302
0.7495 -0.0355393
0.74975 -0.0177711
0.75 -2.07829e-15
0.75025 0.0177711
0.7505 0.0355393
0.75075 0.053302
0.751 0.0710562
0.75125 0.0887992
0.7515 0.106528
0.75175 0.12424
0.752 0.141933
0.75225 0.159603
0.7525 0.177248
0.75275 0.194865
0.753 0.212451
0.75325 0.230004
0.7535 0.24752
0.75375 0.264997
0.754 0.282433
0.75425 0.299823
0.7545 0.317167
0.75475 0.33446
0.755 0.351701
0.75525 0.368886
0.7555 0.386012
0.75575 0.403078
0.756 0.42008
0.75625 0.437016
0.7565 0.453883
0.75675 0.470678
0.757 0.487399
0.75725 0.504043
0.7575 0.520607
0.75775 0.537089
0.758 0.553486
0.75825 0.569796
0.7585 0.586016
0.75875 0.602143
0.759 0.618175
0.75925 0.63411
0.7595 0.649944
0.75975 0.665676
0.76 0.681303
0.76025 0.696822
0.7605 0.712231
0.76075 0.727527
0.761 0.742709
0.76125 0.757774
0.7615 0.772718
0.76175 0.787541
0.762 0.802239
0.76225 0.816811
0.7625 0.831254
0.76275 0.845565
0.763 0.859743
0.76325 0.873785
0.7635 0.88769
0.76375 0.901454
0.764 0.915075
0.76425 0.928552
0.7645 0.941883
0.76475 0.955065
0.765 0.968096
0.76525 0.980974
0.7655 0.993697
0.76575 1.00626
0.766 1.01867
0.76625 1.03092
0.7665 1.043
0.76675 1.05492
0.767 1.06667
0.76725 1.07826
0.7675 1.08967
0.76775 1.10091
0.768 1.11198
0.76825 1.12287
0.7685 1.13359
0.76875 1.14412
0.769 1.15448
0.76925 1.16465
0.7695 1.17464
0.76975 1.18444
0.77 1.19406
0.77025 1.20349
0.7705 1.21273
0.77075 1.22177
0.771 1.23063
0.77125 1.23928
0.7715 1.24775
0.77175 1.25601
0.772 1.26408
0.77225 1.27195
0.7725 1.27962
0.77275 1.28708
0.773 1.29435
0.77325 1.3014
0.7735 1.30826
0.77375 1.3149
0.774 1.32134
0.77425 1.32757
0.7745 1.33359
0.77475 1.3394
0.775 1.345
0.77525 1.35038
0.7755 1.35555
0.77575 1.36051
0.776 1.36526
0.77625 1.36978
0.7765 1.37409
0.77675 1.37819
0.777 1.38207
0.77725 1.38572
0.7775 1.38916
0.77775 1.39238
0.778 1.39538
0.77825 1.39816
0.7785 1.40072
0.77875 1.40306
0.779 1.40518
0.77925 1.40707
0.7795 1.40875
0.77975 1.4102
0.78 1.41142
0.78025 1.41243
0.7805 1.41321
0.78075 1.41377
0.781 1.4141
0.78125 1.41421
0.7815 1.4141
0.78175 1.41377
0.782 1.41321
0.78225 1.41243
0.7825 1.41142
0.78275 1.4102
0.783 1.40875
0.78325 1.40707
0.7835 1.40518
0.78375 1.40306
0.784 1.40072
0.78425 1.39816
0.7845 1.39538
0.78475 1.39238
0.785 1.38916
0.78525 1.38572
0.7855 1.38207
0.78575 1.37819
0.786 1.37409
0.78625 1.36978
0.7865 1.36526
0.78675 1.36051
0.787 1.35555
0.78725 1.35038
0.7875 1.345
0.78775 1.3394
0.788 1.33359
0.78825 1.32757
0.7885 1.32134
0.78875 1.3149
0.789 1.30826
0.78925 1.3014
0.7895 1.29435
0.78975 1.28708
0.79 1.27962
0.79025 1.27195
0.7905 1.26408
0.79075 1.25601
0.791 1.24775
0.79125 1.23928
0.7915 1.23063
0.79175 1.22177
0.792 1.21273
0.79225 1.20349
0.7925 1.19406
0.79275 1.18444
0.793 1.17464
0.79325 1.16465
0.7935 1.15448
0.79375 1.14412
0.794 1.13359
0.79425 1.12287
0.7945 1.11198
0.79475 1.10091
0.795 1.08967
0.79525 1.07826
0.7955 1.06667
0.79575 1.05492
0.796 1.043
0.79625 1.03092
0.7965 1.01867
0.79675 1.00626
0.797 0.993697
0.79725 0.980974
0.7975 0.968096
0.79775 0.955065
0.798 0.941883
0.79825 0.928552
0.7985 0.915075
0.79875 0.901454
0.799 0.88769
0.79925 0.873785
0.7995 0.859743
0.79975 0.845565
0.8 0.831254
0.80025 0.816811
0.8005 0.802239
0.80075 0.787541
0.801 0.772718
0.80125 0.757774
0.8015 0.742709
0.80175 0.727527
0.802 0.712231
0.80225 0.696822
0.8025 0.681303
0.80275 0.665676
0.803 0.649944
0.80325 0.63411
0.8035 0.618175
0.80375 0.602143
0.804 0.586016
0.80425 0.569796
0.8045 0.553486
0.80475 0.537089
0.805 0.520607
0.80525 0.504043
0.8055 0.487399
0.80575 0.470678
0.806 0.453883
0.80625 0.437016
0.8065 0.42008
0.80675 0.403078
0.807 0.386012
0.80725 0.368886
0.8075 0.351701
0.80775 0.33446
0.808 0.317167
0.80825 0.299823
0.8085 0.282433
0.80875 0.264997
0.809 0.24752
0.80925 0.230004
0.8095 0.212451
0.80975 0.194865
0.81 0.177248
0.81025 0.159603
0.8105 0.141933
0.81075 0.12424
0.811 0.106528
0.81125 0.0887992
0.8115 0.0710562
0.81175 0.053302
0.812 0.0355393
0.81225 0.0177711
0.8125 -2.77281e-15
0.81275 -0.0177711
0.813 -0.0355393
0.81325 -0.053302
0.8135 -0.0710562
0.81375 -0.0887992
0.814 -0.106528
0.81425 -0.12424
0.8145 -0.141933
0.81475 -0.159603
0.815 -0.177248
0.81525 -0.194865
0.8155 -0.212451
0.81575 -0.230004
0.816 -0.24752
0.81625 -0.264997
0.8165 -0.282433
0.81675 -0.299823
0.817 -0.317167
0.81725 -0.33446
0.8175 -0.351701
0.81775 -0.368886
0.818 -0.386012
0.81825 -0.403078
0.8185 -0.42008
0.81875 -0.437016
0.819 -0.453883
0.81925 -0.470678
0.8195 -0.487399
0.81975 -0.504043
0.82 -0.520607
0.82025 -0.537089
0.8205 -0.553486
0.82075 -0.569796
0.821 -0.586016
0.82125 -0.602143
0.8215 -0.618175
0.82175 -0.63411
0.822 -0.649944
0.82225 -0.665676
0.8225 -0.681303
0.82275 -0.696822
0.823 -0.712231
0.82325 -0.727527
0.8235 -0.742709
0.82375 -0.757774
0.824 -0.772718
0.82425 -0.787541
0.8245 -0.802239
0.82475 -0.816811
0.825 -0.831254
0.82525 -0.845565
0.8255 -0.859743
0.82575 -0.873785
0.826 -0.88769
0.82625 -0.901454
0.8265 -0.915075
0.82675 -0.928552
0.827 -0.941883
0.82725 -0.955065
0.8275 -0.968096
0.82775 -0.980974
0.828 -0.993697
0.82825 -1.00626
0.8285 -1.01867
0.82875 -1.03092
0.829 -1.043
0.82925 -1.05492
0.8295 -1.06667
0.82975 -1.07826
0.83 -1.08967
0.83025 -1.10091
0.8305 -1.11198
0.83075 -1.12287
0.831 -1.13359
0.83125 -1.14412
0.8315 -1.15448
0.83175 -1.16465
0.832 -1.17464
0.83225 -1.18444
0.8325 -1.19406
0.83275 -1.20349
0.833 -1.21273
0.83325 -1.22177
0.8335 -1.23063
0.83375 -1.23928
0.834 -1.24775
0.83425 -1.25601
0.8345 -1.26408
0.83475 -1.27195
0.835 -1.27962
0.83525 -1.28708
0.8355 -1.29435
0.83575 -1.3014
0.836 -1.30826
0.83625 -1.3149
0.8365 -1.32134
0.83675 -1.32757
0.837 -1.33359
0.83725 -1.3394
0.8375 -1.345
0.83775 -1.35038
0.838 -1.35555
0.83825 -1.36051
0.8385 -1.36526
0.83875 -1.36978
0.839 -1.37409
0.83925 -1.37819
0.8395 -1.38207
0.83975 -1.38572
0.84 -1.38916
0.84025 -1.39238
0.8405 -1.39538
0.84075 -1.39816
0.841 -1.40072
0.84125 -1.40306
0.8415 -1.40518
0.84175 -1.40707
0.842 -1.40875
0.84225 -1.4102
0.8425 -1.41142
0.84275 -1.41243
0.843 -1.41321
0.84325 -1.41377
0.8435 -1.4141
0.84375 -1.41421
0.844 -1.4141
0.84425 -1.41377
0.8445 -1.41321
0.84475 -1.41243
0.845 -1.41142
0.84525 -1.4102
0.8455 -1.40875
0.84575 -1.40707
0.846 -1.40518
0.84625 -1.40306
0.8465 -1.40072
0.84675 -1.39816
0.847 -1.39538
0.84725 -1.39238
0.8475 -1.38916
0.84775 -1.38572
0.848 -1.38207
0.84825 -1.37819
0.8485 -1.37409
0.84875 -1.36978
0.849 -1.36526
0.84925 -1.36051
0.8495 -1.35555
0.84975 -1.35038
0.85 -1.345
0.85025 -1.3394
0.8505 -1.33359
0.85075 -1.32757
0.851 -1.32134
0.85125 -1.3149
0.8515 -1.30826
0.85175 -1.3014
0.852 -1.29435
0.85225 -1.28708
0.8525 -1.27962
0.85275 -1.27195
0.853 -1.26408
0.85325 -1.25601
0.8535 -1.24775
0.85375 -1.23928
0.854 -1.23063
0.85425 -1.22177
0.8545 -1.21273
0.85475 -1.20349
0.855 -1.19406
0.85525 -1.18444
0.8555 -1.17464
0.85575 -1.16465
0.856 -1.15448
0.85625 -1.14412
0.8565 -1.13359
0.85675 -1.12287
0.857 -1.11198
0.85725 -1.10091
0.8575 -1.08967
0.85775 -1.07826
0.858 -1.06667
0.85825 -1.05492
0.8585 -1.043
0.85875 -1.03092
0.859 -1.01867
0.85925 -1.00626
0.8595 -0.993697
0.85975 -0.980974
0.86 -0.968096
0.86025 -0.955065
0.8605 -0.941883
0.86075 -0.928552
0.861 -0.915075
0.86125 -0.901454
0.8615 -0.88769
0.86175 -0.873785
0.862 -0.859743
0.86225 -0.845565
0.8625 -0.831254
0.86275 -0.816811
0.863 -0.802239
0.86325 -0.787541
0.8635 -0.772718
0.86375 -0.757774
0.864 -0.742709
0.86425 -0.727527
0.8645 -0.712231
0.86475 -0.696822
0.865 -0.681303
0.86525 -0.665676
0.8655 -0.649944
0.86575 -0.63411
0.866 -0.618175
0.86625 -0.602143
0.8665 -0.586016
0.86675 -0.569796
0.867 -0.553486
0.86725 -0.537089
0.8675 -0.520607
0.86775 -0.504043
0.868 -0.487399
0.86825 -0.470678
0.8685 -0.453883
0.86875 -0.437016
0.869 -0.42008
0.86925 -0.403078
0.8695 -0.386012
0.86975 -0.368886
0.87 -0.351701
0.87025 -0.33446
0.8705 -0.317167
0.87075 -0.299823
0.871 -0.282433
0.87125 -0.264997
0.8715 -0.24752
0.87175 -0.230004
0.872 -0.212451
0.87225 -0.194865
0.8725 -0.177248
0.87275 -0.159603
0.873 -0.141933
0.87325 -0.12424
0.8735 -0.106528
0.87375 -0.0887992
0.874 -0.0710562
0.87425 -0.053302
0.8745 -0.0355393
0.87475 -0.0177711
0.875 -2.42468e-15
0.87525 0.0177711
0.8755 0.0355393
0.87575 0.053302
0.876 0.0710562
0.87625 0.0887992
0.8765 0.106528
0.87675 0.12424
0.877 0.141933
0.87725 0.159603
0.8775 0.177248
0.87775 0.194865
0.878 0.212451
0.87825 0.230004
0.8785 0.24752
0.87875 0.264997
0.879 0.282433
0.87925 0.299823
0.8795 0.317167
0.87975 0.33446
0.88 0.351701
0.88025 0.368886
0.8805 0.386012
0.88075 0.403078
0.881 0.42008
0.88125 0.437016
0.8815 0.453883
0.88175 0.470678
0.882 0.487399
0.88225 0.504043
0.8825 0.520607
0.88275 0.537089
0.883 0.553486
0.88325 0.569796
0.8835 0.586016
0.88375 0.602143
0.884 0.618175
0.88425 0.63411
0.8845 0.649944
0.88475 0.665676
0.885 0.681303
0.88525 0.696822
0.8855 0.712231
0.88575 0.727527
0.886 0.742709
0.88625 0.757774
0.8865 0.772718
0.88675 0.787541
0.887 0.802239
0.88725 0.816811
0.8875 0.831254
0.88775 0.845565
0.888 0.859743
0.88825 0.873785
0.8885 0.88769
0.88875 0.901454
0.889 0.915075
0.88925 0.928552
0.8895 0.941883
0.88975 0.955065
0.89 0.968096
0.89025 0.980974
0.8905 0.993697
0.89075 1.00626
0.891 1.01867
0.89125 1.03092
0.8915 1.043
0.89175 1.05492
0.892 1.06667
0.89225 1.07826
0.8925 1.08967
0.89275 1.10091
0.893 1.11198
0.89325 1.12287
0.8935 1.13359
0.89375 1.14412
0.894 1.15448
0.89425 1.16465
0.8945 1.17464
0.89475 1.18444
0.895 1.19406
0.89525 1.20349
0.8955 1.21273
0.89575 1.22177
0.896 1.23063
0.89625 1.23928
0.8965 1.24775
0.89675 1.25601
0.897 1.26408
0.89725 1.27195
0.8975 1.27962
0.89775 1.28708
0.898 1.29435
0.89825 1.3014
0.8985 1.30826
0.89875 1.3149
0.899 1.32134
0.89925 1.32757
0.8995 1.33359
0.89975 1.3394
0.9 1.345
0.90025 1.35038
0.9005 1.35555
0.90075 1.36051
0.901 1.36526
0.90125 1.36978
0.9015 1.37409
0.90175 1.37819
0.902 1.38207
0.90225 1.38572
0.9025 1.38916
0.90275 1.39238
0.903 1.39538
0.90325 1.39816
0.9035 1.40072
0.90375 1.40306
0.904 1.40518
0.90425 1.40707
0.9045 1.40875
0.90475 1.4102
0.905 1.41142
0.90525 1.41243
0.9055 1.41321
0.90575 1.41377
0.906 1.4141
0.90625 1.41421
0.9065 1.4141
0.90675 1.41377
0.907 1.41321
0.90725 1.41243
0.9075 1.41142
0.90775 1.4102
0.908 1.40875
0.90825 1.40707
0.9085 1.40518
0.90875 1.40306
0.909 1.40072
0.90925 1.39816
0.9095 1.39538
0.90975 1.39238
0.91 1.38916
0.91025 1.38572
0.9105 1.38207
0.91075 1.37819
0.911 1.37409
0.91125 1.36978
0.9115 1.36526
0.91175 1.36051
0.912 1.35555
0.91225 1.35038
0.9125 1.345
0.91275 1.3394
0.913 1.33359
0.91325 1.32757
0.9135 1.32134
0.91375 1.3149
0.914 1.30826
0.91425 1.3014
0.9145 1.29435
0.91475 1.28708
0.915 1.27962
0.91525 1.27195
0.9155 1.26408
0.91575 1.25601
0.916 1.24775
0.91625 1.23928
0.9165 1.23063
0.91675 1.22177
0.917 1.21273
0.91725 1.20349
0.9175 1.19406
0.91775 1.18444
0.918 1.17464
0.91825 1.16465
0.9185 1.15448
0.91875 1.14412
0.919 1.13359
0.91925 1.12287
0.9195 1.11198
0.91975 1.10091
0.92 1.08967
0.92025 1.07826
0.9205 1.06667
0.92075 1.05492
0.921 1.043
0.92125 1.03092
0.9215 1.01867
0.92175 1.00626
0.922 0.993697
0.92225 0.980974
0.9225 0.968096
0.92275 0.955065
0.923 0.941883
0.92325 0.928552
0.9235 0.915075
0.92375 0.901454
0.924 0.88769
0.92425 0.873785
0.9245 0.859743
0.92475 0.845565
0.925 0.831254
0.92525 0.816811
0.9255 0.802239
0.92575 0.787541
0.926 0.772718
0.92625 0.757774
0.9265 0.742709
0.92675 0.727527
0.927 0.712231
0.92725 0.696822
0.9275 0.681303
0.92775 0.665676
0.928 0.649944
0.92825 0.63411
0.9285 0.618175
0.92875 0.602143
0.929 0.586016
0.92925 0.569796
0.9295 0.553486
0.92975 0.537089
0.93 0.520607
0.93025 0.504043
0.9305 0.487399
0.93075 0.470678
0.931 0.453883
0.93125 0.437016
0.9315 0.42008
0.93175 0.403078
0.932 0.386012
0.93225 0.368886
0.9325 0.351701
0.93275 0.33446
0.933 0.317167
0.93325 0.299823
0.9335 0.282433
0.93375 0.264997
0.934 0.24752
0.93425 0.230004
0.9345 0.212451
0.93475 0.194865
0.935 0.177248
0.93525 0.159603
0.9355 0.141933
0.93575 0.12424
0.936 0.106528
0.93625 0.0887992
0.9365 0.0710562
0.93675 0.053302
0.937 0.0355393
0.93725 0.0177711
0.9375 7.62216e-15
0.93775 -0.0177711
0.938 -0.0355393
0.93825 -0.053302
0.9385 -0.0710562
0.93875 -0.0887992
0.939 -0.106528
0.93925 -0.12424
0.9395 -0.141933
0.93975 -0.159603
0.94 -0.177248
0.94025 -0.194865
0.9405 -0.212451
0.94075 -0.230004
0.941 -0.24752
0.94125 -0.264997
0.9415 -0.282433
0.94175 -0.299823
0.942 -0.317167
0.94225 -0.33446
0.9425 -0.351701
0.94275 -0.368886
0.943 -0.386012
0.94325 -0.403078
0.9435 -0.42008
0.94375 -0.437016
0.944 -0.453883
0.94425 -0.470678
0.9445 -0.487399
0.94475 -0.504043
0.945 -0.520607
0.94525 -0.537089
0.9455 -0.553486
0.94575 -0.569796
0.946 -0.586016
0.94625 -0.602143
0.9465 -0.618175
0.94675 -0.63411
0.947 -0.649944
0.94725 -0.665676
0.9475 -0.681303
0.94775 -0.696822
0.948 -0.712231
0.94825 -0.727527
0.9485 -0.742709
0.94875 -0.757774
0.949 -0.772718
0.94925 -0.787541
0.9495 -0.802239
0.94975 -0.816811
0.95 -0.831254
0.95025 -0.845565
0.9505 -0.859743
0.95075 -0.873785
0.951 -0.88769
0.95125 -0.901454
0.9515 -0.915075
0.95175 -0.928552
0.952 -0.941883
0.95225 -0.955065
0.9525 -0.968096
0.95275 -0.980974
0.953 -0.993697
0.95325 -1.00626
0.9535 -1.01867
0.95375 -1.03092
0.954 -1.043
0.95425 -1.05492
0.9545 -1.06667
0.95475 -1.07826
0.955 -1.08967
0.95525 -1.10091
0.9555 -1.11198
0.95575 -1.12287
0.956 -1.13359
0.95625 -1.14412
0.9565 -1.15448
0.95675 -1.16465
0.957 -1.17464
0.95725 -1.18444
0.9575 -1.19406
0.95775 -1.20349
0.958 -1.21273
0.95825 -1.22177
0.9585 -1.23063
0.95875 -1.23928
0.959 -1.24775
0.95925 -1.25601
0.9595 -1.26408
0.95975 -1.27195
0.96 -1.27962
0.96025 -1.28708
0.9605 -1.29435
0.96075 -1.3014
0.961 -1.30826
0.96125 -1.3149
0.9615 -1.32134
0.96175 -1.32757
0.962 -1.33359
0.96225 -1.3394
0.9625 -1.345
0.96275 -1.35038
0.963 -1.35555
0.96325 -1.36051
0.9635 -1.36526
0.96375 -1.36978
0.964 -1.37409
0.96425 -1.37819
0.9645 -1.38207
0.96475 -1.38572
0.965 -1.38916
0.96525 -1.39238
0.9655 -1.39538
0.96575 -1.39816
0.966 -1.40072
0.96625 -1.40306
0.9665 -1.40518
0.96675 -1.40707
0.967 -1.40875
0.96725 -1.4102
0.9675 -1.41142
0.96775 -1.41243
0.968 -1.41321
0.96825 -1.41377
0.9685 -1.4141
0.96875 -1.41421
0.969 -1.4141
0.96925 -1.41377
0.9695 -1.41321
0.96975 -1.41243
0.97 -1.41142
0.97025 -1.4102
0.9705 -1.40875
0.97075 -1.40707
0.971 -1.40518
0.97125 -1.40306
0.9715 -1.40072
0.97175 -1.39816
0.972 -1.39538
0.97225 -1.39238
0.9725 -1.38916
0.97275 -1.38572
0.973 -1.38207
0.97325 -1.37819
0.9735 -1.37409
0.97375 -1.36978
0.974 -1.36526
0.97425 -1.36051
0.9745 -1.35555
0.97475 -1.35038
0.975 -1.345
0.97525 -1.3394
0.9755 -1.33359
0.97575 -1.32757
0.976 -1.32134
0.97625 -1.3149
0.9765 -1.30826
0.97675 -1.3014
0.977 -1.29435
0.97725 -1.28708
0.9775 -1.27962
0.97775 -1.27195
0.978 -1.26408
0.97825 -1.25601
0.9785 -1.24775
0.97875 -1.23928
0.979 -1.23063
0.97925 -1.22177
0.9795 -1.21273
0.97975 -1.20349
0.98 -1.19406
0.98025 -1.18444
0.9805 -1.17464
0.98075 -1.16465
0.981 -1.15448
0.98125 -1.14412
0.9815 -1.13359
0.98175 -1.12287
0.982 -1.11198
0.98225 -1.10091
0.9825 -1.08967
0.98275 -1.07826
0.983 -1.06667
0.98325 -1.05492
0.9835 -1.043
0.98375 -1.03092
0.984 -1.01867
0.98425 -1.00626
0.9845 -0.993697
0.98475 -0.980974
0.985 -0.968096
0.98525 -0.955065
0.9855 -0.941883
0.98575 -0.928552
0.986 -0.915075
0.98625 -0.901454
0.9865 -0.88769
0.98675 -0.873785
0.987 -0.859743
0.98725 -0.845565
0.9875 -0.831254
0.98775 -0.816811
0.988 -0.802239
0.98825 -0.787541
0.9885 -0.772718
0.98875 -0.757774
0.989 -0.742709
0.98925 -0.727527
0.9895 -0.712231
0.98975 -0.696822
0.99 -0.681303
0.99025 -0.665676
0.9905 -0.649944
0.99075 -0.63411
0.991 -0.618175
0.99125 -0.602143
0.9915 -0.586016
0.99175 -0.569796
0.992 -0.553486
0.99225 -0.537089
0.9925 -0.520607
0.99275 -0.504043
0.993 -0.487399
0.99325 -0.470678
0.9935 -0.453883
0.99375 -0.437016
0.994 -0.42008
0.99425 -0.403078
0.9945 -0.386012
0.99475 -0.368886
0.995 -0.351701
0.99525 -0.33446
0.9955 -0.317167
0.99575 -0.299823
0.996 -0.282433
0.99625 -0.264997
0.9965 -0.24752
0.99675 -0.230004
0.997 -0.212451
0.99725 -0.194865
0.9975 -0.177248
0.99775 -0.159603
0.998 -0.141933
0.99825 -0.12424
0.9985 -0.106528
0.99875 -0.0887992
0.999 -0.0710562
0.99925 -0.053302
0.9995 -0.0355393
0.99975 -0.0177711
1 -2.77106e-15
