x v
0 0
0.00025 0.00111072
0.0005 0.00222144
0.00075 0.00333216
0.001 0.00444288
0.00125 0.00555359
0.0015 0.0066643
0.00175 0.00777501
0.002 0.00888571
0.00225 0.0099964
0.0025 0.0111071
0.00275 0.0122178
0.003 0.0133285
0.00325 0.0144391
0.0035 0.0155498
0.00375 0.0166604
0.004 0.0177711
0.00425 0.0188817
0.0045 0.0199923
0.00475 0.0211029
0.005 0.0222135
0.00525 0.0233241
0.0055 0.0244346
0.00575 0.0255452
0.006 0.0266557
0.00625 0.0277662
0.0065 0.0288767
0.00675 0.0299872
0.007 0.0310977
0.00725 0.0322081
0.0075 0.0333185
0.00775 0.0344289
0.008 0.0355393
0.00825 0.0366497
0.0085 0.03776
0.00875 0.0388703
0.009 0.0399806
0.00925 0.0410909
0.0095 0.0422011
0.00975 0.0433113
0.01 0.0444215
0.01025 0.0455317
0.0105 0.0466418
0.01075 0.0477519
0.011 0.048862
0.01125 0.049972
0.0115 0.051082
0.01175 0.052192
0.012 0.053302
0.01225 0.0544119
0.0125 0.0555218
0.01275 0.0566316
0.013 0.0577414
0.01325 0.0588512
0.0135 0.0599609
0.01375 0.0610706
0.014 0.0621803
0.01425 0.0632899
0.0145 0.0643995
0.01475 0.0655091
0.015 0.0666186
0.01525 0.067728
0.0155 0.0688375
0.01575 0.0699469
0.016 0.0710562
0.01625 0.0721655
0.0165 0.0732747
0.01675 0.0743839
0.017 0.0754931
0.01725 0.0766022
0.0175 0.0777113
0.01775 0.0788203
0.018 0.0799293
0.01825 0.0810382
0.0185 0.0821471
0.01875 0.0832559
0.019 0.0843647
0.01925 0.0854734
0.0195 0.086582
0.01975 0.0876906
0.02 0.0887992
0.02025 0.0899077
0.0205 0.0910162
0.02075 0.0921245
0.021 0.0932329
0.02125 0.0943412
0.0215 0.0954494
0.02175 0.0965575
0.022 0.0976656
0.02225 0.0987737
0.0225 0.0998816
0.02275 0.10099
0.023 0.102097
0.02325 0.103205
0.0235 0.104313
0.02375 0.105421
0.024 0.106528
0.02425 0.107636
0.0245 0.108743
0.02475 0.109851
0.025 0.110958
0.02525 0.112065
0.0255 0.113172
0.02575 0.114279
0.026 0.115387
0.02625 0.116494
0.0265 0.1176
0.02675 0.118707
0.027 0.119814
0.02725 0.120921
0.0275 0.122027
0.02775 0.123134
0.028 0.12424
0.02825 0.125347
0.0285 0.126453
0.02875 0.127559
0.029 0.128665
0.02925 0.129772
0.0295 0.130878
0.02975 0.131983
0.03 0.133089
0.03025 0.134195
0.0305 0.135301
0.03075 0.136406
0.031 0.137512
0.03125 0.138617
0.0315 0.139722
0.03175 0.140828
0.032 0.141933
0.03225 0.143038
0.0325 0.144143
0.03275 0.145248
0.033 0.146353
0.03325 0.147457
0.0335 0.148562
0.03375 0.149667
0.034 0.150771
0.03425 0.151875
0.0345 0.15298
0.03475 0.154084
0.035 0.155188
0.03525 0.156292
0.0355 0.157396
0.03575 0.158499
0.036 0.159603
0.03625 0.160707
0.0365 0.16181
0.03675 0.162913
0.037 0.164017
0.03725 0.16512
0.0375 0.166223
0.03775 0.167326
0.038 0.168429
0.03825 0.169532
0.0385 0.170634
0.03875 0.171737
0.039 0.172839
0.03925 0.173942
0.0395 0.175044
0.03975 0.176146
0.04 0.177248
0.04025 0.17835
0.0405 0.179452
0.04075 0.180553
0.041 0.181655
0.04125 0.182756
0.0415 0.183858
0.04175 0.184959
0.042 0.18606
0.04225 0.187161
0.0425 0.188262
0.04275 0.189363
0.043 0.190463
0.04325 0.191564
0.0435 0.192664
0.04375 0.193765
0.044 0.194865
0.04425 0.195965
0.0445 0.197065
0.04475 0.198165
0.045 0.199264
0.04525 0.200364
0.0455 0.201463
0.04575 0.202563
0.046 0.203662
0.04625 0.204761
0.0465 0.20586
0.04675 0.206959
0.047 0.208058
0.04725 0.209156
0.0475 0.210255
0.04775 0.211353
0.048 0.212451
0.04825 0.213549
0.0485 0.214647
0.04875 0.215745
0.049 0.216842
0.04925 0.21794
0.0495 0.219037
0.04975 0.220135
0.05 0.221232
0.05025 0.222329
0.0505 0.223426
0.05075 0.224522
0.051 0.225619
0.05125 0.226715
0.0515 0.227812
0.05175 0.228908
0.052 0.230004
0.05225 0.2311
0.0525 0.232195
0.05275 0.233291
0.053 0.234386
0.05325 0.235482
0.0535 0.236577
0.05375 0.237672
0.054 0.238767
0.05425 0.239861
0.0545 0.240956
0.05475 0.24205
0.055 0.243144
0.05525 0.244239
0.0555 0.245333
0.05575 0.246426
0.056 0.24752
0.05625 0.248613
0.0565 0.249707
0.05675 0.2508
0.057 0.251893
0.05725 0.252986
0.0575 0.254079
0.05775 0.255171
0.058 0.256264
0.05825 0.257356
0.0585 0.258448
0.05875 0.25954
0.059 0.260632
0.05925 0.261723
0.0595 0.262815
0.05975 0.263906
0.06 0.264997
0.06025 0.266088
0.0605 0.267179
0.06075 0.26827
0.061 0.26936
0.06125 0.27045
0.0615 0.271541
0.06175 0.27263
0.062 0.27372
0.06225 0.27481
0.0625 0.275899
0.06275 0.276989
0.063 0.278078
0.06325 0.279167
0.0635 0.280256
0.06375 0.281344
0.064 0.282433
0.06425 0.283521
0.0645 0.284609
0.06475 0.285697
0.065 0.286785
0.06525 0.287872
0.0655 0.288959
0.06575 0.290047
0.066 0.291134
0.06625 0.292221
0.0665 0.293307
0.06675 0.294394
0.067 0.29548
0.06725 0.296566
0.0675 0.297652
0.06775 0.298738
0.068 0.299823
0.06825 0.300909
0.0685 0.301994
0.06875 0.303079
0.069 0.304164
0.06925 0.305248
0.0695 0.306333
0.06975 0.307417
0.07 0.308501
0.07025 0.309585
0.0705 0.310669
0.07075 0.311752
0.071 0.312835
0.07125 0.313919
0.0715 0.315002
0.07175 0.316084
0.072 0.317167
0.07225 0.318249
0.0725 0.319331
0.07275 0.320413
0.073 0.321495
0.07325 0.322576
0.0735 0.323658
0.07375 0.324739
0.074 0.32582
0.07425 0.326901
0.0745 0.327981
0.07475 0.329061
0.075 0.330142
0.07525 0.331222
0.0755 0.332301
0.07575 0.333381
0.076 0.33446
0.07625 0.335539
0.0765 0.336618
0.07675 0.337697
0.077 0.338775
0.07725 0.339854
0.0775 0.340932
0.07775 0.342009
0.078 0.343087
0.07825 0.344165
0.0785 0.345242
0.07875 0.346319
0.079 0.347396
0.07925 0.348472
0.0795 0.349549
0.07975 0.350625
0.08 0.351701
0.08025 0.352776
0.0805 0.353852
0.08075 0.354927
0.081 0.356002
0.08125 0.357077
0.0815 0.358152
0.08175 0.359226
0.082 0.3603
0.08225 0.361374
0.0825 0.362448
0.08275 0.363521
0.083 0.364595
0.08325 0.365668
0.0835 0.366741
0.08375 0.367813
0.084 0.368886
0.08425 0.369958
0.0845 0.37103
0.08475 0.372101
0.085 0.373173
0.08525 0.374244
0.0855 0.375315
0.08575 0.376386
0.086 0.377456
0.08625 0.378527
0.0865 0.379597
0.08675 0.380667
0.087 0.381736
0.08725 0.382806
0.0875 0.383875
0.08775 0.384944
0.088 0.386012
0.08825 0.387081
0.0885 0.388149
0.08875 0.389217
0.089 0.390285
0.08925 0.391352
0.0895 0.392419
0.08975 0.393486
0.09 0.394553
0.09025 0.39562
0.0905 0.396686
0.09075 0.397752
0.091 0.398818
0.09125 0.399883
0.0915 0.400948
0.09175 0.402013
0.092 0.403078
0.09225 0.404143
0.0925 0.405207
0.09275 0.406271
0.093 0.407335
0.09325 0.408398
0.0935 0.409462
0.09375 0.410525
0.094 0.411587
0.09425 0.41265
0.0945 0.413712
0.09475 0.414774
0.095 0.415836
0.09525 0.416897
0.0955 0.417959
0.09575 0.41902
0.096 0.42008
0.09625 0.421141
0.0965 0.422201
0.09675 0.423261
0.097 0.424321
0.09725 0.42538
0.0975 0.426439
0.09775 0.427498
0.098 0.428557
0.09825 0.429615
0.0985 0.430673
0.09875 0.431731
0.099 0.432788
0.09925 0.433846
0.0995 0.434903
0.09975 0.43596
0.1 0.437016
0.10025 0.438072
0.1005 0.439128
0.10075 0.440184
0.101 0.441239
0.10125 0.442294
0.1015 0.443349
0.10175 0.444404
0.102 0.445458
0.10225 0.446512
0.1025 0.447566
0.10275 0.44862
0.103 0.449673
0.10325 0.450726
0.1035 0.451778
0.10375 0.452831
0.104 0.453883
0.10425 0.454935
0.1045 0.455986
0.10475 0.457037
0.105 0.458088
0.10525 0.459139
0.1055 0.46019
0.10575 0.46124
0.106 0.462289
0.10625 0.463339
0.1065 0.464388
0.10675 0.465437
0.107 0.466486
0.10725 0.467534
0.1075 0.468583
0.10775 0.46963
0.108 0.470678
0.10825 0.471725
0.1085 0.472772
0.10875 0.473819
0.109 0.474865
0.10925 0.475911
0.1095 0.476957
0.10975 0.478003
0.11 0.479048
0.11025 0.480093
0.1105 0.481137
0.11075 0.482182
0.111 0.483226
0.11125 0.484269
0.1115 0.485313
0.11175 0.486356
0.112 0.487399
0.11225 0.488441
0.1125 0.489483
0.11275 0.490525
0.113 0.491567
0.11325 0.492608
0.1135 0.493649
0.11375 0.49469
0.114 0.49573
0.11425 0.49677
0.1145 0.49781
0.11475 0.49885
0.115 0.499889
0.11525 0.500928
0.1155 0.501966
0.11575 0.503005
0.116 0.504043
0.11625 0.50508
0.1165 0.506117
0.11675 0.507154
0.117 0.508191
0.11725 0.509228
0.1175 0.510264
0.11775 0.511299
0.118 0.512335
0.11825 0.51337
0.1185 0.514405
0.11875 0.515439
0.119 0.516473
0.11925 0.517507
0.1195 0.518541
0.11975 0.519574
0.12 0.520607
0.12025 0.521639
0.1205 0.522672
0.12075 0.523703
0.121 0.524735
0.12125 0.525766
0.1215 0.526797
0.12175 0.527828
0.122 0.528858
0.12225 0.529888
0.1225 0.530918
0.12275 0.531947
0.123 0.532976
0.12325 0.534005
0.1235 0.535033
0.12375 0.536061
0.124 0.537089
0.12425 0.538116
0.1245 0.539143
0.12475 0.54017
0.125 0.541196
0.12525 0.542222
0.1255 0.543248
0.12575 0.544273
0.126 0.545298
0.12625 0.546323
0.1265 0.547347
0.12675 0.548371
0.127 0.549395
0.12725 0.550418
0.1275 0.551441
0.12775 0.552464
0.128 0.553486
0.12825 0.554508
0.1285 0.55553
0.12875 0.556551
0.129 0.557572
0.12925 0.558592
0.1295 0.559613
0.12975 0.560632
0.13 0.561652
0.13025 0.562671
0.1305 0.56369
0.13075 0.564708
0.131 0.565727
0.13125 0.566744
0.1315 0.567762
0.13175 0.568779
0.132 0.569796
0.13225 0.570812
0.1325 0.571828
0.13275 0.572844
0.133 0.573859
0.13325 0.574874
0.1335 0.575889
0.13375 0.576903
0.134 0.577917
0.13425 0.578931
0.1345 0.579944
0.13475 0.580957
0.135 0.581969
0.13525 0.582981
0.1355 0.583993
0.13575 0.585005
0.136 0.586016
0.13625 0.587026
0.1365 0.588037
0.13675 0.589047
0.137 0.590056
0.13725 0.591065
0.1375 0.592074
0.13775 0.593083
0.138 0.594091
0.13825 0.595099
0.1385 0.596106
0.13875 0.597113
0.139 0.59812
0.13925 0.599126
0.1395 0.600132
0.13975 0.601138
0.14 0.602143
0.14025 0.603148
0.1405 0.604152
0.14075 0.605156
0.141 0.60616
0.14125 0.607163
0.1415 0.608166
0.14175 0.609169
0.142 0.610171
0.14225 0.611173
0.1425 0.612174
0.14275 0.613175
0.143 0.614176
0.14325 0.615176
0.1435 0.616176
0.14375 0.617176
0.144 0.618175
0.14425 0.619174
0.1445 0.620172
0.14475 0.62117
0.145 0.622168
0.14525 0.623165
0.1455 0.624162
0.14575 0.625159
0.146 0.626155
0.14625 0.62715
0.1465 0.628146
0.14675 0.629141
0.147 0.630135
0.14725 0.631129
0.1475 0.632123
0.14775 0.633117
0.148 0.63411
0.14825 0.635102
0.1485 0.636094
0.14875 0.637086
0.149 0.638078
0.14925 0.639069
0.1495 0.640059
0.14975 0.64105
0.15 0.64204
0.15025 0.643029
0.1505 0.644018
0.15075 0.645007
0.151 0.645995
0.15125 0.646983
0.1515 0.64797
0.15175 0.648957
0.152 0.649944
0.15225 0.65093
0.1525 0.651916
0.15275 0.652902
0.153 0.653887
0.15325 0.654871
0.1535 0.655856
0.15375 0.65684
0.154 0.657823
0.15425 0.658806
0.1545 0.659789
0.15475 0.660771
0.155 0.661753
0.15525 0.662734
0.1555 0.663715
0.15575 0.664696
0.156 0.665676
0.15625 0.666656
0.1565 0.667635
0.15675 0.668614
0.157 0.669593
0.15725 0.670571
0.1575 0.671548
0.15775 0.672526
0.158 0.673503
0.15825 0.674479
0.1585 0.675455
0.15875 0.676431
0.159 0.677406
0.15925 0.678381
0.1595 0.679355
0.15975 0.680329
0.16 0.681303
0.16025 0.682276
0.1605 0.683248
0.16075 0.684221
0.161 0.685193
0.16125 0.686164
0.1615 0.687135
0.16175 0.688106
0.162 0.689076
0.16225 0.690045
0.1625 0.691015
0.16275 0.691984
0.163 0.692952
0.16325 0.69392
0.1635 0.694888
0.16375 0.695855
0.164 0.696822
0.16425 0.697788
0.1645 0.698754
0.16475 0.699719
0.165 0.700684
0.16525 0.701649
0.1655 0.702613
0.16575 0.703577
0.166 0.70454
0.16625 0.705503
0.1665 0.706465
0.16675 0.707427
0.167 0.708389
0.16725 0.70935
0.1675 0.710311
0.16775 0.711271
0.168 0.712231
0.16825 0.71319
0.1685 0.714149
0.16875 0.715108
0.169 0.716066
0.16925 0.717023
0.1695 0.71798
0.16975 0.718937
0.17 0.719893
0.17025 0.720849
0.1705 0.721804
0.17075 0.722759
0.171 0.723714
0.17125 0.724668
0.1715 0.725622
0.17175 0.726575
0.172 0.727527
0.17225 0.72848
0.1725 0.729431
0.17275 0.730383
0.173 0.731334
0.17325 0.732284
0.1735 0.733234
0.17375 0.734184
0.174 0.735133
0.17425 0.736081
0.1745 0.73703
0.17475 0.737977
0.175 0.738925
0.17525 0.739871
0.1755 0.740818
0.17575 0.741764
0.176 0.742709
0.17625 0.743654
0.1765 0.744599
0.17675 0.745543
0.177 0.746486
0.17725 0.747429
0.1775 0.748372
0.17775 0.749314
0.178 0.750256
0.17825 0.751197
0.1785 0.752138
0.17875 0.753079
0.179 0.754019
0.17925 0.754958
0.1795 0.755897
0.17975 0.756835
0.18 0.757774
0.18025 0.758711
0.1805 0.759648
0.18075 0.760585
0.181 0.761521
0.18125 0.762457
0.1815 0.763392
0.18175 0.764327
0.182 0.765261
0.18225 0.766195
0.1825 0.767128
0.18275 0.768061
0.183 0.768993
0.18325 0.769925
0.1835 0.770857
0.18375 0.771788
0.184 0.772718
0.18425 0.773648
0.1845 0.774578
0.18475 0.775507
0.185 0.776436
0.18525 0.777364
0.1855 0.778291
0.18575 0.779218
0.186 0.780145
0.18625 0.781071
0.1865 0.781997
0.18675 0.782922
0.187 0.783847
0.18725 0.784771
0.1875 0.785695
0.18775 0.786618
0.188 0.787541
0.18825 0.788463
0.1885 0.789385
0.18875 0.790307
0.189 0.791227
0.18925 0.792148
0.1895 0.793068
0.18975 0.793987
0.19 0.794906
0.19025 0.795824
0.1905 0.796742
0.19075 0.79766
0.191 0.798577
0.19125 0.799493
0.1915 0.800409
0.19175 0.801324
0.192 0.802239
0.19225 0.803154
0.1925 0.804068
0.19275 0.804981
0.193 0.805894
0.19325 0.806807
0.1935 0.807719
0.19375 0.80863
0.194 0.809541
0.19425 0.810452
0.1945 0.811362
0.19475 0.812271
0.195 0.81318
0.19525 0.814089
0.1955 0.814997
0.19575 0.815904
0.196 0.816811
0.19625 0.817718
0.1965 0.818624
0.19675 0.819529
0.197 0.820434
0.19725 0.821338
0.1975 0.822242
0.19775 0.823146
0.198 0.824049
0.19825 0.824951
0.1985 0.825853
0.19875 0.826755
0.199 0.827655
0.19925 0.828556
0.1995 0.829456
0.19975 0.830355
0.2 0.831254
0.20025 0.832152
0.2005 0.83305
0.20075 0.833947
0.201 0.834844
0.20125 0.83574
0.2015 0.836636
0.20175 0.837531
0.202 0.838426
0.20225 0.83932
0.2025 0.840214
0.20275 0.841107
0.203 0.842
0.20325 0.842892
0.2035 0.843784
0.20375 0.844675
0.204 0.845565
0.20425 0.846455
0.2045 0.847345
0.20475 0.848234
0.205 0.849122
0.20525 0.85001
0.2055 0.850898
0.20575 0.851785
0.206 0.852671
0.20625 0.853557
0.2065 0.854442
0.20675 0.855327
0.207 0.856211
0.20725 0.857095
0.2075 0.857978
0.20775 0.858861
0.208 0.859743
0.20825 0.860625
0.2085 0.861506
0.20875 0.862387
0.209 0.863267
0.20925 0.864146
0.2095 0.865025
0.20975 0.865904
0.21 0.866781
0.21025 0.867659
0.2105 0.868536
0.21075 0.869412
0.211 0.870288
0.21125 0.871163
0.2115 0.872038
0.21175 0.872912
0.212 0.873785
0.21225 0.874659
0.2125 0.875531
0.21275 0.876403
0.213 0.877275
0.21325 0.878145
0.2135 0.879016
0.21375 0.879886
0.214 0.880755
0.21425 0.881624
0.2145 0.882492
0.21475 0.88336
0.215 0.884227
0.21525 0.885093
0.2155 0.885959
0.21575 0.886825
0.216 0.88769
0.21625 0.888554
0.2165 0.889418
0.21675 0.890281
0.217 0.891144
0.21725 0.892006
0.2175 0.892868
0.21775 0.893729
0.218 0.894589
0.21825 0.895449
0.2185 0.896309
0.21875 0.897168
0.219 0.898026
0.21925 0.898884
0.2195 0.899741
0.21975 0.900598
0.22 0.901454
0.22025 0.902309
0.2205 0.903164
0.22075 0.904019
0.221 0.904872
0.22125 0.905726
0.2215 0.906579
0.22175 0.907431
0.222 0.908282
0.22225 0.909133
0.2225 0.909984
0.22275 0.910834
0.223 0.911683
0.22325 0.912532
0.2235 0.91338
0.22375 0.914228
0.224 0.915075
0.22425 0.915922
0.2245 0.916768
0.22475 0.917613
0.225 0.918458
0.22525 0.919303
0.2255 0.920146
0.22575 0.920989
0.226 0.921832
0.22625 0.922674
0.2265 0.923516
0.22675 0.924357
0.227 0.925197
0.22725 0.926037
0.2275 0.926876
0.22775 0.927714
0.228 0.928552
0.22825 0.92939
0.2285 0.930227
0.22875 0.931063
0.229 0.931899
0.22925 0.932734
0.2295 0.933569
0.22975 0.934403
0.23 0.935236
0.23025 0.936069
0.2305 0.936901
0.23075 0.937733
0.231 0.938564
0.23125 0.939395
0.2315 0.940225
0.23175 0.941054
0.232 0.941883
0.23225 0.942711
0.2325 0.943539
0.23275 0.944366
0.233 0.945192
0.23325 0.946018
0.2335 0.946844
0.23375 0.947668
0.234 0.948493
0.23425 0.949316
0.2345 0.950139
0.23475 0.950962
0.235 0.951783
0.23525 0.952605
0.2355 0.953425
0.23575 0.954245
0.236 0.955065
0.23625 0.955884
0.2365 0.956702
0.23675 0.95752
0.237 0.958337
0.23725 0.959153
0.2375 0.959969
0.23775 0.960785
0.238 0.961599
0.23825 0.962413
0.2385 0.963227
0.23875 0.96404
0.239 0.964852
0.23925 0.965664
0.2395 0.966475
0.23975 0.967286
0.24 0.968096
0.24025 0.968905
0.2405 0.969714
0.24075 0.970522
0.241 0.97133
0.24125 0.972137
0.2415 0.972943
0.24175 0.973749
0.242 0.974554
0.24225 0.975359
0.2425 0.976163
0.24275 0.976966
0.243 0.977769
0.24325 0.978571
0.2435 0.979373
0.24375 0.980174
0.244 0.980974
0.24425 0.981774
0.2445 0.982573
0.24475 0.983371
0.245 0.984169
0.24525 0.984967
0.2455 0.985763
0.24575 0.986559
0.246 0.987355
0.24625 0.98815
0.2465 0.988944
0.24675 0.989738
0.247 0.990531
0.24725 0.991323
0.2475 0.992115
0.24775 0.992906
0.248 0.993697
0.24825 0.994487
0.2485 0.995277
0.24875 0.996065
0.249 0.996853
0.24925 0.997641
0.2495 0.998428
0.24975 0.999214
0.25 1
0.25025 1.00079
0.2505 1.00157
0.25075 1.00235
0.251 1.00314
0.25125 1.00392
0.2515 1.0047
0.25175 1.00548
0.252 1.00626
0.25225 1.00704
0.2525 1.00782
0.25275 1.0086
0.253 1.00938
0.25325 1.01016
0.2535 1.01093
0.25375 1.01171
0.254 1.01249
0.25425 1.01326
0.2545 1.01404
0.25475 1.01481
0.255 1.01558
0.25525 1.01636
0.2555 1.01713
0.25575 1.0179
0.256 1.01867
0.25625 1.01944
0.2565 1.02021
0.25675 1.02098
0.257 1.02175
0.25725 1.02252
0.2575 1.02328
0.25775 1.02405
0.258 1.02481
0.25825 1.02558
0.2585 1.02634
0.25875 1.02711
0.259 1.02787
0.25925 1.02863
0.2595 1.0294
0.25975 1.03016
0.26 1.03092
0.26025 1.03168
0.2605 1.03244
0.26075 1.0332
0.261 1.03395
0.26125 1.03471
0.2615 1.03547
0.26175 1.03622
0.262 1.03698
0.26225 1.03773
0.2625 1.03849
0.26275 1.03924
0.263 1.04
0.26325 1.04075
0.2635 1.0415
0.26375 1.04225
0.264 1.043
0.26425 1.04375
0.2645 1.0445
0.26475 1.04525
0.265 1.046
0.26525 1.04674
0.2655 1.04749
0.26575 1.04824
0.266 1.04898
0.26625 1.04973
0.2665 1.05047
0.26675 1.05121
0.267 1.05196
0.26725 1.0527
0.2675 1.05344
0.26775 1.05418
0.268 1.05492
0.26825 1.05566
0.2685 1.0564
0.26875 1.05714
0.269 1.05787
0.26925 1.05861
0.2695 1.05935
0.26975 1.06008
0.27 1.06082
0.27025 1.06155
0.2705 1.06229
0.27075 1.06302
0.271 1.06375
0.27125 1.06448
0.2715 1.06521
0.27175 1.06594
0.272 1.06667
0.27225 1.0674
0.2725 1.06813
0.27275 1.06886
0.273 1.06958
0.27325 1.07031
0.2735 1.07104
0.27375 1.07176
0.274 1.07249
0.27425 1.07321
0.2745 1.07393
0.27475 1.07465
0.275 1.07538
0.27525 1.0761
0.2755 1.07682
0.27575 1.07754
0.276 1.07826
0.27625 1.07897
0.2765 1.07969
0.27675 1.08041
0.277 1.08113
0.27725 1.08184
0.2775 1.08256
0.27775 1.08327
0.278 1.08398
0.27825 1.0847
0.2785 1.08541
0.27875 1.08612
0.279 1.08683
0.27925 1.08754
0.2795 1.08825
0.27975 1.08896
0.28 1.08967
0.28025 1.09038
0.2805 1.09108
0.28075 1.09179
0.281 1.0925
0.28125 1.0932
0.2815 1.09391
0.28175 1.09461
0.282 1.09531
0.28225 1.09602
0.2825 1.09672
0.28275 1.09742
0.283 1.09812
0.28325 1.09882
0.2835 1.09952
0.28375 1.10021
0.284 1.10091
0.28425 1.10161
0.2845 1.1023
0.28475 1.103
0.285 1.1037
0.28525 1.10439
0.2855 1.10508
0.28575 1.10578
0.286 1.10647
0.28625 1.10716
0.2865 1.10785
0.28675 1.10854
0.287 1.10923
0.28725 1.10992
0.2875 1.11061
0.28775 1.11129
0.288 1.11198
0.28825 1.11267
0.2885 1.11335
0.28875 1.11404
0.289 1.11472
0.28925 1.1154
0.2895 1.11609
0.28975 1.11677
0.29 1.11745
0.29025 1.11813
0.2905 1.11881
0.29075 1.11949
0.291 1.12017
0.29125 1.12084
0.2915 1.12152
0.29175 1.1222
0.292 1.12287
0.29225 1.12355
0.2925 1.12422
0.29275 1.12489
0.293 1.12557
0.29325 1.12624
0.2935 1.12691
0.29375 1.12758
0.294 1.12825
0.29425 1.12892
0.2945 1.12959
0.29475 1.13026
0.295 1.13092
0.29525 1.13159
0.2955 1.13226
0.29575 1.13292
0.296 1.13359
0.29625 1.13425
0.2965 1.13491
0.29675 1.13558
0.297 1.13624
0.29725 1.1369
0.2975 1.13756
0.29775 1.13822
0.298 1.13888
0.29825 1.13954
0.2985 1.14019
0.29875 1.14085
0.299 1.14151
0.29925 1.14216
0.2995 1.14282
0.29975 1.14347
0.3 1.14412
0.30025 1.14478
0.3005 1.14543
0.30075 1.14608
0.301 1.14673
0.30125 1.14738
0.3015 1.14803
0.30175 1.14868
0.302 1.14932
0.30225 1.14997
0.3025 1.15062
0.30275 1.15126
0.303 1.15191
0.30325 1.15255
0.3035 1.15319
0.30375 1.15384
0.304 1.15448
0.30425 1.15512
0.3045 1.15576
0.30475 1.1564
0.305 1.15704
0.30525 1.15768
0.3055 1.15831
0.30575 1.15895
0.306 1.15959
0.30625 1.16022
0.3065 1.16086
0.30675 1.16149
0.307 1.16212
0.30725 1.16276
0.3075 1.16339
0.30775 1.16402
0.308 1.16465
0.30825 1.16528
0.3085 1.16591
0.30875 1.16654
0.309 1.16717
0.30925 1.16779
0.3095 1.16842
0.30975 1.16904
0.31 1.16967
0.31025 1.17029
0.3105 1.17092
0.31075 1.17154
0.311 1.17216
0.31125 1.17278
0.3115 1.1734
0.31175 1.17402
0.312 1.17464
0.31225 1.17526
0.3125 1.17588
0.31275 1.17649
0.313 1.17711
0.31325 1.17772
0.3135 1.17834
0.31375 1.17895
0.314 1.17957
0.31425 1.18018
0.3145 1.18079
0.31475 1.1814
0.315 1.18201
0.31525 1.18262
0.3155 1.18323
0.31575 1.18384
0.316 1.18444
0.31625 1.18505
0.3165 1.18566
0.31675 1.18626
0.317 1.18687
0.31725 1.18747
0.3175 1.18807
0.31775 1.18867
0.318 1.18928
0.31825 1.18988
0.3185 1.19048
0.31875 1.19108
0.319 1.19167
0.31925 1.19227
0.3195 1.19287
0.31975 1.19346
0.32 1.19406
0.32025 1.19465
0.3205 1.19525
0.32075 1.19584
0.321 1.19643
0.32125 1.19703
0.3215 1.19762
0.32175 1.19821
0.322 1.1988
0.32225 1.19939
0.3225 1.19997
0.32275 1.20056
0.323 1.20115
0.32325 1.20173
0.3235 1.20232
0.32375 1.2029
0.324 1.20349
0.32425 1.20407
0.3245 1.20465
0.32475 1.20523
0.325 1.20582
0.32525 1.2064
0.3255 1.20697
0.32575 1.20755
0.326 1.20813
0.32625 1.20871
0.3265 1.20928
0.32675 1.20986
0.327 1.21043
0.32725 1.21101
0.3275 1.21158
0.32775 1.21215
0.328 1.21273
0.32825 1.2133
0.3285 1.21387
0.32875 1.21444
0.329 1.21501
0.32925 1.21557
0.3295 1.21614
0.32975 1.21671
0.33 1.21727
0.33025 1.21784
0.3305 1.2184
0.33075 1.21897
0.331 1.21953
0.33125 1.22009
0.3315 1.22065
0.33175 1.22121
0.332 1.22177
0.33225 1.22233
0.3325 1.22289
0.33275 1.22345
0.333 1.224
0.33325 1.22456
0.3335 1.22511
0.33375 1.22567
0.334 1.22622
0.33425 1.22678
0.3345 1.22733
0.33475 1.22788
0.335 1.22843
0.33525 1.22898
0.3355 1.22953
0.33575 1.23008
0.336 1.23063
0.33625 1.23117
0.3365 1.23172
0.33675 1.23226
0.337 1.23281
0.33725 1.23335
0.3375 1.2339
0.33775 1.23444
0.338 1.23498
0.33825 1.23552
0.3385 1.23606
0.33875 1.2366
0.339 1.23714
0.33925 1.23768
0.3395 1.23821
0.33975 1.23875
0.34 1.23928
0.34025 1.23982
0.3405 1.24035
0.34075 1.24089
0.341 1.24142
0.34125 1.24195
0.3415 1.24248
0.34175 1.24301
0.342 1.24354
0.34225 1.24407
0.3425 1.2446
0.34275 1.24512
0.343 1.24565
0.34325 1.24618
0.3435 1.2467
0.34375 1.24723
0.344 1.24775
0.34425 1.24827
0.3445 1.24879
0.34475 1.24931
0.345 1.24983
0.34525 1.25035
0.3455 1.25087
0.34575 1.25139
0.346 1.25191
0.34625 1.25242
0.3465 1.25294
0.34675 1.25345
0.347 1.25397
0.34725 1.25448
0.3475 1.25499
0.34775 1.2555
0.348 1.25601
0.34825 1.25652
0.3485 1.25703
0.34875 1.25754
0.349 1.25805
0.34925 1.25856
0.3495 1.25906
0.34975 1.25957
0.35 1.26007
0.35025 1.26058
0.3505 1.26108
0.35075 1.26158
0.351 1.26208
0.35125 1.26259
0.3515 1.26309
0.35175 1.26358
0.352 1.26408
0.35225 1.26458
0.3525 1.26508
0.35275 1.26557
0.353 1.26607
0.35325 1.26656
0.3535 1.26706
0.35375 1.26755
0.354 1.26804
0.35425 1.26853
0.3545 1.26902
0.35475 1.26951
0.355 1.27
0.35525 1.27049
0.3555 1.27098
0.35575 1.27147
0.356 1.27195
0.35625 1.27244
0.3565 1.27292
0.35675 1.2734
0.357 1.27389
0.35725 1.27437
0.3575 1.27485
0.35775 1.27533
0.358 1.27581
0.35825 1.27629
0.3585 1.27677
0.35875 1.27724
0.359 1.27772
0.35925 1.2782
0.3595 1.27867
0.35975 1.27915
0.36 1.27962
0.36025 1.28009
0.3605 1.28056
0.36075 1.28103
0.361 1.2815
0.36125 1.28197
0.3615 1.28244
0.36175 1.28291
0.362 1.28338
0.36225 1.28384
0.3625 1.28431
0.36275 1.28477
0.363 1.28524
0.36325 1.2857
0.3635 1.28616
0.36375 1.28662
0.364 1.28708
0.36425 1.28754
0.3645 1.288
0.36475 1.28846
0.365 1.28892
0.36525 1.28938
0.3655 1.28983
0.36575 1.29029
0.366 1.29074
0.36625 1.29119
0.3665 1.29165
0.36675 1.2921
0.367 1.29255
0.36725 1.293
0.3675 1.29345
0.36775 1.2939
0.368 1.29435
0.36825 1.29479
0.3685 1.29524
0.36875 1.29569
0.369 1.29613
0.36925 1.29657
0.3695 1.29702
0.36975 1.29746
0.37 1.2979
0.37025 1.29834
0.3705 1.29878
0.37075 1.29922
0.371 1.29966
0.37125 1.3001
0.3715 1.30053
0.37175 1.30097
0.372 1.3014
0.37225 1.30184
0.3725 1.30227
0.37275 1.3027
0.373 1.30314
0.37325 1.30357
0.3735 1.304
0.37375 1.30443
0.374 1.30486
0.37425 1.30528
0.3745 1.30571
0.37475 1.30614
0.375 1.30656
0.37525 1.30699
0.3755 1.30741
0.37575 1.30783
0.376 1.30826
0.37625 1.30868
0.3765 1.3091
0.37675 1.30952
0.377 1.30994
0.37725 1.31036
0.3775 1.31077
0.37775 1.31119
0.378 1.31161
0.37825 1.31202
0.3785 1.31243
0.37875 1.31285
0.379 1.31326
0.37925 1.31367
0.3795 1.31408
0.37975 1.31449
0.38 1.3149
0.38025 1.31531
0.3805 1.31572
0.38075 1.31613
0.381 1.31653
0.38125 1.31694
0.3815 1.31734
0.38175 1.31774
0.382 1.31815
0.38225 1.31855
0.3825 1.31895
0.38275 1.31935
0.383 1.31975
0.38325 1.32015
0.3835 1.32055
0.38375 1.32094
0.384 1.32134
0.38425 1.32174
0.3845 1.32213
0.38475 1.32252
0.385 1.32292
0.38525 1.32331
0.3855 1.3237
0.38575 1.32409
0.386 1.32448
0.38625 1.32487
0.3865 1.32526
0.38675 1.32565
0.387 1.32603
0.38725 1.32642
0.3875 1.3268
0.38775 1.32719
0.388 1.32757
0.38825 1.32795
0.3885 1.32833
0.38875 1.32871
0.389 1.32909
0.38925 1.32947
0.3895 1.32985
0.38975 1.33023
0.39 1.33061
0.39025 1.33098
0.3905 1.33136
0.39075 1.33173
0.391 1.3321
0.39125 1.33248
0.3915 1.33285
0.39175 1.33322
0.392 1.33359
0.39225 1.33396
0.3925 1.33433
0.39275 1.3347
0.393 1.33506
0.39325 1.33543
0.3935 1.33579
0.39375 1.33616
0.394 1.33652
0.39425 1.33688
0.3945 1.33725
0.39475 1.33761
0.395 1.33797
0.39525 1.33833
0.3955 1.33868
0.39575 1.33904
0.396 1.3394
0.39625 1.33976
0.3965 1.34011
0.39675 1.34046
0.397 1.34082
0.39725 1.34117
0.3975 1.34152
0.39775 1.34187
0.398 1.34222
0.39825 1.34257
0.3985 1.34292
0.39875 1.34327
0.399 1.34362
0.39925 1.34396
0.3995 1.34431
0.39975 1.34465
0.4 1.345
0.40025 1.34534
0.4005 1.34568
0.40075 1.34602
0.401 1.34636
0.40125 1.3467
0.4015 1.34704
0.40175 1.34738
0.402 1.34772
0.40225 1.34805
0.4025 1.34839
0.40275 1.34872
0.403 1.34906
0.40325 1.34939
0.4035 1.34972
0.40375 1.35005
0.404 1.35038
0.40425 1.35071
0.4045 1.35104
0.40475 1.35137
0.405 1.3517
0.40525 1.35202
0.4055 1.35235
0.40575 1.35267
0.406 1.353
0.40625 1.35332
0.4065 1.35364
0.40675 1.35396
0.407 1.35428
0.40725 1.3546
0.4075 1.35492
0.40775 1.35524
0.408 1.35555
0.40825 1.35587
0.4085 1.35619
0.40875 1.3565
0.409 1.35681
0.40925 1.35713
0.4095 1.35744
0.40975 1.35775
0.41 1.35806
0.41025 1.35837
0.4105 1.35868
0.41075 1.35899
0.411 1.35929
0.41125 1.3596
0.4115 1.3599
0.41175 1.36021
0.412 1.36051
0.41225 1.36082
0.4125 1.36112
0.41275 1.36142
0.413 1.36172
0.41325 1.36202
0.4135 1.36232
0.41375 1.36261
0.414 1.36291
0.41425 1.36321
0.4145 1.3635
0.41475 1.3638
0.415 1.36409
0.41525 1.36438
0.4155 1.36467
0.41575 1.36497
0.416 1.36526
0.41625 1.36555
0.4165 1.36583
0.41675 1.36612
0.417 1.36641
0.41725 1.36669
0.4175 1.36698
0.41775 1.36726
0.418 1.36755
0.41825 1.36783
0.4185 1.36811
0.41875 1.36839
0.419 1.36867
0.41925 1.36895
0.4195 1.36923
0.41975 1.36951
0.42 1.36978
0.42025 1.37006
0.4205 1.37033
0.42075 1.37061
0.421 1.37088
0.42125 1.37115
0.4215 1.37143
0.42175 1.3717
0.422 1.37197
0.42225 1.37224
0.4225 1.3725
0.42275 1.37277
0.423 1.37304
0.42325 1.3733
0.4235 1.37357
0.42375 1.37383
0.424 1.37409
0.42425 1.37436
0.4245 1.37462
0.42475 1.37488
0.425 1.37514
0.42525 1.3754
0.4255 1.37566
0.42575 1.37591
0.426 1.37617
0.42625 1.37642
0.4265 1.37668
0.42675 1.37693
0.427 1.37719
0.42725 1.37744
0.4275 1.37769
0.42775 1.37794
0.428 1.37819
0.42825 1.37844
0.4285 1.37869
0.42875 1.37893
0.429 1.37918
0.42925 1.37942
0.4295 1.37967
0.42975 1.37991
0.43 1.38015
0.43025 1.3804
0.4305 1.38064
0.43075 1.38088
0.431 1.38112
0.43125 1.38136
0.4315 1.38159
0.43175 1.38183
0.432 1.38207
0.43225 1.3823
0.4325 1.38254
0.43275 1.38277
0.433 1.383
0.43325 1.38323
0.4335 1.38346
0.43375 1.38369
0.434 1.38392
0.43425 1.38415
0.4345 1.38438
0.43475 1.3846
0.435 1.38483
0.43525 1.38505
0.4355 1.38528
0.43575 1.3855
0.436 1.38572
0.43625 1.38595
0.4365 1.38617
0.43675 1.38639
0.437 1.3866
0.43725 1.38682
0.4375 1.38704
0.43775 1.38726
0.438 1.38747
0.43825 1.38769
0.4385 1.3879
0.43875 1.38811
0.439 1.38832
0.43925 1.38854
0.4395 1.38875
0.43975 1.38896
0.44 1.38916
0.44025 1.38937
0.4405 1.38958
0.44075 1.38978
0.441 1.38999
0.44125 1.39019
0.4415 1.3904
0.44175 1.3906
0.442 1.3908
0.44225 1.391
0.4425 1.3912
0.44275 1.3914
0.443 1.3916
0.44325 1.3918
0.4435 1.39199
0.44375 1.39219
0.444 1.39238
0.44425 1.39258
0.4445 1.39277
0.44475 1.39296
0.445 1.39315
0.44525 1.39335
0.4455 1.39354
0.44575 1.39372
0.446 1.39391
0.44625 1.3941
0.4465 1.39429
0.44675 1.39447
0.447 1.39466
0.44725 1.39484
0.4475 1.39502
0.44775 1.3952
0.448 1.39538
0.44825 1.39556
0.4485 1.39574
0.44875 1.39592
0.449 1.3961
0.44925 1.39628
0.4495 1.39645
0.44975 1.39663
0.45 1.3968
0.45025 1.39698
0.4505 1.39715
0.45075 1.39732
0.451 1.39749
0.45125 1.39766
0.4515 1.39783
0.45175 1.398
0.452 1.39816
0.45225 1.39833
0.4525 1.3985
0.45275 1.39866
0.453 1.39883
0.45325 1.39899
0.4535 1.39915
0.45375 1.39931
0.454 1.39947
0.45425 1.39963
0.4545 1.39979
0.45475 1.39995
0.455 1.4001
0.45525 1.40026
0.4555 1.40042
0.45575 1.40057
0.456 1.40072
0.45625 1.40088
0.4565 1.40103
0.45675 1.40118
0.457 1.40133
0.45725 1.40148
0.4575 1.40163
0.45775 1.40177
0.458 1.40192
0.45825 1.40207
0.4585 1.40221
0.45875 1.40236
0.459 1.4025
0.45925 1.40264
0.4595 1.40278
0.45975 1.40292
0.46 1.40306
0.46025 1.4032
0.4605 1.40334
0.46075 1.40348
0.461 1.40361
0.46125 1.40375
0.4615 1.40388
0.46175 1.40402
0.462 1.40415
0.46225 1.40428
0.4625 1.40441
0.46275 1.40454
0.463 1.40467
0.46325 1.4048
0.4635 1.40493
0.46375 1.40505
0.464 1.40518
0.46425 1.4053
0.4645 1.40543
0.46475 1.40555
0.465 1.40567
0.46525 1.40579
0.4655 1.40592
0.46575 1.40603
0.466 1.40615
0.46625 1.40627
0.4665 1.40639
0.46675 1.40651
0.467 1.40662
0.46725 1.40673
0.4675 1.40685
0.46775 1.40696
0.468 1.40707
0.46825 1.40718
0.4685 1.40729
0.46875 1.4074
0.469 1.40751
0.46925 1.40762
0.4695 1.40773
0.46975 1.40783
0.47 1.40794
0.47025 1.40804
0.4705 1.40814
0.47075 1.40825
0.471 1.40835
0.47125 1.40845
0.4715 1.40855
0.47175 1.40865
0.472 1.40875
0.47225 1.40884
0.4725 1.40894
0.47275 1.40903
0.473 1.40913
0.47325 1.40922
0.4735 1.40932
0.47375 1.40941
0.474 1.4095
0.47425 1.40959
0.4745 1.40968
0.47475 1.40977
0.475 1.40985
0.47525 1.40994
0.4755 1.41003
0.47575 1.41011
0.476 1.4102
0.47625 1.41028
0.4765 1.41036
0.47675 1.41044
0.477 1.41052
0.47725 1.4106
0.4775 1.41068
0.47775 1.41076
0.478 1.41084
0.47825 1.41091
0.4785 1.41099
0.47875 1.41106
0.479 1.41114
0.47925 1.41121
0.4795 1.41128
0.47975 1.41135
0.48 1.41142
0.48025 1.41149
0.4805 1.41156
0.48075 1.41163
0.481 1.41169
0.48125 1.41176
0.4815 1.41183
0.48175 1.41189
0.482 1.41195
0.48225 1.41202
0.4825 1.41208
0.48275 1.41214
0.483 1.4122
0.48325 1.41226
0.4835 1.41231
0.48375 1.41237
0.484 1.41243
0.48425 1.41248
0.4845 1.41254
0.48475 1.41259
0.485 1.41264
0.48525 1.4127
0.4855 1.41275
0.48575 1.4128
0.486 1.41285
0.48625 1.41289
0.4865 1.41294
0.48675 1.41299
0.487 1.41303
0.48725 1.41308
0.4875 1.41312
0.48775 1.41317
0.488 1.41321
0.48825 1.41325
0.4885 1.41329
0.48875 1.41333
0.489 1.41337
0.48925 1.41341
0.4895 1.41344
0.48975 1.41348
0.49 1.41352
0.49025 1.41355
0.4905 1.41358
0.49075 1.41362
0.491 1.41365
0.49125 1.41368
0.4915 1.41371
0.49175 1.41374
0.492 1.41377
0.49225 1.41379
0.4925 1.41382
0.49275 1.41385
0.493 1.41387
0.49325 1.4139
0.4935 1.41392
0.49375 1.41394
0.494 1.41396
0.49425 1.41398
0.4945 1.414
0.49475 1.41402
0.495 1.41404
0.49525 1.41406
0.4955 1.41407
0.49575 1.41409
0.496 1.4141
0.49625 1.41412
0.4965 1.41413
0.49675 1.41414
0.497 1.41415
0.49725 1.41416
0.4975 1.41417
0.49775 1.41418
0.498 1.41419
0.49825 1.41419
0.4985 1.4142
0.49875 1.4142
0.499 1.41421
0.49925 1.41421
0.4995 1.41421
0.49975 1.41421
0.5 1.41421
0.50025 1.41421
0.5005 1.41421
0.50075 1.41421
0.501 1.41421
0.50125 1.4142
0.5015 1.4142
0.50175 1.41419
0.502 1.41419
0.50225 1.41418
0.5025 1.41417
0.50275 1.41416
0.503 1.41415
0.50325 1.41414
0.5035 1.41413
0.50375 1.41412
0.504 1.4141
0.50425 1.41409
0.5045 1.41407
0.50475 1.41406
0.505 1.41404
0.50525 1.41402
0.5055 1.414
0.50575 1.41398
0.506 1.41396
0.50625 1.41394
0.5065 1.41392
0.50675 1.4139
0.507 1.41387
0.50725 1.41385
0.5075 1.41382
0.50775 1.41379
0.508 1.41377
0.50825 1.41374
0.5085 1.41371
0.50875 1.41368
0.509 1.41365
0.50925 1.41362
0.5095 1.41358
0.50975 1.41355
0.51 1.41352
0.51025 1.41348
0.5105 1.41344
0.51075 1.41341
0.511 1.41337
0.51125 1.41333
0.5115 1.41329
0.51175 1.41325
0.512 1.41321
0.51225 1.41317
0.5125 1.41312
0.51275 1.41308
0.513 1.41303
0.51325 1.41299
0.5135 1.41294
0.51375 1.41289
0.514 1.41285
0.51425 1.4128
0.5145 1.41275
0.51475 1.4127
0.515 1.41264
0.51525 1.41259
0.5155 1.41254
0.51575 1.41248
0.516 1.41243
0.51625 1.41237
0.5165 1.41231
0.51675 1.41226
0.517 1.4122
0.51725 1.41214
0.5175 1.41208
0.51775 1.41202
0.518 1.41195
0.51825 1.41189
0.5185 1.41183
0.51875 1.41176
0.519 1.41169
0.51925 1.41163
0.5195 1.41156
0.51975 1.41149
0.52 1.41142
0.52025 1.41135
0.5205 1.41128
0.52075 1.41121
0.521 1.41114
0.52125 1.41106
0.5215 1.41099
0.52175 1.41091
0.522 1.41084
0.52225 1.41076
0.5225 1.41068
0.52275 1.4106
0.523 1.41052
0.52325 1.41044
0.5235 1.41036
0.52375 1.41028
0.524 1.4102
0.52425 1.41011
0.5245 1.41003
0.52475 1.40994
0.525 1.40985
0.52525 1.40977
0.5255 1.40968
0.52575 1.40959
0.526 1.4095
0.52625 1.40941
0.5265 1.40932
0.52675 1.40922
0.527 1.40913
0.52725 1.40903
0.5275 1.40894
0.52775 1.40884
0.528 1.40875
0.52825 1.40865
0.5285 1.40855
0.52875 1.40845
0.529 1.40835
0.52925 1.40825
0.5295 1.40814
0.52975 1.40804
0.53 1.40794
0.53025 1.40783
0.5305 1.40773
0.53075 1.40762
0.531 1.40751
0.53125 1.4074
0.5315 1.40729
0.53175 1.40718
0.532 1.40707
0.53225 1.40696
0.5325 1.40685
0.53275 1.40673
0.533 1.40662
0.53325 1.40651
0.5335 1.40639
0.53375 1.40627
0.534 1.40615
0.53425 1.40603
0.5345 1.40592
0.53475 1.40579
0.535 1.40567
0.53525 1.40555
0.5355 1.40543
0.53575 1.4053
0.536 1.40518
0.53625 1.40505
0.5365 1.40493
0.53675 1.4048
0.537 1.40467
0.53725 1.40454
0.5375 1.40441
0.53775 1.40428
0.538 1.40415
0.53825 1.40402
0.5385 1.40388
0.53875 1.40375
0.539 1.40361
0.53925 1.40348
0.5395 1.40334
0.53975 1.4032
0.54 1.40306
0.54025 1.40292
0.5405 1.40278
0.54075 1.40264
0.541 1.4025
0.54125 1.40236
0.5415 1.40221
0.54175 1.40207
0.542 1.40192
0.54225 1.40177
0.5425 1.40163
0.54275 1.40148
0.543 1.40133
0.54325 1.40118
0.5435 1.40103
0.54375 1.40088
0.544 1.40072
0.54425 1.40057
0.5445 1.40042
0.54475 1.40026
0.545 1.4001
0.54525 1.39995
0.5455 1.39979
0.54575 1.39963
0.546 1.39947
0.54625 1.39931
0.5465 1.39915
0.54675 1.39899
0.547 1.39883
0.54725 1.39866
0.5475 1.3985
0.54775 1.39833
0.548 1.39816
0.54825 1.398
0.5485 1.39783
0.54875 1.39766
0.549 1.39749
0.54925 1.39732
0.5495 1.39715
0.54975 1.39698
0.55 1.3968
0.55025 1.39663
0.5505 1.39645
0.55075 1.39628
0.551 1.3961
0.55125 1.39592
0.5515 1.39574
0.55175 1.39556
0.552 1.39538
0.55225 1.3952
0.5525 1.39502
0.55275 1.39484
0.553 1.39466
0.55325 1.39447
0.5535 1.39429
0.55375 1.3941
0.554 1.39391
0.55425 1.39372
0.5545 1.39354
0.55475 1.39335
0.555 1.39315
0.55525 1.39296
0.5555 1.39277
0.55575 1.39258
0.556 1.39238
0.55625 1.39219
0.5565 1.39199
0.55675 1.3918
0.557 1.3916
0.55725 1.3914
0.5575 1.3912
0.55775 1.391
0.558 1.3908
0.55825 1.3906
0.5585 1.3904
0.55875 1.39019
0.559 1.38999
0.55925 1.38978
0.5595 1.38958
0.55975 1.38937
0.56 1.38916
0.56025 1.38896
0.5605 1.38875
0.56075 1.38854
0.561 1.38832
0.56125 1.38811
0.5615 1.3879
0.56175 1.38769
0.562 1.38747
0.56225 1.38726
0.5625 1.38704
0.56275 1.38682
0.563 1.3866
0.56325 1.38639
0.5635 1.38617
0.56375 1.38595
0.564 1.38572
0.56425 1.3855
0.5645 1.38528
0.56475 1.38505
0.565 1.38483
0.56525 1.3846
0.5655 1.38438
0.56575 1.38415
0.566 1.38392
0.56625 1.38369
0.5665 1.38346
0.56675 1.38323
0.567 1.383
0.56725 1.38277
0.5675 1.38254
0.56775 1.3823
0.568 1.38207
0.56825 1.38183
0.5685 1.38159
0.56875 1.38136
0.569 1.38112
0.56925 1.38088
0.5695 1.38064
0.56975 1.3804
0.57 1.38015
0.57025 1.37991
0.5705 1.37967
0.57075 1.37942
0.571 1.37918
0.57125 1.37893
0.5715 1.37869
0.57175 1.37844
0.572 1.37819
0.57225 1.37794
0.5725 1.37769
0.57275 1.37744
0.573 1.37719
0.57325 1.37693
0.5735 1.37668
0.57375 1.37642
0.574 1.37617
0.57425 1.37591
0.5745 1.37566
0.57475 1.3754
0.575 1.37514
0.57525 1.37488
0.5755 1.37462
0.57575 1.37436
0.576 1.37409
0.57625 1.37383
0.5765 1.37357
0.57675 1.3733
0.577 1.37304
0.57725 1.37277
0.5775 1.3725
0.57775 1.37224
0.578 1.37197
0.57825 1.3717
0.5785 1.37143
0.57875 1.37115
0.579 1.37088
0.57925 1.37061
0.5795 1.37033
0.57975 1.37006
0.58 1.36978
0.58025 1.36951
0.5805 1.36923
0.58075 1.36895
0.581 1.36867
0.58125 1.36839
0.5815 1.36811
0.58175 1.36783
0.582 1.36755
0.58225 1.36726
0.5825 1.36698
0.58275 1.36669
0.583 1.36641
0.58325 1.36612
0.5835 1.36583
0.58375 1.36555
0.584 1.36526
0.58425 1.36497
0.5845 1.36467
0.58475 1.36438
0.585 1.36409
0.58525 1.3638
0.5855 1.3635
0.58575 1.36321
0.586 1.36291
0.58625 1.36261
0.5865 1.36232
0.58675 1.36202
0.587 1.36172
0.58725 1.36142
0.5875 1.36112
0.58775 1.36082
0.588 1.36051
0.58825 1.36021
0.5885 1.3599
0.58875 1.3596
0.589 1.35929
0.58925 1.35899
0.5895 1.35868
0.58975 1.35837
0.59 1.35806
0.59025 1.35775
0.5905 1.35744
0.59075 1.35713
0.591 1.35681
0.59125 1.3565
0.5915 1.35619
0.59175 1.35587
0.592 1.35555
0.59225 1.35524
0.5925 1.35492
0.59275 1.3546
0.593 1.35428
0.59325 1.35396
0.5935 1.35364
0.59375 1.35332
0.594 1.353
0.59425 1.35267
0.5945 1.35235
0.59475 1.35202
0.595 1.3517
0.59525 1.35137
0.5955 1.35104
0.59575 1.35071
0.596 1.35038
0.59625 1.35005
0.5965 1.34972
0.59675 1.34939
0.597 1.34906
0.59725 1.34872
0.5975 1.34839
0.59775 1.34805
0.598 1.34772
0.59825 1.34738
0.5985 1.34704
0.59875 1.3467
0.599 1.34636
0.59925 1.34602
0.5995 1.34568
0.59975 1.34534
0.6 1.345
0.60025 1.34465
0.6005 1.34431
0.60075 1.34396
0.601 1.34362
0.60125 1.34327
0.6015 1.34292
0.60175 1.34257
0.602 1.34222
0.60225 1.34187
0.6025 1.34152
0.60275 1.34117
0.603 1.34082
0.60325 1.34046
0.6035 1.34011
0.60375 1.33976
0.604 1.3394
0.60425 1.33904
0.6045 1.33868
0.60475 1.33833
0.605 1.33797
0.60525 1.33761
0.6055 1.33725
0.60575 1.33688
0.606 1.33652
0.60625 1.33616
0.6065 1.33579
0.60675 1.33543
0.607 1.33506
0.60725 1.3347
0.6075 1.33433
0.60775 1.33396
0.608 1.33359
0.60825 1.33322
0.6085 1.33285
0.60875 1.33248
0.609 1.3321
0.60925 1.33173
0.6095 1.33136
0.60975 1.33098
0.61 1.33061
0.61025 1.33023
0.6105 1.32985
0.61075 1.32947
0.611 1.32909
0.61125 1.32871
0.6115 1.32833
0.61175 1.32795
0.612 1.32757
0.61225 1.32719
0.6125 1.3268
0.61275 1.32642
0.613 1.32603
0.61325 1.32565
0.6135 1.32526
0.61375 1.32487
0.614 1.32448
0.61425 1.32409
0.6145 1.3237
0.61475 1.32331
0.615 1.32292
0.61525 1.32252
0.6155 1.32213
0.61575 1.32174
0.616 1.32134
0.61625 1.32094
0.6165 1.32055
0.61675 1.32015
0.617 1.31975
0.61725 1.31935
0.6175 1.31895
0.61775 1.31855
0.618 1.31815
0.61825 1.31774
0.6185 1.31734
0.61875 1.31694
0.619 1.31653
0.61925 1.31613
0.6195 1.31572
0.61975 1.31531
0.62 1.3149
0.62025 1.31449
0.6205 1.31408
0.62075 1.31367
0.621 1.31326
0.62125 1.31285
0.6215 1.31243
0.62175 1.31202
0.622 1.31161
0.62225 1.31119
0.6225 1.31077
0.62275 1.31036
0.623 1.30994
0.62325 1.30952
0.6235 1.3091
0.62375 1.30868
0.624 1.30826
0.62425 1.30783
0.6245 1.30741
0.62475 1.30699
0.625 1.30656
0.62525 1.30614
0.6255 1.30571
0.62575 1.30528
0.626 1.30486
0.62625 1.30443
0.6265 1.304
0.62675 1.30357
0.627 1.30314
0.62725 1.3027
0.6275 1.30227
0.62775 1.30184
0.628 1.3014
0.62825 1.30097
0.6285 1.30053
0.62875 1.3001
0.629 1.29966
0.62925 1.29922
0.6295 1.29878
0.62975 1.29834
0.63 1.2979
0.63025 1.29746
0.6305 1.29702
0.63075 1.29657
0.631 1.29613
0.63125 1.29569
0.6315 1.29524
0.63175 1.29479
0.632 1.29435
0.63225 1.2939
0.6325 1.29345
0.63275 1.293
0.633 1.29255
0.63325 1.2921
0.6335 1.29165
0.63375 1.29119
0.634 1.29074
0.63425 1.29029
0.6345 1.28983
0.63475 1.28938
0.635 1.28892
0.63525 1.28846
0.6355 1.288
0.63575 1.28754
0.636 1.28708
0.63625 1.28662
0.6365 1.28616
0.63675 1.2857
0.637 1.28524
0.63725 1.28477
0.6375 1.28431
0.63775 1.28384
0.638 1.28338
0.63825 1.28291
0.6385 1.28244
0.63875 1.28197
0.639 1.2815
0.63925 1.28103
0.6395 1.28056
0.63975 1.28009
0.64 1.27962
0.64025 1.27915
0.6405 1.27867
0.64075 1.2782
0.641 1.27772
0.64125 1.27724
0.6415 1.27677
0.64175 1.27629
0.642 1.27581
0.64225 1.27533
0.6425 1.27485
0.64275 1.27437
0.643 1.27389
0.64325 1.2734
0.6435 1.27292
0.64375 1.27244
0.644 1.27195
0.64425 1.27147
0.6445 1.27098
0.64475 1.27049
0.645 1.27
0.64525 1.26951
0.6455 1.26902
0.64575 1.26853
0.646 1.26804
0.64625 1.26755
0.6465 1.26706
0.64675 1.26656
0.647 1.26607
0.64725 1.26557
0.6475 1.26508
0.64775 1.26458
0.648 1.26408
0.64825 1.26358
0.6485 1.26309
0.64875 1.26259
0.649 1.26208
0.64925 1.26158
0.6495 1.26108
0.64975 1.26058
0.65 1.26007
0.65025 1.25957
0.6505 1.25906
0.65075 1.25856
0.651 1.25805
0.65125 1.25754
0.6515 1.25703
0.65175 1.25652
0.652 1.25601
0.65225 1.2555
0.6525 1.25499
0.65275 1.25448
0.653 1.25397
0.65325 1.25345
0.6535 1.25294
0.65375 1.25242
0.654 1.25191
0.65425 1.25139
0.6545 1.25087
0.65475 1.25035
0.655 1.24983
0.65525 1.24931
0.6555 1.24879
0.65575 1.24827
0.656 1.24775
0.65625 1.24723
0.6565 1.2467
0.65675 1.24618
0.657 1.24565
0.65725 1.24512
0.6575 1.2446
0.65775 1.24407
0.658 1.24354
0.65825 1.24301
0.6585 1.24248
0.65875 1.24195
0.659 1.24142
0.65925 1.24089
0.6595 1.24035
0.65975 1.23982
0.66 1.23928
0.66025 1.23875
0.6605 1.23821
0.66075 1.23768
0.661 1.23714
0.66125 1.2366
0.6615 1.23606
0.66175 1.23552
0.662 1.23498
0.66225 1.23444
0.6625 1.2339
0.66275 1.23335
0.663 1.23281
0.66325 1.23226
0.6635 1.23172
0.66375 1.23117
0.664 1.23063
0.66425 1.23008
0.6645 1.22953
0.66475 1.22898
0.665 1.22843
0.66525 1.22788
0.6655 1.22733
0.66575 1.22678
0.666 1.22622
0.66625 1.22567
0.6665 1.22511
0.66675 1.22456
0.667 1.224
0.66725 1.22345
0.6675 1.22289
0.66775 1.22233
0.668 1.22177
0.66825 1.22121
0.6685 1.22065
0.66875 1.22009
0.669 1.21953
0.66925 1.21897
0.6695 1.2184
0.66975 1.21784
0.67 1.21727
0.67025 1.21671
0.6705 1.21614
0.67075 1.21557
0.671 1.21501
0.67125 1.21444
0.6715 1.21387
0.67175 1.2133
0.672 1.21273
0.67225 1.21215
0.6725 1.21158
0.67275 1.21101
0.673 1.21043
0.67325 1.20986
0.6735 1.20928
0.67375 1.20871
0.674 1.20813
0.67425 1.20755
0.6745 1.20697
0.67475 1.2064
0.675 1.20582
0.67525 1.20523
0.6755 1.20465
0.67575 1.20407
0.676 1.20349
0.67625 1.2029
0.6765 1.20232
0.67675 1.20173
0.677 1.20115
0.67725 1.20056
0.6775 1.19997
0.67775 1.19939
0.678 1.1988
0.67825 1.19821
0.6785 1.19762
0.67875 1.19703
0.679 1.19643
0.67925 1.19584
0.6795 1.19525
0.67975 1.19465
0.68 1.19406
0.68025 1.19346
0.6805 1.19287
0.68075 1.19227
0.681 1.19167
0.68125 1.19108
0.6815 1.19048
0.68175 1.18988
0.682 1.18928
0.68225 1.18867
0.6825 1.18807
0.68275 1.18747
0.683 1.18687
0.68325 1.18626
0.6835 1.18566
0.68375 1.18505
0.684 1.18444
0.68425 1.18384
0.6845 1.18323
0.68475 1.18262
0.685 1.18201
0.68525 1.1814
0.6855 1.18079
0.68575 1.18018
0.686 1.17957
0.68625 1.17895
0.6865 1.17834
0.68675 1.17772
0.687 1.17711
0.68725 1.17649
0.6875 1.17588
0.68775 1.17526
0.688 1.17464
0.68825 1.17402
0.6885 1.1734
0.68875 1.17278
0.689 1.17216
0.68925 1.17154
0.6895 1.17092
0.68975 1.17029
0.69 1.16967
0.69025 1.16904
0.6905 1.16842
0.69075 1.16779
0.691 1.16717
0.69125 1.16654
0.6915 1.16591
0.69175 1.16528
0.692 1.16465
0.69225 1.16402
0.6925 1.16339
0.69275 1.16276
0.693 1.16212
0.69325 1.16149
0.6935 1.16086
0.69375 1.16022
0.694 1.15959
0.69425 1.15895
0.6945 1.15831
0.69475 1.15768
0.695 1.15704
0.69525 1.1564
0.6955 1.15576
0.69575 1.15512
0.696 1.15448
0.69625 1.15384
0.6965 1.15319
0.69675 1.15255
0.697 1.15191
0.69725 1.15126
0.6975 1.15062
0.69775 1.14997
0.698 1.14932
0.69825 1.14868
0.6985 1.14803
0.69875 1.14738
0.699 1.14673
0.69925 1.14608
0.6995 1.14543
0.69975 1.14478
0.7 1.14412
0.70025 1.14347
0.7005 1.14282
0.70075 1.14216
0.701 1.14151
0.70125 1.14085
0.7015 1.14019
0.70175 1.13954
0.702 1.13888
0.70225 1.13822
0.7025 1.13756
0.70275 1.1369
0.703 1.13624
0.70325 1.13558
0.7035 1.13491
0.70375 1.13425
0.704 1.13359
0.70425 1.13292
0.7045 1.13226
0.70475 1.13159
0.705 1.13092
0.70525 1.13026
0.7055 1.12959
0.70575 1.12892
0.706 1.12825
0.70625 1.12758
0.7065 1.12691
0.70675 1.12624
0.707 1.12557
0.70725 1.12489
0.7075 1.12422
0.70775 1.12355
0.708 1.12287
0.70825 1.1222
0.7085 1.12152
0.70875 1.12084
0.709 1.12017
0.70925 1.11949
0.7095 1.11881
0.70975 1.11813
0.71 1.11745
0.71025 1.11677
0.7105 1.11609
0.71075 1.1154
0.711 1.11472
0.71125 1.11404
0.7115 1.11335
0.71175 1.11267
0.712 1.11198
0.71225 1.11129
0.7125 1.11061
0.71275 1.10992
0.713 1.10923
0.71325 1.10854
0.7135 1.10785
0.71375 1.10716
0.714 1.10647
0.71425 1.10578
0.7145 1.10508
0.71475 1.10439
0.715 1.1037
0.71525 1.103
0.7155 1.1023
0.71575 1.10161
0.716 1.10091
0.71625 1.10021
0.7165 1.09952
0.71675 1.09882
0.717 1.09812
0.71725 1.09742
0.7175 1.09672
0.71775 1.09602
0.718 1.09531
0.71825 1.09461
0.7185 1.09391
0.71875 1.0932
0.719 1.0925
0.71925 1.09179
0.7195 1.09108
0.71975 1.09038
0.72 1.08967
0.72025 1.08896
0.7205 1.08825
0.72075 1.08754
0.721 1.08683
0.72125 1.08612
0.7215 1.08541
0.72175 1.0847
0.722 1.08398
0.72225 1.08327
0.7225 1.08256
0.72275 1.08184
0.723 1.08113
0.72325 1.08041
0.7235 1.07969
0.72375 1.07897
0.724 1.07826
0.72425 1.07754
0.7245 1.07682
0.72475 1.0761
0.725 1.07538
0.72525 1.07465
0.7255 1.07393
0.72575 1.07321
0.726 1.07249
0.72625 1.07176
0.7265 1.07104
0.72675 1.07031
0.727 1.06958
0.72725 1.06886
0.7275 1.06813
0.72775 1.0674
0.728 1.06667
0.72825 1.06594
0.7285 1.06521
0.72875 1.06448
0.729 1.06375
0.72925 1.06302
0.7295 1.06229
0.72975 1.06155
0.73 1.06082
0.73025 1.06008
0.7305 1.05935
0.73075 1.05861
0.731 1.05787
0.73125 1.05714
0.7315 1.0564
0.73175 1.05566
0.732 1.05492
0.73225 1.05418
0.7325 1.05344
0.73275 1.0527
0.733 1.05196
0.73325 1.05121
0.7335 1.05047
0.73375 1.04973
0.734 1.04898
0.73425 1.04824
0.7345 1.04749
0.73475 1.04674
0.735 1.046
0.73525 1.04525
0.7355 1.0445
0.73575 1.04375
0.736 1.043
0.73625 1.04225
0.7365 1.0415
0.73675 1.04075
0.737 1.04
0.73725 1.03924
0.7375 1.03849
0.73775 1.03773
0.738 1.03698
0.73825 1.03622
0.7385 1.03547
0.73875 1.03471
0.739 1.03395
0.73925 1.0332
0.7395 1.03244
0.73975 1.03168
0.74 1.03092
0.74025 1.03016
0.7405 1.0294
0.74075 1.02863
0.741 1.02787
0.74125 1.02711
0.7415 1.02634
0.74175 1.02558
0.742 1.02481
0.74225 1.02405
0.7425 1.02328
0.74275 1.02252
0.743 1.02175
0.74325 1.02098
0.7435 1.02021
0.74375 1.01944
0.744 1.01867
0.74425 1.0179
0.7445 1.01713
0.74475 1.01636
0.745 1.01558
0.74525 1.01481
0.7455 1.01404
0.74575 1.01326
0.746 1.01249
0.74625 1.01171
0.7465 1.01093
0.74675 1.01016
0.747 1.00938
0.74725 1.0086
0.7475 1.00782
0.74775 1.00704
0.748 1.00626
0.74825 1.00548
0.7485 1.0047
0.74875 1.00392
0.749 1.00314
0.74925 1.00235
0.7495 1.00157
0.74975 1.00079
0.75 1
0.75025 0.999214
0.7505 0.998428
0.75075 0.997641
0.751 0.996853
0.75125 0.996065
0.7515 0.995277
0.75175 0.994487
0.752 0.993697
0.75225 0.992906
0.7525 0.992115
0.75275 0.991323
0.753 0.990531
0.75325 0.989738
0.7535 0.988944
0.75375 0.98815
0.754 0.987355
0.75425 0.986559
0.7545 0.985763
0.75475 0.984967
0.755 0.984169
0.75525 0.983371
0.7555 0.982573
0.75575 0.981774
0.756 0.980974
0.75625 0.980174
0.7565 0.979373
0.75675 0.978571
0.757 0.977769
0.75725 0.976966
0.7575 0.976163
0.75775 0.975359
0.758 0.974554
0.75825 0.973749
0.7585 0.972943
0.75875 0.972137
0.759 0.97133
0.75925 0.970522
0.7595 0.969714
0.75975 0.968905
0.76 0.968096
0.76025 0.967286
0.7605 0.966475
0.76075 0.965664
0.761 0.964852
0.76125 0.96404
0.7615 0.963227
0.76175 0.962413
0.762 0.961599
0.76225 0.960785
0.7625 0.959969
0.76275 0.959153
0.763 0.958337
0.76325 0.95752
0.7635 0.956702
0.76375 0.955884
0.764 0.955065
0.76425 0.954245
0.7645 0.953425
0.76475 0.952605
0.765 0.951783
0.76525 0.950962
0.7655 0.950139
0.76575 0.949316
0.766 0.948493
0.76625 0.947668
0.7665 0.946844
0.76675 0.946018
0.767 0.945192
0.76725 0.944366
0.7675 0.943539
0.76775 0.942711
0.768 0.941883
0.76825 0.941054
0.7685 0.940225
0.76875 0.939395
0.769 0.938564
0.76925 0.937733
0.7695 0.936901
0.76975 0.936069
0.77 0.935236
0.77025 0.934403
0.7705 0.933569
0.77075 0.932734
0.771 0.931899
0.77125 0.931063
0.7715 0.930227
0.77175 0.92939
0.772 0.928552
0.77225 0.927714
0.7725 0.926876
0.77275 0.926037
0.773 0.925197
0.77325 0.924357
0.7735 0.923516
0.77375 0.922674
0.774 0.921832
0.77425 0.920989
0.7745 0.920146
0.77475 0.919303
0.775 0.918458
0.77525 0.917613
0.7755 0.916768
0.77575 0.915922
0.776 0.915075
0.77625 0.914228
0.7765 0.91338
0.77675 0.912532
0.777 0.911683
0.77725 0.910834
0.7775 0.909984
0.77775 0.909133
0.778 0.908282
0.77825 0.907431
0.7785 0.906579
0.77875 0.905726
0.779 0.904872
0.77925 0.904019
0.7795 0.903164
0.77975 0.902309
0.78 0.901454
0.78025 0.900598
0.7805 0.899741
0.78075 0.898884
0.781 0.898026
0.78125 0.897168
0.7815 0.896309
0.78175 0.895449
0.782 0.894589
0.78225 0.893729
0.7825 0.892868
0.78275 0.892006
0.783 0.891144
0.78325 0.890281
0.7835 0.889418
0.78375 0.888554
0.784 0.88769
0.78425 0.886825
0.7845 0.885959
0.78475 0.885093
0.785 0.884227
0.78525 0.88336
0.7855 0.882492
0.78575 0.881624
0.786 0.880755
0.78625 0.879886
0.7865 0.879016
0.78675 0.878145
0.787 0.877275
0.78725 0.876403
0.7875 0.875531
0.78775 0.874659
0.788 0.873785
0.78825 0.872912
0.7885 0.872038
0.78875 0.871163
0.789 0.870288
0.78925 0.869412
0.7895 0.868536
0.78975 0.867659
0.79 0.866781
0.79025 0.865904
0.7905 0.865025
0.79075 0.864146
0.791 0.863267
0.79125 0.862387
0.7915 0.861506
0.79175 0.860625
0.792 0.859743
0.79225 0.858861
0.7925 0.857978
0.79275 0.857095
0.793 0.856211
0.79325 0.855327
0.7935 0.854442
0.79375 0.853557
0.794 0.852671
0.79425 0.851785
0.7945 0.850898
0.79475 0.85001
0.795 0.849122
0.79525 0.848234
0.7955 0.847345
0.79575 0.846455
0.796 0.845565
0.79625 0.844675
0.7965 0.843784
0.79675 0.842892
0.797 0.842
0.79725 0.841107
0.7975 0.840214
0.79775 0.83932
0.798 0.838426
0.79825 0.837531
0.7985 0.836636
0.79875 0.83574
0.799 0.834844
0.79925 0.833947
0.7995 0.83305
0.79975 0.832152
0.8 0.831254
0.80025 0.830355
0.8005 0.829456
0.80075 0.828556
0.801 0.827655
0.80125 0.826755
0.8015 0.825853
0.80175 0.824951
0.802 0.824049
0.80225 0.823146
0.8025 0.822242
0.80275 0.821338
0.803 0.820434
0.80325 0.819529
0.8035 0.818624
0.80375 0.817718
0.804 0.816811
0.80425 0.815904
0.8045 0.814997
0.80475 0.814089
0.805 0.81318
0.80525 0.812271
0.8055 0.811362
0.80575 0.810452
0.806 0.809541
0.80625 0.80863
0.8065 0.807719
0.80675 0.806807
0.807 0.805894
0.80725 0.804981
0.8075 0.804068
0.80775 0.803154
0.808 0.802239
0.80825 0.801324
0.8085 0.800409
0.80875 0.799493
0.809 0.798577
0.80925 0.79766
0.8095 0.796742
0.80975 0.795824
0.81 0.794906
0.81025 0.793987
0.8105 0.793068
0.81075 0.792148
0.811 0.791227
0.81125 0.790307
0.8115 0.789385
0.81175 0.788463
0.812 0.787541
0.81225 0.786618
0.8125 0.785695
0.81275 0.784771
0.813 0.783847
0.81325 0.782922
0.8135 0.781997
0.81375 0.781071
0.814 0.780145
0.81425 0.779218
0.8145 0.778291
0.81475 0.777364
0.815 0.776436
0.81525 0.775507
0.8155 0.774578
0.81575 0.773648
0.816 0.772718
0.81625 0.771788
0.8165 0.770857
0.81675 0.769925
0.817 0.768993
0.81725 0.768061
0.8175 0.767128
0.81775 0.766195
0.818 0.765261
0.81825 0.764327
0.8185 0.763392
0.81875 0.762457
0.819 0.761521
0.81925 0.760585
0.8195 0.759648
0.81975 0.758711
0.82 0.757774
0.82025 0.756835
0.8205 0.755897
0.82075 0.754958
0.821 0.754019
0.82125 0.753079
0.8215 0.752138
0.82175 0.751197
0.822 0.750256
0.82225 0.749314
0.8225 0.748372
0.82275 0.747429
0.823 0.746486
0.82325 0.745543
0.8235 0.744599
0.82375 0.743654
0.824 0.742709
0.82425 0.741764
0.8245 0.740818
0.82475 0.739871
0.825 0.738925
0.82525 0.737977
0.8255 0.73703
0.82575 0.736081
0.826 0.735133
0.82625 0.734184
0.8265 0.733234
0.82675 0.732284
0.827 0.731334
0.82725 0.730383
0.8275 0.729431
0.82775 0.72848
0.828 0.727527
0.82825 0.726575
0.8285 0.725622
0.82875 0.724668
0.829 0.723714
0.82925 0.722759
0.8295 0.721804
0.82975 0.720849
0.83 0.719893
0.83025 0.718937
0.8305 0.71798
0.83075 0.717023
0.831 0.716066
0.83125 0.715108
0.8315 0.714149
0.83175 0.71319
0.832 0.712231
0.83225 0.711271
0.8325 0.710311
0.83275 0.70935
0.833 0.708389
0.83325 0.707427
0.8335 0.706465
0.83375 0.705503
0.834 0.70454
0.83425 0.703577
0.8345 0.702613
0.83475 0.701649
0.835 0.700684
0.83525 0.699719
0.8355 0.698754
0.83575 0.697788
0.836 0.696822
0.83625 0.695855
0.8365 0.694888
0.83675 0.69392
0.837 0.692952
0.83725 0.691984
0.8375 0.691015
0.83775 0.690045
0.838 0.689076
0.83825 0.688106
0.8385 0.687135
0.83875 0.686164
0.839 0.685193
0.83925 0.684221
0.8395 0.683248
0.83975 0.682276
0.84 0.681303
0.84025 0.680329
0.8405 0.679355
0.84075 0.678381
0.841 0.677406
0.84125 0.676431
0.8415 0.675455
0.84175 0.674479
0.842 0.673503
0.84225 0.672526
0.8425 0.671548
0.84275 0.670571
0.843 0.669593
0.84325 0.668614
0.8435 0.667635
0.84375 0.666656
0.844 0.665676
0.84425 0.664696
0.8445 0.663715
0.84475 0.662734
0.845 0.661753
0.84525 0.660771
0.8455 0.659789
0.84575 0.658806
0.846 0.657823
0.84625 0.65684
0.8465 0.655856
0.84675 0.654871
0.847 0.653887
0.84725 0.652902
0.8475 0.651916
0.84775 0.65093
0.848 0.649944
0.84825 0.648957
0.8485 0.64797
0.84875 0.646983
0.849 0.645995
0.84925 0.645007
0.8495 0.644018
0.84975 0.643029
0.85 0.64204
0.85025 0.64105
0.8505 0.640059
0.85075 0.639069
0.851 0.638078
0.85125 0.637086
0.8515 0.636094
0.85175 0.635102
0.852 0.63411
0.85225 0.633117
0.8525 0.632123
0.85275 0.631129
0.853 0.630135
0.85325 0.629141
0.8535 0.628146
0.85375 0.62715
0.854 0.626155
0.85425 0.625159
0.8545 0.624162
0.85475 0.623165
0.855 0.622168
0.85525 0.62117
0.8555 0.620172
0.85575 0.619174
0.856 0.618175
0.85625 0.617176
0.8565 0.616176
0.85675 0.615176
0.857 0.614176
0.85725 0.613175
0.8575 0.612174
0.85775 0.611173
0.858 0.610171
0.85825 0.609169
0.8585 0.608166
0.85875 0.607163
0.859 0.60616
0.85925 0.605156
0.8595 0.604152
0.85975 0.603148
0.86 0.602143
0.86025 0.601138
0.8605 0.600132
0.86075 0.599126
0.861 0.59812
0.86125 0.597113
0.8615 0.596106
0.86175 0.595099
0.862 0.594091
0.86225 0.593083
0.8625 0.592074
0.86275 0.591065
0.863 0.590056
0.86325 0.589047
0.8635 0.588037
0.86375 0.587026
0.864 0.586016
0.86425 0.585005
0.8645 0.583993
0.86475 0.582981
0.865 0.581969
0.86525 0.580957
0.8655 0.579944
0.86575 0.578931
0.866 0.577917
0.86625 0.576903
0.8665 0.575889
0.86675 0.574874
0.867 0.573859
0.86725 0.572844
0.8675 0.571828
0.86775 0.570812
0.868 0.569796
0.86825 0.568779
0.8685 0.567762
0.86875 0.566744
0.869 0.565727
0.86925 0.564708
0.8695 0.56369
0.86975 0.562671
0.87 0.561652
0.87025 0.560632
0.8705 0.559613
0.87075 0.558592
0.871 0.557572
0.87125 0.556551
0.8715 0.55553
0.87175 0.554508
0.872 0.553486
0.87225 0.552464
0.8725 0.551441
0.87275 0.550418
0.873 0.549395
0.87325 0.548371
0.8735 0.547347
0.87375 0.546323
0.874 0.545298
0.87425 0.544273
0.8745 0.543248
0.87475 0.542222
0.875 0.541196
0.87525 0.54017
0.8755 0.539143
0.87575 0.538116
0.876 0.537089
0.87625 0.536061
0.8765 0.535033
0.87675 0.534005
0.877 0.532976
0.87725 0.531947
0.8775 0.530918
0.87775 0.529888
0.878 0.528858
0.87825 0.527828
0.8785 0.526797
0.87875 0.525766
0.879 0.524735
0.87925 0.523703
0.8795 0.522672
0.87975 0.521639
0.88 0.520607
0.88025 0.519574
0.8805 0.518541
0.88075 0.517507
0.881 0.516473
0.88125 0.515439
0.8815 0.514405
0.88175 0.51337
0.882 0.512335
0.88225 0.511299
0.8825 0.510264
0.88275 0.509228
0.883 0.508191
0.88325 0.507154
0.8835 0.506117
0.88375 0.50508
0.884 0.504043
0.88425 0.503005
0.8845 0.501966
0.88475 0.500928
0.885 0.499889
0.88525 0.49885
0.8855 0.49781
0.88575 0.49677
0.886 0.49573
0.88625 0.49469
0.8865 0.493649
0.88675 0.492608
0.887 0.491567
0.88725 0.490525
0.8875 0.489483
0.88775 0.488441
0.888 0.487399
0.88825 0.486356
0.8885 0.485313
0.88875 0.484269
0.889 0.483226
0.88925 0.482182
0.8895 0.481137
0.88975 0.480093
0.89 0.479048
0.89025 0.478003
0.8905 0.476957
0.89075 0.475911
0.891 0.474865
0.89125 0.473819
0.8915 0.472772
0.89175 0.471725
0.892 0.470678
0.89225 0.46963
0.8925 0.468583
0.89275 0.467534
0.893 0.466486
0.89325 0.465437
0.8935 0.464388
0.89375 0.463339
0.894 0.462289
0.89425 0.46124
0.8945 0.46019
0.89475 0.459139
0.895 0.458088
0.89525 0.457037
0.8955 0.455986
0.89575 0.454935
0.896 0.453883
0.89625 0.452831
0.8965 0.451778
0.89675 0.450726
0.897 0.449673
0.89725 0.44862
0.8975 0.447566
0.89775 0.446512
0.898 0.445458
0.89825 0.444404
0.8985 0.443349
0.89875 0.442294
0.899 0.441239
0.89925 0.440184
0.8995 0.439128
0.89975 0.438072
0.9 0.437016
0.90025 0.43596
0.9005 0.434903
0.90075 0.433846
0.901 0.432788
0.90125 0.431731
0.9015 0.430673
0.90175 0.429615
0.902 0.428557
0.90225 0.427498
0.9025 0.426439
0.90275 0.42538
0.903 0.424321
0.90325 0.423261
0.9035 0.422201
0.90375 0.421141
0.904 0.42008
0.90425 0.41902
0.9045 0.417959
0.90475 0.416897
0.905 0.415836
0.90525 0.414774
0.9055 0.413712
0.90575 0.41265
0.906 0.411587
0.90625 0.410525
0.9065 0.409462
0.90675 0.408398
0.907 0.407335
0.90725 0.406271
0.9075 0.405207
0.90775 0.404143
0.908 0.403078
0.90825 0.402013
0.9085 0.400948
0.90875 0.399883
0.909 0.398818
0.90925 0.397752
0.9095 0.396686
0.90975 0.39562
0.91 0.394553
0.91025 0.393486
0.9105 0.392419
0.91075 0.391352
0.911 0.390285
0.91125 0.389217
0.9115 0.388149
0.91175 0.387081
0.912 0.386012
0.91225 0.384944
0.9125 0.383875
0.91275 0.382806
0.913 0.381736
0.91325 0.380667
0.9135 0.379597
0.91375 0.378527
0.914 0.377456
0.91425 0.376386
0.9145 0.375315
0.91475 0.374244
0.915 0.373173
0.91525 0.372101
0.9155 0.37103
0.91575 0.369958
0.916 0.368886
0.91625 0.367813
0.9165 0.366741
0.91675 0.365668
0.917 0.364595
0.91725 0.363521
0.9175 0.362448
0.91775 0.361374
0.918 0.3603
0.91825 0.359226
0.9185 0.358152
0.91875 0.357077
0.919 0.356002
0.91925 0.354927
0.9195 0.353852
0.91975 0.352776
0.92 0.351701
0.92025 0.350625
0.9205 0.349549
0.92075 0.348472
0.921 0.347396
0.92125 0.346319
0.9215 0.345242
0.92175 0.344165
0.922 0.343087
0.92225 0.342009
0.9225 0.340932
0.92275 0.339854
0.923 0.338775
0.92325 0.337697
0.9235 0.336618
0.92375 0.335539
0.924 0.33446
0.92425 0.333381
0.9245 0.332301
0.92475 0.331222
0.925 0.330142
0.92525 0.329061
0.9255 0.327981
0.92575 0.326901
0.926 0.32582
0.92625 0.324739
0.9265 0.323658
0.92675 0.322576
0.927 0.321495
0.92725 0.320413
0.9275 0.319331
0.92775 0.318249
0.928 0.317167
0.92825 0.316084
0.9285 0.315002
0.92875 0.313919
0.929 0.312835
0.92925 0.311752
0.9295 0.310669
0.92975 0.309585
0.93 0.308501
0.93025 0.307417
0.9305 0.306333
0.93075 0.305248
0.931 0.304164
0.93125 0.303079
0.9315 0.301994
0.93175 0.300909
0.932 0.299823
0.93225 0.298738
0.9325 0.297652
0.93275 0.296566
0.933 0.29548
0.93325 0.294394
0.9335 0.293307
0.93375 0.292221
0.934 0.291134
0.93425 0.290047
0.9345 0.288959
0.93475 0.287872
0.935 0.286785
0.93525 0.285697
0.9355 0.284609
0.93575 0.283521
0.936 0.282433
0.93625 0.281344
0.9365 0.280256
0.93675 0.279167
0.937 0.278078
0.93725 0.276989
0.9375 0.275899
0.93775 0.27481
0.938 0.27372
0.93825 0.27263
0.9385 0.271541
0.93875 0.27045
0.939 0.26936
0.93925 0.26827
0.9395 0.267179
0.93975 0.266088
0.94 0.264997
0.94025 0.263906
0.9405 0.262815
0.94075 0.261723
0.941 0.260632
0.94125 0.25954
0.9415 0.258448
0.94175 0.257356
0.942 0.256264
0.94225 0.255171
0.9425 0.254079
0.94275 0.252986
0.943 0.251893
0.94325 0.2508
0.9435 0.249707
0.94375 0.248613
0.944 0.24752
0.94425 0.246426
0.9445 0.245333
0.94475 0.244239
0.945 0.243144
0.94525 0.24205
0.9455 0.240956
0.94575 0.239861
0.946 0.238767
0.94625 0.237672
0.9465 0.236577
0.94675 0.235482
0.947 0.234386
0.94725 0.233291
0.9475 0.232195
0.94775 0.2311
0.948 0.230004
0.94825 0.228908
0.9485 0.227812
0.94875 0.226715
0.949 0.225619
0.94925 0.224522
0.9495 0.223426
0.94975 0.222329
0.95 0.221232
0.95025 0.220135
0.9505 0.219037
0.95075 0.21794
0.951 0.216842
0.95125 0.215745
0.9515 0.214647
0.95175 0.213549
0.952 0.212451
0.95225 0.211353
0.9525 0.210255
0.95275 0.209156
0.953 0.208058
0.95325 0.206959
0.9535 0.20586
0.95375 0.204761
0.954 0.203662
0.95425 0.202563
0.9545 0.201463
0.95475 0.200364
0.955 0.199264
0.95525 0.198165
0.9555 0.197065
0.95575 0.195965
0.956 0.194865
0.95625 0.193765
0.9565 0.192664
0.95675 0.191564
0.957 0.190463
0.95725 0.189363
0.9575 0.188262
0.95775 0.187161
0.958 0.18606
0.95825 0.184959
0.9585 0.183858
0.95875 0.182756
0.959 0.181655
0.95925 0.180553
0.9595 0.179452
0.95975 0.17835
0.96 0.177248
0.96025 0.176146
0.9605 0.175044
0.96075 0.173942
0.961 0.172839
0.96125 0.171737
0.9615 0.170634
0.96175 0.169532
0.962 0.168429
0.96225 0.167326
0.9625 0.166223
0.96275 0.16512
0.963 0.164017
0.96325 0.162913
0.9635 0.16181
0.96375 0.160707
0.964 0.159603
0.96425 0.158499
0.9645 0.157396
0.96475 0.156292
0.965 0.155188
0.96525 0.154084
0.9655 0.15298
0.96575 0.151875
0.966 0.150771
0.96625 0.149667
0.9665 0.148562
0.96675 0.147457
0.967 0.146353
0.96725 0.145248
0.9675 0.144143
0.96775 0.143038
0.968 0.141933
0.96825 0.140828
0.9685 0.139722
0.96875 0.138617
0.969 0.137512
0.96925 0.136406
0.9695 0.135301
0.96975 0.134195
0.97 0.133089
0.97025 0.131983
0.9705 0.130878
0.97075 0.129772
0.971 0.128665
0.97125 0.127559
0.9715 0.126453
0.97175 0.125347
0.972 0.12424
0.97225 0.123134
0.9725 0.122027
0.97275 0.120921
0.973 0.119814
0.97325 0.118707
0.9735 0.1176
0.97375 0.116494
0.974 0.115387
0.97425 0.114279
0.9745 0.113172
0.97475 0.112065
0.975 0.110958
0.97525 0.109851
0.9755 0.108743
0.97575 0.107636
0.976 0.106528
0.97625 0.105421
0.9765 0.104313
0.97675 0.103205
0.977 0.102097
0.97725 0.10099
0.9775 0.0998816
0.97775 0.0987737
0.978 0.0976656
0.97825 0.0965575
0.9785 0.0954494
0.97875 0.0943412
0.979 0.0932329
0.97925 0.0921245
0.9795 0.0910162
0.97975 0.0899077
0.98 0.0887992
0.98025 0.0876906
0.9805 0.086582
0.98075 0.0854734
0.981 0.0843647
0.98125 0.0832559
0.9815 0.0821471
0.98175 0.0810382
0.982 0.0799293
0.98225 0.0788203
0.9825 0.0777113
0.98275 0.0766022
0.983 0.0754931
0.98325 0.0743839
0.9835 0.0732747
0.98375 0.0721655
0.984 0.0710562
0.98425 0.0699469
0.9845 0.0688375
0.98475 0.067728
0.985 0.0666186
0.98525 0.0655091
0.9855 0.0643995
0.98575 0.0632899
0.986 0.0621803
0.98625 0.0610706
0.9865 0.0599609
0.98675 0.0588512
0.987 0.0577414
0.98725 0.0566316
0.9875 0.0555218
0.98775 0.0544119
0.988 0.053302
0.98825 0.052192
0.9885 0.051082
0.98875 0.049972
0.989 0.048862
0.98925 0.0477519
0.9895 0.0466418
0.98975 0.0455317
0.99 0.0444215
0.99025 0.0433113
0.9905 0.0422011
0.99075 0.0410909
0.991 0.0399806
0.99125 0.0388703
0.9915 0.03776
0.99175 0.0366497
0.992 0.0355393
0.99225 0.0344289
0.9925 0.0333185
0.99275 0.0322081
0.993 0.0310977
0.99325 0.0299872
0.9935 0.0288767
0.99375 0.0277662
0.994 0.0266557
0.99425 0.0255452
0.9945 0.0244346
0.99475 0.0233241
0.995 0.0222135
0.99525 0.0211029
0.9955 0.0199923
0.99575 0.0188817
0.996 0.0177711
0.99625 0.0166604
0.9965 0.0155498
0.99675 0.0144391
0.997 0.0133285
0.99725 0.0122178
0.9975 0.0111071
0.99775 0.0099964
0.998 0.00888571
0.99825 0.00777501
0.9985 0.0066643
0.99875 0.00555359
0.999 0.00444288
0.99925 0.00333216
0.9995 0.00222144
0.99975 0.00111072
1 1.73191e-16
