x u
0 0
0.0025 0.00249375
0.005 0.004975
0.0075 0.00744375
0.01 0.0099
0.0125 0.0123438
0.015 0.014775
0.0175 0.0171938
0.02 0.0196
0.0225 0.0219937
0.025 0.024375
0.0275 0.0267438
0.03 0.0291
0.0325 0.0314437
0.035 0.033775
0.0375 0.0360938
0.04 0.0384
0.0425 0.0406938
0.045 0.042975
0.0475 0.0452437
0.05 0.0475
0.0525 0.0497437
0.055 0.051975
0.0575 0.0541938
0.06 0.0564
0.0625 0.0585938
0.065 0.060775
0.0675 0.0629438
0.07 0.0651
0.0725 0.0672437
0.075 0.069375
0.0775 0.0714937
0.08 0.0736
0.0825 0.0756938
0.085 0.077775
0.0875 0.0798438
0.09 0.0819
0.0925 0.0839437
0.095 0.085975
0.0975 0.0879937
0.1 0.09
0.1025 0.0919937
0.105 0.093975
0.1075 0.0959437
0.11 0.0979
0.1125 0.0998437
0.115 0.101775
0.1175 0.103694
0.12 0.1056
0.1225 0.107494
0.125 0.109375
0.1275 0.111244
0.13 0.1131
0.1325 0.114944
0.135 0.116775
0.1375 0.118594
0.14 0.1204
0.1425 0.122194
0.145 0.123975
0.1475 0.125744
0.15 0.1275
0.1525 0.129244
0.155 0.130975
0.1575 0.132694
0.16 0.1344
0.1625 0.136094
0.165 0.137775
0.1675 0.139444
0.17 0.1411
0.1725 0.142744
0.175 0.144375
0.1775 0.145994
0.18 0.1476
0.1825 0.149194
0.185 0.150775
0.1875 0.152344
0.19 0.1539
0.1925 0.155444
0.195 0.156975
0.1975 0.158494
0.2 0.16
0.2025 0.161494
0.205 0.162975
0.2075 0.164444
0.21 0.1659
0.2125 0.167344
0.215 0.168775
0.2175 0.170194
0.22 0.1716
0.2225 0.172994
0.225 0.174375
0.2275 0.175744
0.23 0.1771
0.2325 0.178444
0.235 0.179775
0.2375 0.181094
0.24 0.1824
0.2425 0.183694
0.245 0.184975
0.2475 0.186244
0.25 0.1875
0.2525 0.188744
0.255 0.189975
0.2575 0.191194
0.26 0.1924
0.2625 0.193594
0.265 0.194775
0.2675 0.195944
0.27 0.1971
0.2725 0.198244
0.275 0.199375
0.2775 0.200494
0.28 0.2016
0.2825 0.202694
0.285 0.203775
0.2875 0.204844
0.29 0.2059
0.2925 0.206944
0.295 0.207975
0.2975 0.208994
0.3 0.21
0.3025 0.210994
0.305 0.211975
0.3075 0.212944
0.31 0.2139
0.3125 0.214844
0.315 0.215775
0.3175 0.216694
0.32 0.2176
0.3225 0.218494
0.325 0.219375
0.3275 0.220244
0.33 0.2211
0.3325 0.221944
0.335 0.222775
0.3375 0.223594
0.34 0.2244
0.3425 0.225194
0.345 0.225975
0.3475 0.226744
0.35 0.2275
0.3525 0.228244
0.355 0.228975
0.3575 0.229694
0.36 0.2304
0.3625 0.231094
0.365 0.231775
0.3675 0.232444
0.37 0.2331
0.3725 0.233744
0.375 0.234375
0.3775 0.234994
0.38 0.2356
0.3825 0.236194
0.385 0.236775
0.3875 0.237344
0.39 0.2379
0.3925 0.238444
0.395 0.238975
0.3975 0.239494
0.4 0.24
0.4025 0.240494
0.405 0.240975
0.4075 0.241444
0.41 0.2419
0.4125 0.242344
0.415 0.242775
0.4175 0.243194
0.42 0.2436
0.4225 0.243994
0.425 0.244375
0.4275 0.244744
0.43 0.2451
0.4325 0.245444
0.435 0.245775
0.4375 0.246094
0.44 0.2464
0.4425 0.246694
0.445 0.246975
0.4475 0.247244
0.45 0.2475
0.4525 0.247744
0.455 0.247975
0.4575 0.248194
0.46 0.2484
0.4625 0.248594
0.465 0.248775
0.4675 0.248944
0.47 0.2491
0.4725 0.249244
0.475 0.249375
0.4775 0.249494
0.48 0.2496
0.4825 0.249694
0.485 0.249775
0.4875 0.249844
0.49 0.2499
0.4925 0.249944
0.495 0.249975
0.4975 0.249994
0.5 0.25
0.5025 0.249994
0.505 0.249975
0.5075 0.249944
0.51 0.2499
0.5125 0.249844
0.515 0.249775
0.5175 0.249694
0.52 0.2496
0.5225 0.249494
0.525 0.249375
0.5275 0.249244
0.53 0.2491
0.5325 0.248944
0.535 0.248775
0.5375 0.248594
0.54 0.2484
0.5425 0.248194
0.545 0.247975
0.5475 0.247744
0.55 0.2475
0.5525 0.247244
0.555 0.246975
0.5575 0.246694
0.56 0.2464
0.5625 0.246094
0.565 0.245775
0.5675 0.245444
0.57 0.2451
0.5725 0.244744
0.575 0.244375
0.5775 0.243994
0.58 0.2436
0.5825 0.243194
0.585 0.242775
0.5875 0.242344
0.59 0.2419
0.5925 0.241444
0.595 0.240975
0.5975 0.240494
0.6 0.24
0.6025 0.239494
0.605 0.238975
0.6075 0.238444
0.61 0.2379
0.6125 0.237344
0.615 0.236775
0.6175 0.236194
0.62 0.2356
0.6225 0.234994
0.625 0.234375
0.6275 0.233744
0.63 0.2331
0.6325 0.232444
0.635 0.231775
0.6375 0.231094
0.64 0.2304
0.6425 0.229694
0.645 0.228975
0.6475 0.228244
0.65 0.2275
0.6525 0.226744
0.655 0.225975
0.6575 0.225194
0.66 0.2244
0.6625 0.223594
0.665 0.222775
0.6675 0.221944
0.67 0.2211
0.6725 0.220244
0.675 0.219375
0.6775 0.218494
0.68 0.2176
0.6825 0.216694
0.685 0.215775
0.6875 0.214844
0.69 0.2139
0.6925 0.212944
0.695 0.211975
0.6975 0.210994
0.7 0.21
0.7025 0.208994
0.705 0.207975
0.7075 0.206944
0.71 0.2059
0.7125 0.204844
0.715 0.203775
0.7175 0.202694
0.72 0.2016
0.7225 0.200494
0.725 0.199375
0.7275 0.198244
0.73 0.1971
0.7325 0.195944
0.735 0.194775
0.7375 0.193594
0.74 0.1924
0.7425 0.191194
0.745 0.189975
0.7475 0.188744
0.75 0.1875
0.7525 0.186244
0.755 0.184975
0.7575 0.183694
0.76 0.1824
0.7625 0.181094
0.765 0.179775
0.7675 0.178444
0.77 0.1771
0.7725 0.175744
0.775 0.174375
0.7775 0.172994
0.78 0.1716
0.7825 0.170194
0.785 0.168775
0.7875 0.167344
0.79 0.1659
0.7925 0.164444
0.795 0.162975
0.7975 0.161494
0.8 0.16
0.8025 0.158494
0.805 0.156975
0.8075 0.155444
0.81 0.1539
0.8125 0.152344
0.815 0.150775
0.8175 0.149194
0.82 0.1476
0.8225 0.145994
0.825 0.144375
0.8275 0.142744
0.83 0.1411
0.8325 0.139444
0.835 0.137775
0.8375 0.136094
0.84 0.1344
0.8425 0.132694
0.845 0.130975
0.8475 0.129244
0.85 0.1275
0.8525 0.125744
0.855 0.123975
0.8575 0.122194
0.86 0.1204
0.8625 0.118594
0.865 0.116775
0.8675 0.114944
0.87 0.1131
0.8725 0.111244
0.875 0.109375
0.8775 0.107494
0.88 0.1056
0.8825 0.103694
0.885 0.101775
0.8875 0.0998437
0.89 0.0979
0.8925 0.0959437
0.895 0.093975
0.8975 0.0919938
0.9 0.09
0.9025 0.0879938
0.905 0.085975
0.9075 0.0839438
0.91 0.0819
0.9125 0.0798438
0.915 0.077775
0.9175 0.0756938
0.92 0.0736
0.9225 0.0714938
0.925 0.069375
0.9275 0.0672438
0.93 0.0651
0.9325 0.0629438
0.935 0.060775
0.9375 0.0585938
0.94 0.0564
0.9425 0.0541937
0.945 0.051975
0.9475 0.0497437
0.95 0.0475
0.9525 0.0452437
0.955 0.042975
0.9575 0.0406937
0.96 0.0384
0.9625 0.0360937
0.965 0.033775
0.9675 0.0314437
0.97 0.0291
0.9725 0.0267437
0.975 0.024375
0.9775 0.0219937
0.98 0.0196
0.9825 0.0171937
0.985 0.014775
0.9875 0.0123437
0.99 0.0099
0.9925 0.00744375
0.995 0.004975
0.9975 0.00249375
1 0
