x sine corner one
0 0 0 1
0.01 0.0314108 0.005 1
0.02 0.0627905 0.01 1
0.03 0.0941083 0.015 1
0.04 0.125333 0.02 1
0.05 0.156434 0.025 1
0.06 0.187381 0.03 1
0.07 0.218143 0.035 1
0.08 0.24869 0.04 1
0.09 0.278991 0.045 1
0.1 0.309017 0.05 1
0.11 0.338738 0.055 1
0.12 0.368125 0.06 1
0.13 0.397148 0.065 1
0.14 0.425779 0.07 1
0.15 0.45399 0.075 1
0.16 0.481754 0.08 1
0.17 0.509041 0.085 1
0.18 0.535827 0.09 1
0.19 0.562083 0.095 1
0.2 0.587785 0.1 1
0.21 0.612907 0.105 1
0.22 0.637424 0.11 1
0.23 0.661312 0.115 1
0.24 0.684547 0.12 1
0.25 0.707107 0.125 1
0.26 0.728969 0.13 1
0.27 0.750111 0.135 1
0.28 0.770513 0.14 1
0.29 0.790155 0.145 1
0.3 0.809017 0.15 1
0.31 0.827081 0.155 1
0.32 0.844328 0.16 1
0.33 0.860742 0.165 1
0.34 0.876307 0.17 1
0.35 0.891007 0.175 1
0.36 0.904827 0.18 1
0.37 0.917755 0.185 1
0.38 0.929776 0.19 1
0.39 0.940881 0.195 1
0.4 0.951057 0.2 1
0.41 0.960294 0.205 1
0.42 0.968583 0.21 1
0.43 0.975917 0.215 1
0.44 0.982287 0.22 1
0.45 0.987688 0.225 1
0.46 0.992115 0.23 1
0.47 0.995562 0.235 1
0.48 0.998027 0.24 1
0.49 0.999507 0.245 1
0.5 1 0.25 1
0.51 0.999507 0.245 1
0.52 0.998027 0.24 1
0.53 0.995562 0.235 1
0.54 0.992115 0.23 1
0.55 0.987688 0.225 1
0.56 0.982287 0.22 1
0.57 0.975917 0.215 1
0.58 0.968583 0.21 1
0.59 0.960294 0.205 1
0.6 0.951057 0.2 1
0.61 0.940881 0.195 1
0.62 0.929776 0.19 1
0.63 0.917755 0.185 1
0.64 0.904827 0.18 1
0.65 0.891007 0.175 1
0.66 0.876307 0.17 1
0.67 0.860742 0.165 1
0.68 0.844328 0.16 1
0.69 0.827081 0.155 1
0.7 0.809017 0.15 1
0.71 0.790155 0.145 1
0.72 0.770513 0.14 1
0.73 0.750111 0.135 1
0.74 0.728969 0.13 1
0.75 0.707107 0.125 1
0.76 0.684547 0.12 1
0.77 0.661312 0.115 1
0.78 0.637424 0.11 1
0.79 0.612907 0.105 1
0.8 0.587785 0.1 1
0.81 0.562083 0.095 1
0.82 0.535827 0.09 1
0.83 0.509041 0.085 1
0.84 0.481754 0.08 1
0.85 0.45399 0.075 1
0.86 0.425779 0.07 1
0.87 0.397148 0.065 1
0.88 0.368125 0.06 1
0.89 0.338738 0.055 1
0.9 0.309017 0.05 1
0.91 0.278991 0.045 1
0.92 0.24869 0.04 1
0.93 0.218143 0.035 1
0.94 0.187381 0.03 1
0.95 0.156434 0.025 1
0.96 0.125333 0.02 1
0.97 0.0941083 0.015 1
0.98 0.0627905 0.01 1
0.99 0.0314108 0.005 1
1 1.22465e-16 0 1
