c1 err2
0.15 0.00583583
0.152 0.00562181
0.154 0.00541178
0.156 0.00520576
0.158 0.00500374
0.16 0.00480571
0.162 0.00461169
0.164 0.00442166
0.166 0.00423564
0.168 0.00405361
0.17 0.00387559
0.172 0.00370156
0.174 0.00353154
0.176 0.00336551
0.178 0.00320349
0.18 0.00304547
0.182 0.00289144
0.184 0.00274142
0.186 0.00259539
0.188 0.00245337
0.19 0.00231534
0.192 0.00218132
0.194 0.00205129
0.196 0.00192527
0.198 0.00180324
0.2 0.00168522
0.202 0.0015712
0.204 0.00146117
0.206 0.00135515
0.208 0.00125312
0.21 0.0011551
0.212 0.00106107
0.214 0.000971048
0.216 0.000885023
0.218 0.000802999
0.22 0.000724974
0.222 0.00065095
0.224 0.000580925
0.226 0.0005149
0.228 0.000452876
0.23 0.000394851
0.232 0.000340827
0.234 0.000290802
0.236 0.000244778
0.238 0.000202753
0.24 0.000164729
0.242 0.000130704
0.244 0.000100679
0.246 7.46549e-05
0.248 5.26304e-05
0.25 3.46058e-05
0.252 2.05813e-05
0.254 1.05567e-05
0.256 4.53215e-06
0.258 2.5076e-06
0.26 4.48305e-06
0.262 1.04585e-05
0.264 2.04339e-05
0.266 3.44094e-05
0.268 5.23848e-05
0.27 7.43603e-05
0.272 0.000100336
0.274 0.000130311
0.276 0.000164287
0.278 0.000202262
0.28 0.000244238
0.282 0.000290213
0.284 0.000340188
0.286 0.000394164
0.288 0.000452139
0.29 0.000514115
0.292 0.00058009
0.294 0.000650066
0.296 0.000724041
0.298 0.000802017
0.3 0.000883992
0.302 0.000969967
0.304 0.00105994
0.306 0.00115392
0.308 0.00125189
0.31 0.00135387
0.312 0.00145984
0.314 0.00156982
0.316 0.0016838
0.318 0.00180177
0.32 0.00192375
0.322 0.00204972
0.324 0.0021797
0.326 0.00231367
0.328 0.00245165
0.33 0.00259362
0.332 0.0027396
0.334 0.00288957
0.336 0.00304355
0.338 0.00320153
0.34 0.0033635
0.342 0.00352948
0.344 0.00369945
0.346 0.00387343
0.348 0.0040514
0.35 0.00423338
0.352 0.00441935
0.354 0.00460933
0.356 0.0048033
0.358 0.00500128
0.36 0.00520326
0.362 0.00540923
0.364 0.00561921
0.366 0.00583318
0.368 0.00605116
0.37 0.00627313
