x r dr
0 0 0
0.00025 0 0
0.0005 0 0
0.00075 0 0
0.001 0 0
0.00125 0 0
0.0015 0 0
0.00175 0 0
0.002 0 0
0.00225 0 0
0.0025 0 0
0.00275 0 0
0.003 0 0
0.00325 0 0
0.0035 0 0
0.00375 0 0
0.004 0 0
0.00425 0 0
0.0045 0 0
0.00475 0 0
0.005 0 0
0.00525 0 0
0.0055 0 0
0.00575 0 0
0.006 0 0
0.00625 0 0
0.0065 0 0
0.00675 0 0
0.007 0 0
0.00725 0 0
0.0075 0 0
0.00775 0 0
0.008 0 0
0.00825 0 0
0.0085 0 0
0.00875 0 0
0.009 0 0
0.00925 0 0
0.0095 0 0
0.00975 0 0
0.01 0 0
0.01025 0 0
0.0105 0 0
0.01075 0 0
0.011 0 0
0.01125 0 0
0.0115 0 0
0.01175 0 0
0.012 0 0
0.01225 0 0
0.0125 0 0
0.01275 0 0
0.013 0 0
0.01325 0 0
0.0135 0 0
0.01375 0 0
0.014 0 0
0.01425 0 0
0.0145 0 0
0.01475 0 0
0.015 0 0
0.01525 0 0
0.0155 0 0
0.01575 0 0
0.016 0 0
0.01625 0 0
0.0165 0 0
0.01675 0 0
0.017 0 0
0.01725 0 0
0.0175 0 0
0.01775 0 0
0.018 0 0
0.01825 0 0
0.0185 0 0
0.01875 0 0
0.019 0 0
0.01925 0 0
0.0195 0 0
0.01975 0 0
0.02 0 0
0.02025 0 0
0.0205 0 0
0.02075 0 0
0.021 0 0
0.02125 0 0
0.0215 0 0
0.02175 0 0
0.022 0 0
0.02225 0 0
0.0225 0 0
0.02275 0 0
0.023 0 0
0.02325 0 0
0.0235 0 0
0.02375 0 0
0.024 0 0
0.02425 0 0
0.0245 0 0
0.02475 0 0
0.025 0 0
0.02525 0 0
0.0255 0 0
0.02575 0 0
0.026 0 0
0.02625 0 0
0.0265 0 0
0.02675 0 0
0.027 0 0
0.02725 0 0
0.0275 0 0
0.02775 0 0
0.028 0 0
0.02825 0 0
0.0285 0 0
0.02875 0 0
0.029 0 0
0.02925 0 0
0.0295 0 0
0.02975 0 0
0.03 0 0
0.03025 0 0
0.0305 0 0
0.03075 0 0
0.031 0 0
0.03125 0 0
0.0315 0 0
0.03175 0 0
0.032 0 0
0.03225 0 0
0.0325 0 0
0.03275 0 0
0.033 0 0
0.03325 0 0
0.0335 0 0
0.03375 0 0
0.034 0 0
0.03425 0 0
0.0345 0 0
0.03475 0 0
0.035 0 0
0.03525 0 0
0.0355 0 0
0.03575 0 0
0.036 0 0
0.03625 0 0
0.0365 0 0
0.03675 0 0
0.037 0 0
0.03725 0 0
0.0375 0 0
0.03775 0 0
0.038 0 0
0.03825 0 0
0.0385 0 0
0.03875 0 0
0.039 0 0
0.03925 0 0
0.0395 0 0
0.03975 0 0
0.04 0 0
0.04025 0 0
0.0405 0 0
0.04075 0 0
0.041 0 0
0.04125 0 0
0.0415 0 0
0.04175 0 0
0.042 0 0
0.04225 0 0
0.0425 0 0
0.04275 0 0
0.043 0 0
0.04325 0 0
0.0435 0 0
0.04375 0 0
0.044 0 0
0.04425 0 0
0.0445 0 0
0.04475 0 0
0.045 0 0
0.04525 0 0
0.0455 0 0
0.04575 0 0
0.046 0 0
0.04625 0 0
0.0465 0 0
0.04675 0 0
0.047 0 0
0.04725 0 0
0.0475 0 0
0.04775 0 0
0.048 0 0
0.04825 0 0
0.0485 0 0
0.04875 0 0
0.049 0 0
0.04925 0 0
0.0495 0 0
0.04975 0 0
0.05 0 0
0.05025 0 0
0.0505 0 0
0.05075 0 0
0.051 0 0
0.05125 0 0
0.0515 0 0
0.05175 0 0
0.052 0 0
0.05225 0 0
0.0525 0 0
0.05275 0 0
0.053 0 0
0.05325 0 0
0.0535 0 0
0.05375 0 0
0.054 0 0
0.05425 0 0
0.0545 0 0
0.05475 0 0
0.055 0 0
0.05525 0 0
0.0555 0 0
0.05575 0 0
0.056 0 0
0.05625 0 0
0.0565 0 0
0.05675 0 0
0.057 0 0
0.05725 0 0
0.0575 0 0
0.05775 0 0
0.058 0 0
0.05825 0 0
0.0585 0 0
0.05875 0 0
0.059 0 0
0.05925 0 0
0.0595 0 0
0.05975 0 0
0.06 0 0
0.06025 0 0
0.0605 0 0
0.06075 0 0
0.061 0 0
0.06125 0 0
0.0615 0 0
0.06175 0 0
0.062 0 0
0.06225 0 0
0.0625 0 0
0.06275 0 0
0.063 0 0
0.06325 0 0
0.0635 0 0
0.06375 0 0
0.064 0 0
0.06425 0 0
0.0645 0 0
0.06475 0 0
0.065 0 0
0.06525 0 0
0.0655 0 0
0.06575 0 0
0.066 0 0
0.06625 0 0
0.0665 0 0
0.06675 0 0
0.067 0 0
0.06725 0 0
0.0675 0 0
0.06775 0 0
0.068 0 0
0.06825 0 0
0.0685 0 0
0.06875 0 0
0.069 0 0
0.06925 0 0
0.0695 0 0
0.06975 0 0
0.07 0 0
0.07025 0 0
0.0705 0 0
0.07075 0 0
0.071 0 0
0.07125 0 0
0.0715 0 0
0.07175 0 0
0.072 0 0
0.07225 0 0
0.0725 0 0
0.07275 0 0
0.073 0 0
0.07325 0 0
0.0735 0 0
0.07375 0 0
0.074 0 0
0.07425 0 0
0.0745 0 0
0.07475 0 0
0.075 0 0
0.07525 0 0
0.0755 0 0
0.07575 0 0
0.076 0 0
0.07625 0 0
0.0765 0 0
0.07675 0 0
0.077 0 0
0.07725 0 0
0.0775 0 0
0.07775 0 0
0.078 0 0
0.07825 0 0
0.0785 0 0
0.07875 0 0
0.079 0 0
0.07925 0 0
0.0795 0 0
0.07975 0 0
0.08 0 0
0.08025 0 0
0.0805 0 0
0.08075 0 0
0.081 0 0
0.08125 0 0
0.0815 0 0
0.08175 0 0
0.082 0 0
0.08225 0 0
0.0825 0 0
0.08275 0 0
0.083 0 0
0.08325 0 0
0.0835 0 0
0.08375 0 0
0.084 0 0
0.08425 0 0
0.0845 0 0
0.08475 0 0
0.085 0 0
0.08525 0 0
0.0855 0 0
0.08575 0 0
0.086 0 0
0.08625 0 0
0.0865 0 0
0.08675 0 0
0.087 0 0
0.08725 0 0
0.0875 0 0
0.08775 0 0
0.088 0 0
0.08825 0 0
0.0885 0 0
0.08875 0 0
0.089 0 0
0.08925 0 0
0.0895 0 0
0.08975 0 0
0.09 0 0
0.09025 0 0
0.0905 0 0
0.09075 0 0
0.091 0 0
0.09125 0 0
0.0915 0 0
0.09175 0 0
0.092 0 0
0.09225 0 0
0.0925 0 0
0.09275 0 0
0.093 0 0
0.09325 0 0
0.0935 0 0
0.09375 0 0
0.094 0 0
0.09425 0 0
0.0945 0 0
0.09475 0 0
0.095 0 0
0.09525 0 0
0.0955 0 0
0.09575 0 0
0.096 0 0
0.09625 0 0
0.0965 0 0
0.09675 0 0
0.097 0 0
0.09725 0 0
0.0975 0 0
0.09775 0 0
0.098 0 0
0.09825 0 0
0.0985 0 0
0.09875 0 0
0.099 0 0
0.09925 0 0
0.0995 0 0
0.09975 0 0
0.1 0 0
0.10025 0 0
0.1005 0 0
0.10075 0 0
0.101 0 0
0.10125 0 0
0.1015 0 0
0.10175 0 0
0.102 0 0
0.10225 0 0
0.1025 0 0
0.10275 0 0
0.103 0 0
0.10325 0 0
0.1035 0 0
0.10375 0 0
0.104 0 0
0.10425 0 0
0.1045 0 0
0.10475 0 0
0.105 0 0
0.10525 0 0
0.1055 0 0
0.10575 0 0
0.106 0 0
0.10625 0 0
0.1065 0 0
0.10675 0 0
0.107 0 0
0.10725 0 0
0.1075 0 0
0.10775 0 0
0.108 0 0
0.10825 0 0
0.1085 0 0
0.10875 0 0
0.109 0 0
0.10925 0 0
0.1095 0 0
0.10975 0 0
0.11 0 0
0.11025 0 0
0.1105 0 0
0.11075 0 0
0.111 0 0
0.11125 0 0
0.1115 0 0
0.11175 0 0
0.112 0 0
0.11225 0 0
0.1125 0 0
0.11275 0 0
0.113 0 0
0.11325 0 0
0.1135 0 0
0.11375 0 0
0.114 0 0
0.11425 0 0
0.1145 0 0
0.11475 0 0
0.115 0 0
0.11525 0 0
0.1155 0 0
0.11575 0 0
0.116 0 0
0.11625 0 0
0.1165 0 0
0.11675 0 0
0.117 0 0
0.11725 0 0
0.1175 0 0
0.11775 0 0
0.118 0 0
0.11825 0 0
0.1185 0 0
0.11875 0 0
0.119 0 0
0.11925 0 0
0.1195 0 0
0.11975 0 0
0.12 0 0
0.12025 0 0
0.1205 0 0
0.12075 0 0
0.121 0 0
0.12125 0 0
0.1215 0 0
0.12175 0 0
0.122 0 0
0.12225 0 0
0.1225 0 0
0.12275 0 0
0.123 0 0
0.12325 0 0
0.1235 0 0
0.12375 0 0
0.124 0 0
0.12425 0 0
0.1245 0 0
0.12475 0 0
0.125 0 0
0.12525 0 0
0.1255 0 0
0.12575 0 0
0.126 0 0
0.12625 0 0
0.1265 0 0
0.12675 0 0
0.127 0 0
0.12725 0 0
0.1275 0 0
0.12775 0 0
0.128 0 0
0.12825 0 0
0.1285 0 0
0.12875 0 0
0.129 0 0
0.12925 0 0
0.1295 0 0
0.12975 0 0
0.13 0 0
0.13025 0 0
0.1305 0 0
0.13075 0 0
0.131 0 0
0.13125 0 0
0.1315 0 0
0.13175 0 0
0.132 0 0
0.13225 0 0
0.1325 0 0
0.13275 0 0
0.133 0 0
0.13325 0 0
0.1335 0 0
0.13375 0 0
0.134 0 0
0.13425 0 0
0.1345 0 0
0.13475 0 0
0.135 0 0
0.13525 0 0
0.1355 0 0
0.13575 0 0
0.136 0 0
0.13625 0 0
0.1365 0 0
0.13675 0 0
0.137 0 0
0.13725 0 0
0.1375 0 0
0.13775 0 0
0.138 0 0
0.13825 0 0
0.1385 0 0
0.13875 0 0
0.139 0 0
0.13925 0 0
0.1395 0 0
0.13975 0 0
0.14 0 0
0.14025 0 0
0.1405 0 0
0.14075 0 0
0.141 0 0
0.14125 0 0
0.1415 0 0
0.14175 0 0
0.142 0 0
0.14225 0 0
0.1425 0 0
0.14275 0 0
0.143 0 0
0.14325 0 0
0.1435 0 0
0.14375 0 0
0.144 0 0
0.14425 0 0
0.1445 0 0
0.14475 0 0
0.145 0 0
0.14525 0 0
0.1455 0 0
0.14575 0 0
0.146 0 0
0.14625 0 0
0.1465 0 0
0.14675 0 0
0.147 0 0
0.14725 0 0
0.1475 0 0
0.14775 0 0
0.148 0 0
0.14825 0 0
0.1485 0 0
0.14875 0 0
0.149 0 0
0.14925 0 0
0.1495 0 0
0.14975 0 0
0.15 0 0
0.15025 0 0
0.1505 0 0
0.15075 0 0
0.151 0 0
0.15125 0 0
0.1515 0 0
0.15175 0 0
0.152 0 0
0.15225 0 0
0.1525 0 0
0.15275 0 0
0.153 0 0
0.15325 0 0
0.1535 0 0
0.15375 0 0
0.154 0 0
0.15425 0 0
0.1545 0 0
0.15475 0 0
0.155 0 0
0.15525 0 0
0.1555 0 0
0.15575 0 0
0.156 0 0
0.15625 0 0
0.1565 0 0
0.15675 0 0
0.157 0 0
0.15725 0 0
0.1575 0 0
0.15775 0 0
0.158 0 0
0.15825 0 0
0.1585 0 0
0.15875 0 0
0.159 0 0
0.15925 0 0
0.1595 0 0
0.15975 0 0
0.16 0 0
0.16025 0 0
0.1605 0 0
0.16075 0 0
0.161 0 0
0.16125 0 0
0.1615 0 0
0.16175 0 0
0.162 0 0
0.16225 0 0
0.1625 0 0
0.16275 0 0
0.163 0 0
0.16325 0 0
0.1635 0 0
0.16375 0 0
0.164 0 0
0.16425 0 0
0.1645 0 0
0.16475 0 0
0.165 0 0
0.16525 0 0
0.1655 0 0
0.16575 0 0
0.166 0 0
0.16625 0 0
0.1665 0 0
0.16675 0 0
0.167 0 0
0.16725 0 0
0.1675 0 0
0.16775 0 0
0.168 0 0
0.16825 0 0
0.1685 0 0
0.16875 0 0
0.169 0 0
0.16925 0 0
0.1695 0 0
0.16975 0 0
0.17 0 0
0.17025 0 0
0.1705 0 0
0.17075 0 0
0.171 0 0
0.17125 0 0
0.1715 0 0
0.17175 0 0
0.172 0 0
0.17225 0 0
0.1725 0 0
0.17275 0 0
0.173 0 0
0.17325 0 0
0.1735 0 0
0.17375 0 0
0.174 0 0
0.17425 0 0
0.1745 0 0
0.17475 0 0
0.175 0 0
0.17525 0 0
0.1755 0 0
0.17575 0 0
0.176 0 0
0.17625 0 0
0.1765 0 0
0.17675 0 0
0.177 0 0
0.17725 0 0
0.1775 0 0
0.17775 0 0
0.178 0 0
0.17825 0 0
0.1785 0 0
0.17875 0 0
0.179 0 0
0.17925 0 0
0.1795 0 0
0.17975 0 0
0.18 0 0
0.18025 0 0
0.1805 0 0
0.18075 0 0
0.181 0 0
0.18125 0 0
0.1815 0 0
0.18175 0 0
0.182 0 0
0.18225 0 0
0.1825 0 0
0.18275 0 0
0.183 0 0
0.18325 0 0
0.1835 0 0
0.18375 0 0
0.184 0 0
0.18425 0 0
0.1845 0 0
0.18475 0 0
0.185 0 0
0.18525 0 0
0.1855 0 0
0.18575 0 0
0.186 0 0
0.18625 0 0
0.1865 0 0
0.18675 0 0
0.187 0 0
0.18725 0 0
0.1875 0 0
0.18775 0 0
0.188 0 0
0.18825 0 0
0.1885 0 0
0.18875 0 0
0.189 0 0
0.18925 0 0
0.1895 0 0
0.18975 0 0
0.19 0 0
0.19025 0 0
0.1905 0 0
0.19075 0 0
0.191 0 0
0.19125 0 0
0.1915 0 0
0.19175 0 0
0.192 0 0
0.19225 0 0
0.1925 0 0
0.19275 0 0
0.193 0 0
0.19325 0 0
0.1935 0 0
0.19375 0 0
0.194 0 0
0.19425 0 0
0.1945 0 0
0.19475 0 0
0.195 0 0
0.19525 0 0
0.1955 0 0
0.19575 0 0
0.196 0 0
0.19625 0 0
0.1965 0 0
0.19675 0 0
0.197 0 0
0.19725 0 0
0.1975 0 0
0.19775 0 0
0.198 0 0
0.19825 0 0
0.1985 0 0
0.19875 0 0
0.199 0 0
0.19925 0 0
0.1995 0 0
0.19975 0 0
0.2 0 0
0.20025 0 0
0.2005 0 0
0.20075 0 0
0.201 0 0
0.20125 0 0
0.2015 0 0
0.20175 0 0
0.202 0 0
0.20225 0 0
0.2025 0 0
0.20275 0 0
0.203 0 0
0.20325 0 0
0.2035 0 0
0.20375 0 0
0.204 0 0
0.20425 0 0
0.2045 0 0
0.20475 0 0
0.205 0 0
0.20525 0 0
0.2055 0 0
0.20575 0 0
0.206 0 0
0.20625 0 0
0.2065 0 0
0.20675 0 0
0.207 0 0
0.20725 0 0
0.2075 0 0
0.20775 0 0
0.208 0 0
0.20825 0 0
0.2085 0 0
0.20875 0 0
0.209 0 0
0.20925 0 0
0.2095 0 0
0.20975 0 0
0.21 0 0
0.21025 0 0
0.2105 0 0
0.21075 0 0
0.211 0 0
0.21125 0 0
0.2115 0 0
0.21175 0 0
0.212 0 0
0.21225 0 0
0.2125 0 0
0.21275 0 0
0.213 0 0
0.21325 0 0
0.2135 0 0
0.21375 0 0
0.214 0 0
0.21425 0 0
0.2145 0 0
0.21475 0 0
0.215 0 0
0.21525 0 0
0.2155 0 0
0.21575 0 0
0.216 0 0
0.21625 0 0
0.2165 0 0
0.21675 0 0
0.217 0 0
0.21725 0 0
0.2175 0 0
0.21775 0 0
0.218 0 0
0.21825 0 0
0.2185 0 0
0.21875 0 0
0.219 0 0
0.21925 0 0
0.2195 0 0
0.21975 0 0
0.22 0 0
0.22025 0 0
0.2205 0 0
0.22075 0 0
0.221 0 0
0.22125 0 0
0.2215 0 0
0.22175 0 0
0.222 0 0
0.22225 0 0
0.2225 0 0
0.22275 0 0
0.223 0 0
0.22325 0 0
0.2235 0 0
0.22375 0 0
0.224 0 0
0.22425 0 0
0.2245 0 0
0.22475 0 0
0.225 0 0
0.22525 0 0
0.2255 0 0
0.22575 0 0
0.226 0 0
0.22625 0 0
0.2265 0 0
0.22675 0 0
0.227 0 0
0.22725 0 0
0.2275 0 0
0.22775 0 0
0.228 0 0
0.22825 0 0
0.2285 0 0
0.22875 0 0
0.229 0 0
0.22925 0 0
0.2295 0 0
0.22975 0 0
0.23 0 0
0.23025 0 0
0.2305 0 0
0.23075 0 0
0.231 0 0
0.23125 0 0
0.2315 0 0
0.23175 0 0
0.232 0 0
0.23225 0 0
0.2325 0 0
0.23275 0 0
0.233 0 0
0.23325 0 0
0.2335 0 0
0.23375 0 0
0.234 0 0
0.23425 0 0
0.2345 0 0
0.23475 0 0
0.235 0 0
0.23525 0 0
0.2355 0 0
0.23575 0 0
0.236 0 0
0.23625 0 0
0.2365 0 0
0.23675 0 0
0.237 0 0
0.23725 0 0
0.2375 0 0
0.23775 0 0
0.238 0 0
0.23825 0 0
0.2385 0 0
0.23875 0 0
0.239 0 0
0.23925 0 0
0.2395 0 0
0.23975 0 0
0.24 0 0
0.24025 0 0
0.2405 0 0
0.24075 0 0
0.241 0 0
0.24125 0 0
0.2415 0 0
0.24175 0 0
0.242 0 0
0.24225 0 0
0.2425 0 0
0.24275 0 0
0.243 0 0
0.24325 0 0
0.2435 0 0
0.24375 0 0
0.244 0 0
0.24425 0 0
0.2445 0 0
0.24475 0 0
0.245 0 0
0.24525 0 0
0.2455 0 0
0.24575 0 0
0.246 0 0
0.24625 0 0
0.2465 0 0
0.24675 0 0
0.247 0 0
0.24725 0 0
0.2475 0 0
0.24775 0 0
0.248 0 0
0.24825 0 0
0.2485 0 0
0.24875 0 0
0.249 0 0
0.24925 0 0
0.2495 0 0
0.24975 0 0
0.25 0 0
0.25025 0 0
0.2505 0 0
0.25075 0 0
0.251 0 0
0.25125 0 0
0.2515 0 0
0.25175 0 0
0.252 0 0
0.25225 0 0
0.2525 0 0
0.25275 0 0
0.253 0 0
0.25325 0 0
0.2535 0 0
0.25375 0 0
0.254 0 0
0.25425 0 0
0.2545 0 0
0.25475 0 0
0.255 0 0
0.25525 0 0
0.2555 0 0
0.25575 0 0
0.256 0 0
0.25625 0 0
0.2565 0 0
0.25675 0 0
0.257 0 0
0.25725 0 0
0.2575 0 0
0.25775 0 0
0.258 0 0
0.25825 0 0
0.2585 0 0
0.25875 0 0
0.259 0 0
0.25925 0 0
0.2595 0 0
0.25975 0 0
0.26 0 0
0.26025 0 0
0.2605 0 0
0.26075 0 0
0.261 0 0
0.26125 0 0
0.2615 0 0
0.26175 0 0
0.262 0 0
0.26225 0 0
0.2625 0 0
0.26275 0 0
0.263 0 0
0.26325 0 0
0.2635 0 0
0.26375 0 0
0.264 0 0
0.26425 0 0
0.2645 0 0
0.26475 0 0
0.265 0 0
0.26525 0 0
0.2655 0 0
0.26575 0 0
0.266 0 0
0.26625 0 0
0.2665 0 0
0.26675 0 0
0.267 0 0
0.26725 0 0
0.2675 0 0
0.26775 0 0
0.268 0 0
0.26825 0 0
0.2685 0 0
0.26875 0 0
0.269 0 0
0.26925 0 0
0.2695 0 0
0.26975 0 0
0.27 0 0
0.27025 0 0
0.2705 0 0
0.27075 0 0
0.271 0 0
0.27125 0 0
0.2715 0 0
0.27175 0 0
0.272 0 0
0.27225 0 0
0.2725 0 0
0.27275 0 0
0.273 0 0
0.27325 0 0
0.2735 0 0
0.27375 0 0
0.274 0 0
0.27425 0 0
0.2745 0 0
0.27475 0 0
0.275 0 0
0.27525 0 0
0.2755 0 0
0.27575 0 0
0.276 0 0
0.27625 0 0
0.2765 0 0
0.27675 0 0
0.277 0 0
0.27725 0 0
0.2775 0 0
0.27775 0 0
0.278 0 0
0.27825 0 0
0.2785 0 0
0.27875 0 0
0.279 0 0
0.27925 0 0
0.2795 0 0
0.27975 0 0
0.28 0 0
0.28025 0 0
0.2805 0 0
0.28075 0 0
0.281 0 0
0.28125 0 0
0.2815 0 0
0.28175 0 0
0.282 0 0
0.28225 0 0
0.2825 0 0
0.28275 0 0
0.283 0 0
0.28325 0 0
0.2835 0 0
0.28375 0 0
0.284 0 0
0.28425 0 0
0.2845 0 0
0.28475 0 0
0.285 0 0
0.28525 0 0
0.2855 0 0
0.28575 0 0
0.286 0 0
0.28625 0 0
0.2865 0 0
0.28675 0 0
0.287 0 0
0.28725 0 0
0.2875 0 0
0.28775 0 0
0.288 0 0
0.28825 0 0
0.2885 0 0
0.28875 0 0
0.289 0 0
0.28925 0 0
0.2895 0 0
0.28975 0 0
0.29 0 0
0.29025 0 0
0.2905 0 0
0.29075 0 0
0.291 0 0
0.29125 0 0
0.2915 0 0
0.29175 0 0
0.292 0 0
0.29225 0 0
0.2925 0 0
0.29275 0 0
0.293 0 0
0.29325 0 0
0.2935 0 0
0.29375 0 0
0.294 0 0
0.29425 0 0
0.2945 0 0
0.29475 0 0
0.295 0 0
0.29525 0 0
0.2955 0 0
0.29575 0 0
0.296 0 0
0.29625 0 0
0.2965 0 0
0.29675 0 0
0.297 0 0
0.29725 0 0
0.2975 0 0
0.29775 0 0
0.298 0 0
0.29825 0 0
0.2985 0 0
0.29875 0 0
0.299 0 0
0.29925 0 0
0.2995 0 0
0.29975 0 0
0.3 0 0
0.30025 0 0
0.3005 0 0
0.30075 0 0
0.301 0 0
0.30125 0 0
0.3015 0 0
0.30175 0 0
0.302 0 0
0.30225 0 0
0.3025 0 0
0.30275 0 0
0.303 0 0
0.30325 0 0
0.3035 0 0
0.30375 0 0
0.304 0 0
0.30425 0 0
0.3045 0 0
0.30475 0 0
0.305 0 0
0.30525 0 0
0.3055 0 0
0.30575 0 0
0.306 0 0
0.30625 0 0
0.3065 0 0
0.30675 0 0
0.307 0 0
0.30725 0 0
0.3075 0 0
0.30775 0 0
0.308 0 0
0.30825 0 0
0.3085 0 0
0.30875 0 0
0.309 0 0
0.30925 0 0
0.3095 0 0
0.30975 0 0
0.31 0 0
0.31025 0 0
0.3105 0 0
0.31075 0 0
0.311 0 0
0.31125 0 0
0.3115 0 0
0.31175 0 0
0.312 0 0
0.31225 0 0
0.3125 0 0
0.31275 0 0
0.313 0 0
0.31325 0 0
0.3135 0 0
0.31375 0 0
0.314 0 0
0.31425 0 0
0.3145 0 0
0.31475 0 0
0.315 0 0
0.31525 0 0
0.3155 0 0
0.31575 0 0
0.316 0 0
0.31625 0 0
0.3165 0 0
0.31675 0 0
0.317 0 0
0.31725 0 0
0.3175 0 0
0.31775 0 0
0.318 0 0
0.31825 0 0
0.3185 0 0
0.31875 0 0
0.319 0 0
0.31925 0 0
0.3195 0 0
0.31975 0 0
0.32 0 0
0.32025 0 0
0.3205 0 0
0.32075 0 0
0.321 0 0
0.32125 0 0
0.3215 0 0
0.32175 0 0
0.322 0 0
0.32225 0 0
0.3225 0 0
0.32275 0 0
0.323 0 0
0.32325 0 0
0.3235 0 0
0.32375 0 0
0.324 0 0
0.32425 0 0
0.3245 0 0
0.32475 0 0
0.325 0 0
0.32525 0 0
0.3255 0 0
0.32575 0 0
0.326 0 0
0.32625 0 0
0.3265 0 0
0.32675 0 0
0.327 0 0
0.32725 0 0
0.3275 0 0
0.32775 0 0
0.328 0 0
0.32825 0 0
0.3285 0 0
0.32875 0 0
0.329 0 0
0.32925 0 0
0.3295 0 0
0.32975 0 0
0.33 0 0
0.33025 0 0
0.3305 0 0
0.33075 0 0
0.331 0 0
0.33125 0 0
0.3315 0 0
0.33175 0 0
0.332 0 0
0.33225 0 0
0.3325 0 0
0.33275 0 0
0.333 0 0
0.33325 0 0
0.3335 0 0
0.33375 0 0
0.334 0 0
0.33425 0 0
0.3345 0 0
0.33475 0 0
0.335 0 0
0.33525 0 0
0.3355 0 0
0.33575 0 0
0.336 0 0
0.33625 0 0
0.3365 0 0
0.33675 0 0
0.337 0 0
0.33725 0 0
0.3375 0 0
0.33775 0 0
0.338 0 0
0.33825 0 0
0.3385 0 0
0.33875 0 0
0.339 0 0
0.33925 0 0
0.3395 0 0
0.33975 0 0
0.34 0 0
0.34025 0 0
0.3405 0 0
0.34075 0 0
0.341 0 0
0.34125 0 0
0.3415 0 0
0.34175 0 0
0.342 0 0
0.34225 0 0
0.3425 0 0
0.34275 0 0
0.343 0 0
0.34325 0 0
0.3435 0 0
0.34375 0 0
0.344 0 0
0.34425 0 0
0.3445 0 0
0.34475 0 0
0.345 0 0
0.34525 0 0
0.3455 0 0
0.34575 0 0
0.346 0 0
0.34625 0 0
0.3465 0 0
0.34675 0 0
0.347 0 0
0.34725 0 0
0.3475 0 0
0.34775 0 0
0.348 0 0
0.34825 0 0
0.3485 0 0
0.34875 0 0
0.349 0 0
0.34925 0 0
0.3495 0 0
0.34975 0 0
0.35 0 0
0.35025 0 0
0.3505 0 0
0.35075 0 0
0.351 0 0
0.35125 0 0
0.3515 0 0
0.35175 0 0
0.352 0 0
0.35225 0 0
0.3525 0 0
0.35275 0 0
0.353 0 0
0.35325 0 0
0.3535 0 0
0.35375 0 0
0.354 0 0
0.35425 0 0
0.3545 0 0
0.35475 0 0
0.355 0 0
0.35525 0 0
0.3555 0 0
0.35575 0 0
0.356 0 0
0.35625 0 0
0.3565 0 0
0.35675 0 0
0.357 0 0
0.35725 0 0
0.3575 0 0
0.35775 0 0
0.358 0 0
0.35825 0 0
0.3585 0 0
0.35875 0 0
0.359 0 0
0.35925 0 0
0.3595 0 0
0.35975 0 0
0.36 0 0
0.36025 0 0
0.3605 0 0
0.36075 0 0
0.361 0 0
0.36125 0 0
0.3615 0 0
0.36175 0 0
0.362 0 0
0.36225 0 0
0.3625 0 0
0.36275 0 0
0.363 0 0
0.36325 0 0
0.3635 0 0
0.36375 0 0
0.364 0 0
0.36425 0 0
0.3645 0 0
0.36475 0 0
0.365 0 0
0.36525 0 0
0.3655 0 0
0.36575 0 0
0.366 0 0
0.36625 0 0
0.3665 0 0
0.36675 0 0
0.367 0 0
0.36725 0 0
0.3675 0 0
0.36775 0 0
0.368 0 0
0.36825 0 0
0.3685 0 0
0.36875 0 0
0.369 0 0
0.36925 0 0
0.3695 0 0
0.36975 0 0
0.37 0 0
0.37025 0 0
0.3705 0 0
0.37075 0 0
0.371 0 0
0.37125 0 0
0.3715 0 0
0.37175 0 0
0.372 0 0
0.37225 0 0
0.3725 0 0
0.37275 0 0
0.373 0 0
0.37325 0 0
0.3735 0 0
0.37375 0 0
0.374 0 0
0.37425 0 0
0.3745 0 0
0.37475 0 0
0.375 0 0
0.37525 0 0
0.3755 0 0
0.37575 0 0
0.376 0 0
0.37625 0 0
0.3765 0 0
0.37675 0 0
0.377 0 0
0.37725 0 0
0.3775 0 0
0.37775 0 0
0.378 0 0
0.37825 0 0
0.3785 0 0
0.37875 0 0
0.379 0 0
0.37925 0 0
0.3795 0 0
0.37975 0 0
0.38 0 0
0.38025 0 0
0.3805 0 0
0.38075 0 0
0.381 0 0
0.38125 0 0
0.3815 0 0
0.38175 0 0
0.382 0 0
0.38225 0 0
0.3825 0 0
0.38275 0 0
0.383 0 0
0.38325 0 0
0.3835 0 0
0.38375 0 0
0.384 0 0
0.38425 0 0
0.3845 0 0
0.38475 0 0
0.385 0 0
0.38525 0 0
0.3855 0 0
0.38575 0 0
0.386 0 0
0.38625 0 0
0.3865 0 0
0.38675 0 0
0.387 0 0
0.38725 0 0
0.3875 0 0
0.38775 0 0
0.388 0 0
0.38825 0 0
0.3885 0 0
0.38875 0 0
0.389 0 0
0.38925 0 0
0.3895 0 0
0.38975 0 0
0.39 0 0
0.39025 0 0
0.3905 0 0
0.39075 0 0
0.391 0 0
0.39125 0 0
0.3915 0 0
0.39175 0 0
0.392 0 0
0.39225 0 0
0.3925 0 0
0.39275 0 0
0.393 0 0
0.39325 0 0
0.3935 0 0
0.39375 0 0
0.394 0 0
0.39425 0 0
0.3945 0 0
0.39475 0 0
0.395 0 0
0.39525 0 0
0.3955 0 0
0.39575 0 0
0.396 0 0
0.39625 0 0
0.3965 0 0
0.39675 0 0
0.397 0 0
0.39725 0 0
0.3975 0 0
0.39775 0 0
0.398 0 0
0.39825 0 0
0.3985 0 0
0.39875 0 0
0.399 0 0
0.39925 0 0
0.3995 0 0
0.39975 0 0
0.4 0 0
0.40025 0 0
0.4005 0 0
0.40075 0 0
0.401 0 0
0.40125 0 0
0.4015 0 0
0.40175 0 0
0.402 0 0
0.40225 0 0
0.4025 0 0
0.40275 0 0
0.403 0 0
0.40325 0 0
0.4035 0 0
0.40375 0 0
0.404 0 0
0.40425 0 0
0.4045 0 0
0.40475 0 0
0.405 0 0
0.40525 0 0
0.4055 0 0
0.40575 0 0
0.406 0 0
0.40625 0 0
0.4065 0 0
0.40675 0 0
0.407 0 0
0.40725 0 0
0.4075 0 0
0.40775 0 0
0.408 0 0
0.40825 0 0
0.4085 0 0
0.40875 0 0
0.409 0 0
0.40925 0 0
0.4095 0 0
0.40975 0 0
0.41 0 0
0.41025 0 0
0.4105 0 0
0.41075 0 0
0.411 0 0
0.41125 0 0
0.4115 0 0
0.41175 0 0
0.412 0 0
0.41225 0 0
0.4125 0 0
0.41275 0 0
0.413 0 0
0.41325 0 0
0.4135 0 0
0.41375 0 0
0.414 0 0
0.41425 0 0
0.4145 0 0
0.41475 0 0
0.415 0 0
0.41525 0 0
0.4155 0 0
0.41575 0 0
0.416 0 0
0.41625 0 0
0.4165 0 0
0.41675 0 0
0.417 0 0
0.41725 0 0
0.4175 0 0
0.41775 0 0
0.418 0 0
0.41825 0 0
0.4185 0 0
0.41875 0 0
0.419 0 0
0.41925 0 0
0.4195 0 0
0.41975 0 0
0.42 0 0
0.42025 0 0
0.4205 0 0
0.42075 0 0
0.421 0 0
0.42125 0 0
0.4215 0 0
0.42175 0 0
0.422 0 0
0.42225 0 0
0.4225 0 0
0.42275 0 0
0.423 0 0
0.42325 0 0
0.4235 0 0
0.42375 0 0
0.424 0 0
0.42425 0 0
0.4245 0 0
0.42475 0 0
0.425 0 0
0.42525 0 0
0.4255 0 0
0.42575 0 0
0.426 0 0
0.42625 0 0
0.4265 0 0
0.42675 0 0
0.427 0 0
0.42725 0 0
0.4275 0 0
0.42775 0 0
0.428 0 0
0.42825 0 0
0.4285 0 0
0.42875 0 0
0.429 0 0
0.42925 0 0
0.4295 0 0
0.42975 0 0
0.43 0 0
0.43025 0 0
0.4305 0 0
0.43075 0 0
0.431 0 0
0.43125 0 0
0.4315 0 0
0.43175 0 0
0.432 0 0
0.43225 0 0
0.4325 0 0
0.43275 0 0
0.433 0 0
0.43325 0 0
0.4335 0 0
0.43375 0 0
0.434 0 0
0.43425 0 0
0.4345 0 0
0.43475 0 0
0.435 0 0
0.43525 0 0
0.4355 0 0
0.43575 0 0
0.436 0 0
0.43625 0 0
0.4365 0 0
0.43675 0 0
0.437 0 0
0.43725 0 0
0.4375 0 0
0.43775 0 0
0.438 0 0
0.43825 0 0
0.4385 0 0
0.43875 0 0
0.439 0 0
0.43925 0 0
0.4395 0 0
0.43975 0 0
0.44 0 0
0.44025 0 0
0.4405 0 0
0.44075 0 0
0.441 0 0
0.44125 0 0
0.4415 0 0
0.44175 0 0
0.442 0 0
0.44225 0 0
0.4425 0 0
0.44275 0 0
0.443 0 0
0.44325 0 0
0.4435 0 0
0.44375 0 0
0.444 0 0
0.44425 0 0
0.4445 0 0
0.44475 0 0
0.445 0 0
0.44525 0 0
0.4455 0 0
0.44575 0 0
0.446 0 0
0.44625 0 0
0.4465 0 0
0.44675 0 0
0.447 0 0
0.44725 0 0
0.4475 0 0
0.44775 0 0
0.448 0 0
0.44825 0 0
0.4485 0 0
0.44875 0 0
0.449 0 0
0.44925 0 0
0.4495 0 0
0.44975 0 0
0.45 0 0
0.45025 0 0
0.4505 0 0
0.45075 0 0
0.451 0 0
0.45125 0 0
0.4515 0 0
0.45175 0 0
0.452 0 0
0.45225 0 0
0.4525 0 0
0.45275 0 0
0.453 0 0
0.45325 0 0
0.4535 0 0
0.45375 0 0
0.454 0 0
0.45425 0 0
0.4545 0 0
0.45475 0 0
0.455 0 0
0.45525 0 0
0.4555 0 0
0.45575 0 0
0.456 0 0
0.45625 0 0
0.4565 0 0
0.45675 0 0
0.457 0 0
0.45725 0 0
0.4575 0 0
0.45775 0 0
0.458 0 0
0.45825 0 0
0.4585 0 0
0.45875 0 0
0.459 0 0
0.45925 0 0
0.4595 0 0
0.45975 0 0
0.46 0 0
0.46025 0 0
0.4605 0 0
0.46075 0 0
0.461 0 0
0.46125 0 0
0.4615 0 0
0.46175 0 0
0.462 0 0
0.46225 0 0
0.4625 0 0
0.46275 0 0
0.463 0 0
0.46325 0 0
0.4635 0 0
0.46375 0 0
0.464 0 0
0.46425 0 0
0.4645 0 0
0.46475 0 0
0.465 0 0
0.46525 0 0
0.4655 0 0
0.46575 0 0
0.466 0 0
0.46625 0 0
0.4665 0 0
0.46675 0 0
0.467 0 0
0.46725 0 0
0.4675 0 0
0.46775 0 0
0.468 0 0
0.46825 0 0
0.4685 0 0
0.46875 0 0
0.469 0 0
0.46925 0 0
0.4695 0 0
0.46975 0 0
0.47 0 0
0.47025 0 0
0.4705 0 0
0.47075 0 0
0.471 0 0
0.47125 0 0
0.4715 0 0
0.47175 0 0
0.472 0 0
0.47225 0 0
0.4725 0 0
0.47275 0 0
0.473 0 0
0.47325 0 0
0.4735 0 0
0.47375 0 0
0.474 0 0
0.47425 0 0
0.4745 0 0
0.47475 0 1.33227e-12
0.475 6.66134e-16 10
0.47525 0.005 20
0.4755 0.01 20
0.47575 0.015 20
0.476 0.02 20
0.47625 0.025 20
0.4765 0.03 20
0.47675 0.035 20
0.477 0.04 20
0.47725 0.045 20
0.4775 0.05 20
0.47775 0.055 20
0.478 0.06 20
0.47825 0.065 20
0.4785 0.07 20
0.47875 0.075 20
0.479 0.08 20
0.47925 0.085 20
0.4795 0.09 20
0.47975 0.095 20
0.48 0.1 20
0.48025 0.105 20
0.4805 0.11 20
0.48075 0.115 20
0.481 0.12 20
0.48125 0.125 20
0.4815 0.13 20
0.48175 0.135 20
0.482 0.14 20
0.48225 0.145 20
0.4825 0.15 20
0.48275 0.155 20
0.483 0.16 20
0.48325 0.165 20
0.4835 0.17 20
0.48375 0.175 20
0.484 0.18 20
0.48425 0.185 20
0.4845 0.19 20
0.48475 0.195 20
0.485 0.2 20
0.48525 0.205 20
0.4855 0.21 20
0.48575 0.215 20
0.486 0.22 20
0.48625 0.225 20
0.4865 0.23 20
0.48675 0.235 20
0.487 0.24 20
0.48725 0.245 20
0.4875 0.25 20
0.48775 0.255 20
0.488 0.26 20
0.48825 0.265 20
0.4885 0.27 20
0.48875 0.275 20
0.489 0.28 20
0.48925 0.285 20
0.4895 0.29 20
0.48975 0.295 20
0.49 0.3 20
0.49025 0.305 20
0.4905 0.31 20
0.49075 0.315 20
0.491 0.32 20
0.49125 0.325 20
0.4915 0.33 20
0.49175 0.335 20
0.492 0.34 20
0.49225 0.345 20
0.4925 0.35 20
0.49275 0.355 20
0.493 0.36 20
0.49325 0.365 20
0.4935 0.37 20
0.49375 0.375 20
0.494 0.38 20
0.49425 0.385 20
0.4945 0.39 20
0.49475 0.395 20
0.495 0.4 20
0.49525 0.405 20
0.4955 0.41 20
0.49575 0.415 20
0.496 0.42 20
0.49625 0.425 20
0.4965 0.43 20
0.49675 0.435 20
0.497 0.44 20
0.49725 0.445 20
0.4975 0.45 20
0.49775 0.455 20
0.498 0.46 20
0.49825 0.465 20
0.4985 0.47 20
0.49875 0.475 20
0.499 0.48 20
0.49925 0.485 20
0.4995 0.49 20
0.49975 0.495 20
0.5 0.5 20
0.50025 0.505 20
0.5005 0.51 20
0.50075 0.515 20
0.501 0.52 20
0.50125 0.525 20
0.5015 0.53 20
0.50175 0.535 20
0.502 0.54 20
0.50225 0.545 20
0.5025 0.55 20
0.50275 0.555 20
0.503 0.56 20
0.50325 0.565 20
0.5035 0.57 20
0.50375 0.575 20
0.504 0.58 20
0.50425 0.585 20
0.5045 0.59 20
0.50475 0.595 20
0.505 0.6 20
0.50525 0.605 20
0.5055 0.61 20
0.50575 0.615 20
0.506 0.62 20
0.50625 0.625 20
0.5065 0.63 20
0.50675 0.635 20
0.507 0.64 20
0.50725 0.645 20
0.5075 0.65 20
0.50775 0.655 20
0.508 0.66 20
0.50825 0.665 20
0.5085 0.67 20
0.50875 0.675 20
0.509 0.68 20
0.50925 0.685 20
0.5095 0.69 20
0.50975 0.695 20
0.51 0.7 20
0.51025 0.705 20
0.5105 0.71 20
0.51075 0.715 20
0.511 0.72 20
0.51125 0.725 20
0.5115 0.73 20
0.51175 0.735 20
0.512 0.74 20
0.51225 0.745 20
0.5125 0.75 20
0.51275 0.755 20
0.513 0.76 20
0.51325 0.765 20
0.5135 0.77 20
0.51375 0.775 20
0.514 0.78 20
0.51425 0.785 20
0.5145 0.79 20
0.51475 0.795 20
0.515 0.8 20
0.51525 0.805 20
0.5155 0.81 20
0.51575 0.815 20
0.516 0.82 20
0.51625 0.825 20
0.5165 0.83 20
0.51675 0.835 20
0.517 0.84 20
0.51725 0.845 20
0.5175 0.85 20
0.51775 0.855 20
0.518 0.86 20
0.51825 0.865 20
0.5185 0.87 20
0.51875 0.875 20
0.519 0.88 20
0.51925 0.885 20
0.5195 0.89 20
0.51975 0.895 20
0.52 0.9 20
0.52025 0.905 20
0.5205 0.91 20
0.52075 0.915 20
0.521 0.92 20
0.52125 0.925 20
0.5215 0.93 20
0.52175 0.935 20
0.522 0.94 20
0.52225 0.945 20
0.5225 0.95 20
0.52275 0.955 20
0.523 0.96 20
0.52325 0.965 20
0.5235 0.97 20
0.52375 0.975 20
0.524 0.98 20
0.52425 0.985 20
0.5245 0.99 20
0.52475 0.995 20
0.525 1 10
0.52525 1 0
0.5255 1 0
0.52575 1 0
0.526 1 0
0.52625 1 0
0.5265 1 0
0.52675 1 0
0.527 1 0
0.52725 1 0
0.5275 1 0
0.52775 1 0
0.528 1 0
0.52825 1 0
0.5285 1 0
0.52875 1 0
0.529 1 0
0.52925 1 0
0.5295 1 0
0.52975 1 0
0.53 1 0
0.53025 1 0
0.5305 1 0
0.53075 1 0
0.531 1 0
0.53125 1 0
0.5315 1 0
0.53175 1 0
0.532 1 0
0.53225 1 0
0.5325 1 0
0.53275 1 0
0.533 1 0
0.53325 1 0
0.5335 1 0
0.53375 1 0
0.534 1 0
0.53425 1 0
0.5345 1 0
0.53475 1 0
0.535 1 0
0.53525 1 0
0.5355 1 0
0.53575 1 0
0.536 1 0
0.53625 1 0
0.5365 1 0
0.53675 1 0
0.537 1 0
0.53725 1 0
0.5375 1 0
0.53775 1 0
0.538 1 0
0.53825 1 0
0.5385 1 0
0.53875 1 0
0.539 1 0
0.53925 1 0
0.5395 1 0
0.53975 1 0
0.54 1 0
0.54025 1 0
0.5405 1 0
0.54075 1 0
0.541 1 0
0.54125 1 0
0.5415 1 0
0.54175 1 0
0.542 1 0
0.54225 1 0
0.5425 1 0
0.54275 1 0
0.543 1 0
0.54325 1 0
0.5435 1 0
0.54375 1 0
0.544 1 0
0.54425 1 0
0.5445 1 0
0.54475 1 0
0.545 1 0
0.54525 1 0
0.5455 1 0
0.54575 1 0
0.546 1 0
0.54625 1 0
0.5465 1 0
0.54675 1 0
0.547 1 0
0.54725 1 0
0.5475 1 0
0.54775 1 0
0.548 1 0
0.54825 1 0
0.5485 1 0
0.54875 1 0
0.549 1 0
0.54925 1 0
0.5495 1 0
0.54975 1 0
0.55 1 0
0.55025 1 0
0.5505 1 0
0.55075 1 0
0.551 1 0
0.55125 1 0
0.5515 1 0
0.55175 1 0
0.552 1 0
0.55225 1 0
0.5525 1 0
0.55275 1 0
0.553 1 0
0.55325 1 0
0.5535 1 0
0.55375 1 0
0.554 1 0
0.55425 1 0
0.5545 1 0
0.55475 1 0
0.555 1 0
0.55525 1 0
0.5555 1 0
0.55575 1 0
0.556 1 0
0.55625 1 0
0.5565 1 0
0.55675 1 0
0.557 1 0
0.55725 1 0
0.5575 1 0
0.55775 1 0
0.558 1 0
0.55825 1 0
0.5585 1 0
0.55875 1 0
0.559 1 0
0.55925 1 0
0.5595 1 0
0.55975 1 0
0.56 1 0
0.56025 1 0
0.5605 1 0
0.56075 1 0
0.561 1 0
0.56125 1 0
0.5615 1 0
0.56175 1 0
0.562 1 0
0.56225 1 0
0.5625 1 0
0.56275 1 0
0.563 1 0
0.56325 1 0
0.5635 1 0
0.56375 1 0
0.564 1 0
0.56425 1 0
0.5645 1 0
0.56475 1 0
0.565 1 0
0.56525 1 0
0.5655 1 0
0.56575 1 0
0.566 1 0
0.56625 1 0
0.5665 1 0
0.56675 1 0
0.567 1 0
0.56725 1 0
0.5675 1 0
0.56775 1 0
0.568 1 0
0.56825 1 0
0.5685 1 0
0.56875 1 0
0.569 1 0
0.56925 1 0
0.5695 1 0
0.56975 1 0
0.57 1 0
0.57025 1 0
0.5705 1 0
0.57075 1 0
0.571 1 0
0.57125 1 0
0.5715 1 0
0.57175 1 0
0.572 1 0
0.57225 1 0
0.5725 1 0
0.57275 1 0
0.573 1 0
0.57325 1 0
0.5735 1 0
0.57375 1 0
0.574 1 0
0.57425 1 0
0.5745 1 0
0.57475 1 0
0.575 1 0
0.57525 1 0
0.5755 1 0
0.57575 1 0
0.576 1 0
0.57625 1 0
0.5765 1 0
0.57675 1 0
0.577 1 0
0.57725 1 0
0.5775 1 0
0.57775 1 0
0.578 1 0
0.57825 1 0
0.5785 1 0
0.57875 1 0
0.579 1 0
0.57925 1 0
0.5795 1 0
0.57975 1 0
0.58 1 0
0.58025 1 0
0.5805 1 0
0.58075 1 0
0.581 1 0
0.58125 1 0
0.5815 1 0
0.58175 1 0
0.582 1 0
0.58225 1 0
0.5825 1 0
0.58275 1 0
0.583 1 0
0.58325 1 0
0.5835 1 0
0.58375 1 0
0.584 1 0
0.58425 1 0
0.5845 1 0
0.58475 1 0
0.585 1 0
0.58525 1 0
0.5855 1 0
0.58575 1 0
0.586 1 0
0.58625 1 0
0.5865 1 0
0.58675 1 0
0.587 1 0
0.58725 1 0
0.5875 1 0
0.58775 1 0
0.588 1 0
0.58825 1 0
0.5885 1 0
0.58875 1 0
0.589 1 0
0.58925 1 0
0.5895 1 0
0.58975 1 0
0.59 1 0
0.59025 1 0
0.5905 1 0
0.59075 1 0
0.591 1 0
0.59125 1 0
0.5915 1 0
0.59175 1 0
0.592 1 0
0.59225 1 0
0.5925 1 0
0.59275 1 0
0.593 1 0
0.59325 1 0
0.5935 1 0
0.59375 1 0
0.594 1 0
0.59425 1 0
0.5945 1 0
0.59475 1 0
0.595 1 0
0.59525 1 0
0.5955 1 0
0.59575 1 0
0.596 1 0
0.59625 1 0
0.5965 1 0
0.59675 1 0
0.597 1 0
0.59725 1 0
0.5975 1 0
0.59775 1 0
0.598 1 0
0.59825 1 0
0.5985 1 0
0.59875 1 0
0.599 1 0
0.59925 1 0
0.5995 1 0
0.59975 1 0
0.6 1 0
0.60025 1 0
0.6005 1 0
0.60075 1 0
0.601 1 0
0.60125 1 0
0.6015 1 0
0.60175 1 0
0.602 1 0
0.60225 1 0
0.6025 1 0
0.60275 1 0
0.603 1 0
0.60325 1 0
0.6035 1 0
0.60375 1 0
0.604 1 0
0.60425 1 0
0.6045 1 0
0.60475 1 0
0.605 1 0
0.60525 1 0
0.6055 1 0
0.60575 1 0
0.606 1 0
0.60625 1 0
0.6065 1 0
0.60675 1 0
0.607 1 0
0.60725 1 0
0.6075 1 0
0.60775 1 0
0.608 1 0
0.60825 1 0
0.6085 1 0
0.60875 1 0
0.609 1 0
0.60925 1 0
0.6095 1 0
0.60975 1 0
0.61 1 0
0.61025 1 0
0.6105 1 0
0.61075 1 0
0.611 1 0
0.61125 1 0
0.6115 1 0
0.61175 1 0
0.612 1 0
0.61225 1 0
0.6125 1 0
0.61275 1 0
0.613 1 0
0.61325 1 0
0.6135 1 0
0.61375 1 0
0.614 1 0
0.61425 1 0
0.6145 1 0
0.61475 1 0
0.615 1 0
0.61525 1 0
0.6155 1 0
0.61575 1 0
0.616 1 0
0.61625 1 0
0.6165 1 0
0.61675 1 0
0.617 1 0
0.61725 1 0
0.6175 1 0
0.61775 1 0
0.618 1 0
0.61825 1 0
0.6185 1 0
0.61875 1 0
0.619 1 0
0.61925 1 0
0.6195 1 0
0.61975 1 0
0.62 1 0
0.62025 1 0
0.6205 1 0
0.62075 1 0
0.621 1 0
0.62125 1 0
0.6215 1 0
0.62175 1 0
0.622 1 0
0.62225 1 0
0.6225 1 0
0.62275 1 0
0.623 1 0
0.62325 1 0
0.6235 1 0
0.62375 1 0
0.624 1 0
0.62425 1 0
0.6245 1 0
0.62475 1 0
0.625 1 0
0.62525 1 0
0.6255 1 0
0.62575 1 0
0.626 1 0
0.62625 1 0
0.6265 1 0
0.62675 1 0
0.627 1 0
0.62725 1 0
0.6275 1 0
0.62775 1 0
0.628 1 0
0.62825 1 0
0.6285 1 0
0.62875 1 0
0.629 1 0
0.62925 1 0
0.6295 1 0
0.62975 1 0
0.63 1 0
0.63025 1 0
0.6305 1 0
0.63075 1 0
0.631 1 0
0.63125 1 0
0.6315 1 0
0.63175 1 0
0.632 1 0
0.63225 1 0
0.6325 1 0
0.63275 1 0
0.633 1 0
0.63325 1 0
0.6335 1 0
0.63375 1 0
0.634 1 0
0.63425 1 0
0.6345 1 0
0.63475 1 0
0.635 1 0
0.63525 1 0
0.6355 1 0
0.63575 1 0
0.636 1 0
0.63625 1 0
0.6365 1 0
0.63675 1 0
0.637 1 0
0.63725 1 0
0.6375 1 0
0.63775 1 0
0.638 1 0
0.63825 1 0
0.6385 1 0
0.63875 1 0
0.639 1 0
0.63925 1 0
0.6395 1 0
0.63975 1 0
0.64 1 0
0.64025 1 0
0.6405 1 0
0.64075 1 0
0.641 1 0
0.64125 1 0
0.6415 1 0
0.64175 1 0
0.642 1 0
0.64225 1 0
0.6425 1 0
0.64275 1 0
0.643 1 0
0.64325 1 0
0.6435 1 0
0.64375 1 0
0.644 1 0
0.64425 1 0
0.6445 1 0
0.64475 1 0
0.645 1 0
0.64525 1 0
0.6455 1 0
0.64575 1 0
0.646 1 0
0.64625 1 0
0.6465 1 0
0.64675 1 0
0.647 1 0
0.64725 1 0
0.6475 1 0
0.64775 1 0
0.648 1 0
0.64825 1 0
0.6485 1 0
0.64875 1 0
0.649 1 0
0.64925 1 0
0.6495 1 0
0.64975 1 0
0.65 1 0
0.65025 1 0
0.6505 1 0
0.65075 1 0
0.651 1 0
0.65125 1 0
0.6515 1 0
0.65175 1 0
0.652 1 0
0.65225 1 0
0.6525 1 0
0.65275 1 0
0.653 1 0
0.65325 1 0
0.6535 1 0
0.65375 1 0
0.654 1 0
0.65425 1 0
0.6545 1 0
0.65475 1 0
0.655 1 0
0.65525 1 0
0.6555 1 0
0.65575 1 0
0.656 1 0
0.65625 1 0
0.6565 1 0
0.65675 1 0
0.657 1 0
0.65725 1 0
0.6575 1 0
0.65775 1 0
0.658 1 0
0.65825 1 0
0.6585 1 0
0.65875 1 0
0.659 1 0
0.65925 1 0
0.6595 1 0
0.65975 1 0
0.66 1 0
0.66025 1 0
0.6605 1 0
0.66075 1 0
0.661 1 0
0.66125 1 0
0.6615 1 0
0.66175 1 0
0.662 1 0
0.66225 1 0
0.6625 1 0
0.66275 1 0
0.663 1 0
0.66325 1 0
0.6635 1 0
0.66375 1 0
0.664 1 0
0.66425 1 0
0.6645 1 0
0.66475 1 0
0.665 1 0
0.66525 1 0
0.6655 1 0
0.66575 1 0
0.666 1 0
0.66625 1 0
0.6665 1 0
0.66675 1 0
0.667 1 0
0.66725 1 0
0.6675 1 0
0.66775 1 0
0.668 1 0
0.66825 1 0
0.6685 1 0
0.66875 1 0
0.669 1 0
0.66925 1 0
0.6695 1 0
0.66975 1 0
0.67 1 0
0.67025 1 0
0.6705 1 0
0.67075 1 0
0.671 1 0
0.67125 1 0
0.6715 1 0
0.67175 1 0
0.672 1 0
0.67225 1 0
0.6725 1 0
0.67275 1 0
0.673 1 0
0.67325 1 0
0.6735 1 0
0.67375 1 0
0.674 1 0
0.67425 1 0
0.6745 1 0
0.67475 1 0
0.675 1 0
0.67525 1 0
0.6755 1 0
0.67575 1 0
0.676 1 0
0.67625 1 0
0.6765 1 0
0.67675 1 0
0.677 1 0
0.67725 1 0
0.6775 1 0
0.67775 1 0
0.678 1 0
0.67825 1 0
0.6785 1 0
0.67875 1 0
0.679 1 0
0.67925 1 0
0.6795 1 0
0.67975 1 0
0.68 1 0
0.68025 1 0
0.6805 1 0
0.68075 1 0
0.681 1 0
0.68125 1 0
0.6815 1 0
0.68175 1 0
0.682 1 0
0.68225 1 0
0.6825 1 0
0.68275 1 0
0.683 1 0
0.68325 1 0
0.6835 1 0
0.68375 1 0
0.684 1 0
0.68425 1 0
0.6845 1 0
0.68475 1 0
0.685 1 0
0.68525 1 0
0.6855 1 0
0.68575 1 0
0.686 1 0
0.68625 1 0
0.6865 1 0
0.68675 1 0
0.687 1 0
0.68725 1 0
0.6875 1 0
0.68775 1 0
0.688 1 0
0.68825 1 0
0.6885 1 0
0.68875 1 0
0.689 1 0
0.68925 1 0
0.6895 1 0
0.68975 1 0
0.69 1 0
0.69025 1 0
0.6905 1 0
0.69075 1 0
0.691 1 0
0.69125 1 0
0.6915 1 0
0.69175 1 0
0.692 1 0
0.69225 1 0
0.6925 1 0
0.69275 1 0
0.693 1 0
0.69325 1 0
0.6935 1 0
0.69375 1 0
0.694 1 0
0.69425 1 0
0.6945 1 0
0.69475 1 0
0.695 1 0
0.69525 1 0
0.6955 1 0
0.69575 1 0
0.696 1 0
0.69625 1 0
0.6965 1 0
0.69675 1 0
0.697 1 0
0.69725 1 0
0.6975 1 0
0.69775 1 0
0.698 1 0
0.69825 1 0
0.6985 1 0
0.69875 1 0
0.699 1 0
0.69925 1 0
0.6995 1 0
0.69975 1 0
0.7 1 0
0.70025 1 0
0.7005 1 0
0.70075 1 0
0.701 1 0
0.70125 1 0
0.7015 1 0
0.70175 1 0
0.702 1 0
0.70225 1 0
0.7025 1 0
0.70275 1 0
0.703 1 0
0.70325 1 0
0.7035 1 0
0.70375 1 0
0.704 1 0
0.70425 1 0
0.7045 1 0
0.70475 1 0
0.705 1 0
0.70525 1 0
0.7055 1 0
0.70575 1 0
0.706 1 0
0.70625 1 0
0.7065 1 0
0.70675 1 0
0.707 1 0
0.70725 1 0
0.7075 1 0
0.70775 1 0
0.708 1 0
0.70825 1 0
0.7085 1 0
0.70875 1 0
0.709 1 0
0.70925 1 0
0.7095 1 0
0.70975 1 0
0.71 1 0
0.71025 1 0
0.7105 1 0
0.71075 1 0
0.711 1 0
0.71125 1 0
0.7115 1 0
0.71175 1 0
0.712 1 0
0.71225 1 0
0.7125 1 0
0.71275 1 0
0.713 1 0
0.71325 1 0
0.7135 1 0
0.71375 1 0
0.714 1 0
0.71425 1 0
0.7145 1 0
0.71475 1 0
0.715 1 0
0.71525 1 0
0.7155 1 0
0.71575 1 0
0.716 1 0
0.71625 1 0
0.7165 1 0
0.71675 1 0
0.717 1 0
0.71725 1 0
0.7175 1 0
0.71775 1 0
0.718 1 0
0.71825 1 0
0.7185 1 0
0.71875 1 0
0.719 1 0
0.71925 1 0
0.7195 1 0
0.71975 1 0
0.72 1 0
0.72025 1 0
0.7205 1 0
0.72075 1 0
0.721 1 0
0.72125 1 0
0.7215 1 0
0.72175 1 0
0.722 1 0
0.72225 1 0
0.7225 1 0
0.72275 1 0
0.723 1 0
0.72325 1 0
0.7235 1 0
0.72375 1 0
0.724 1 0
0.72425 1 0
0.7245 1 0
0.72475 1 0
0.725 1 0
0.72525 1 0
0.7255 1 0
0.72575 1 0
0.726 1 0
0.72625 1 0
0.7265 1 0
0.72675 1 0
0.727 1 0
0.72725 1 0
0.7275 1 0
0.72775 1 0
0.728 1 0
0.72825 1 0
0.7285 1 0
0.72875 1 0
0.729 1 0
0.72925 1 0
0.7295 1 0
0.72975 1 0
0.73 1 0
0.73025 1 0
0.7305 1 0
0.73075 1 0
0.731 1 0
0.73125 1 0
0.7315 1 0
0.73175 1 0
0.732 1 0
0.73225 1 0
0.7325 1 0
0.73275 1 0
0.733 1 0
0.73325 1 0
0.7335 1 0
0.73375 1 0
0.734 1 0
0.73425 1 0
0.7345 1 0
0.73475 1 0
0.735 1 0
0.73525 1 0
0.7355 1 0
0.73575 1 0
0.736 1 0
0.73625 1 0
0.7365 1 0
0.73675 1 0
0.737 1 0
0.73725 1 0
0.7375 1 0
0.73775 1 0
0.738 1 0
0.73825 1 0
0.7385 1 0
0.73875 1 0
0.739 1 0
0.73925 1 0
0.7395 1 0
0.73975 1 0
0.74 1 0
0.74025 1 0
0.7405 1 0
0.74075 1 0
0.741 1 0
0.74125 1 0
0.7415 1 0
0.74175 1 0
0.742 1 0
0.74225 1 0
0.7425 1 0
0.74275 1 0
0.743 1 0
0.74325 1 0
0.7435 1 0
0.74375 1 0
0.744 1 0
0.74425 1 0
0.7445 1 0
0.74475 1 0
0.745 1 0
0.74525 1 0
0.7455 1 0
0.74575 1 0
0.746 1 0
0.74625 1 0
0.7465 1 0
0.74675 1 0
0.747 1 0
0.74725 1 0
0.7475 1 0
0.74775 1 0
0.748 1 0
0.74825 1 0
0.7485 1 0
0.74875 1 0
0.749 1 0
0.74925 1 0
0.7495 1 0
0.74975 1 0
0.75 1 0
0.75025 1 0
0.7505 1 0
0.75075 1 0
0.751 1 0
0.75125 1 0
0.7515 1 0
0.75175 1 0
0.752 1 0
0.75225 1 0
0.7525 1 0
0.75275 1 0
0.753 1 0
0.75325 1 0
0.7535 1 0
0.75375 1 0
0.754 1 0
0.75425 1 0
0.7545 1 0
0.75475 1 0
0.755 1 0
0.75525 1 0
0.7555 1 0
0.75575 1 0
0.756 1 0
0.75625 1 0
0.7565 1 0
0.75675 1 0
0.757 1 0
0.75725 1 0
0.7575 1 0
0.75775 1 0
0.758 1 0
0.75825 1 0
0.7585 1 0
0.75875 1 0
0.759 1 0
0.75925 1 0
0.7595 1 0
0.75975 1 0
0.76 1 0
0.76025 1 0
0.7605 1 0
0.76075 1 0
0.761 1 0
0.76125 1 0
0.7615 1 0
0.76175 1 0
0.762 1 0
0.76225 1 0
0.7625 1 0
0.76275 1 0
0.763 1 0
0.76325 1 0
0.7635 1 0
0.76375 1 0
0.764 1 0
0.76425 1 0
0.7645 1 0
0.76475 1 0
0.765 1 0
0.76525 1 0
0.7655 1 0
0.76575 1 0
0.766 1 0
0.76625 1 0
0.7665 1 0
0.76675 1 0
0.767 1 0
0.76725 1 0
0.7675 1 0
0.76775 1 0
0.768 1 0
0.76825 1 0
0.7685 1 0
0.76875 1 0
0.769 1 0
0.76925 1 0
0.7695 1 0
0.76975 1 0
0.77 1 0
0.77025 1 0
0.7705 1 0
0.77075 1 0
0.771 1 0
0.77125 1 0
0.7715 1 0
0.77175 1 0
0.772 1 0
0.77225 1 0
0.7725 1 0
0.77275 1 0
0.773 1 0
0.77325 1 0
0.7735 1 0
0.77375 1 0
0.774 1 0
0.77425 1 0
0.7745 1 0
0.77475 1 0
0.775 1 0
0.77525 1 0
0.7755 1 0
0.77575 1 0
0.776 1 0
0.77625 1 0
0.7765 1 0
0.77675 1 0
0.777 1 0
0.77725 1 0
0.7775 1 0
0.77775 1 0
0.778 1 0
0.77825 1 0
0.7785 1 0
0.77875 1 0
0.779 1 0
0.77925 1 0
0.7795 1 0
0.77975 1 0
0.78 1 0
0.78025 1 0
0.7805 1 0
0.78075 1 0
0.781 1 0
0.78125 1 0
0.7815 1 0
0.78175 1 0
0.782 1 0
0.78225 1 0
0.7825 1 0
0.78275 1 0
0.783 1 0
0.78325 1 0
0.7835 1 0
0.78375 1 0
0.784 1 0
0.78425 1 0
0.7845 1 0
0.78475 1 0
0.785 1 0
0.78525 1 0
0.7855 1 0
0.78575 1 0
0.786 1 0
0.78625 1 0
0.7865 1 0
0.78675 1 0
0.787 1 0
0.78725 1 0
0.7875 1 0
0.78775 1 0
0.788 1 0
0.78825 1 0
0.7885 1 0
0.78875 1 0
0.789 1 0
0.78925 1 0
0.7895 1 0
0.78975 1 0
0.79 1 0
0.79025 1 0
0.7905 1 0
0.79075 1 0
0.791 1 0
0.79125 1 0
0.7915 1 0
0.79175 1 0
0.792 1 0
0.79225 1 0
0.7925 1 0
0.79275 1 0
0.793 1 0
0.79325 1 0
0.7935 1 0
0.79375 1 0
0.794 1 0
0.79425 1 0
0.7945 1 0
0.79475 1 0
0.795 1 0
0.79525 1 0
0.7955 1 0
0.79575 1 0
0.796 1 0
0.79625 1 0
0.7965 1 0
0.79675 1 0
0.797 1 0
0.79725 1 0
0.7975 1 0
0.79775 1 0
0.798 1 0
0.79825 1 0
0.7985 1 0
0.79875 1 0
0.799 1 0
0.79925 1 0
0.7995 1 0
0.79975 1 0
0.8 1 0
0.80025 1 0
0.8005 1 0
0.80075 1 0
0.801 1 0
0.80125 1 0
0.8015 1 0
0.80175 1 0
0.802 1 0
0.80225 1 0
0.8025 1 0
0.80275 1 0
0.803 1 0
0.80325 1 0
0.8035 1 0
0.80375 1 0
0.804 1 0
0.80425 1 0
0.8045 1 0
0.80475 1 0
0.805 1 0
0.80525 1 0
0.8055 1 0
0.80575 1 0
0.806 1 0
0.80625 1 0
0.8065 1 0
0.80675 1 0
0.807 1 0
0.80725 1 0
0.8075 1 0
0.80775 1 0
0.808 1 0
0.80825 1 0
0.8085 1 0
0.80875 1 0
0.809 1 0
0.80925 1 0
0.8095 1 0
0.80975 1 0
0.81 1 0
0.81025 1 0
0.8105 1 0
0.81075 1 0
0.811 1 0
0.81125 1 0
0.8115 1 0
0.81175 1 0
0.812 1 0
0.81225 1 0
0.8125 1 0
0.81275 1 0
0.813 1 0
0.81325 1 0
0.8135 1 0
0.81375 1 0
0.814 1 0
0.81425 1 0
0.8145 1 0
0.81475 1 0
0.815 1 0
0.81525 1 0
0.8155 1 0
0.81575 1 0
0.816 1 0
0.81625 1 0
0.8165 1 0
0.81675 1 0
0.817 1 0
0.81725 1 0
0.8175 1 0
0.81775 1 0
0.818 1 0
0.81825 1 0
0.8185 1 0
0.81875 1 0
0.819 1 0
0.81925 1 0
0.8195 1 0
0.81975 1 0
0.82 1 0
0.82025 1 0
0.8205 1 0
0.82075 1 0
0.821 1 0
0.82125 1 0
0.8215 1 0
0.82175 1 0
0.822 1 0
0.82225 1 0
0.8225 1 0
0.82275 1 0
0.823 1 0
0.82325 1 0
0.8235 1 0
0.82375 1 0
0.824 1 0
0.82425 1 0
0.8245 1 0
0.82475 1 0
0.825 1 0
0.82525 1 0
0.8255 1 0
0.82575 1 0
0.826 1 0
0.82625 1 0
0.8265 1 0
0.82675 1 0
0.827 1 0
0.82725 1 0
0.8275 1 0
0.82775 1 0
0.828 1 0
0.82825 1 0
0.8285 1 0
0.82875 1 0
0.829 1 0
0.82925 1 0
0.8295 1 0
0.82975 1 0
0.83 1 0
0.83025 1 0
0.8305 1 0
0.83075 1 0
0.831 1 0
0.83125 1 0
0.8315 1 0
0.83175 1 0
0.832 1 0
0.83225 1 0
0.8325 1 0
0.83275 1 0
0.833 1 0
0.83325 1 0
0.8335 1 0
0.83375 1 0
0.834 1 0
0.83425 1 0
0.8345 1 0
0.83475 1 0
0.835 1 0
0.83525 1 0
0.8355 1 0
0.83575 1 0
0.836 1 0
0.83625 1 0
0.8365 1 0
0.83675 1 0
0.837 1 0
0.83725 1 0
0.8375 1 0
0.83775 1 0
0.838 1 0
0.83825 1 0
0.8385 1 0
0.83875 1 0
0.839 1 0
0.83925 1 0
0.8395 1 0
0.83975 1 0
0.84 1 0
0.84025 1 0
0.8405 1 0
0.84075 1 0
0.841 1 0
0.84125 1 0
0.8415 1 0
0.84175 1 0
0.842 1 0
0.84225 1 0
0.8425 1 0
0.84275 1 0
0.843 1 0
0.84325 1 0
0.8435 1 0
0.84375 1 0
0.844 1 0
0.84425 1 0
0.8445 1 0
0.84475 1 0
0.845 1 0
0.84525 1 0
0.8455 1 0
0.84575 1 0
0.846 1 0
0.84625 1 0
0.8465 1 0
0.84675 1 0
0.847 1 0
0.84725 1 0
0.8475 1 0
0.84775 1 0
0.848 1 0
0.84825 1 0
0.8485 1 0
0.84875 1 0
0.849 1 0
0.84925 1 0
0.8495 1 0
0.84975 1 0
0.85 1 0
0.85025 1 0
0.8505 1 0
0.85075 1 0
0.851 1 0
0.85125 1 0
0.8515 1 0
0.85175 1 0
0.852 1 0
0.85225 1 0
0.8525 1 0
0.85275 1 0
0.853 1 0
0.85325 1 0
0.8535 1 0
0.85375 1 0
0.854 1 0
0.85425 1 0
0.8545 1 0
0.85475 1 0
0.855 1 0
0.85525 1 0
0.8555 1 0
0.85575 1 0
0.856 1 0
0.85625 1 0
0.8565 1 0
0.85675 1 0
0.857 1 0
0.85725 1 0
0.8575 1 0
0.85775 1 0
0.858 1 0
0.85825 1 0
0.8585 1 0
0.85875 1 0
0.859 1 0
0.85925 1 0
0.8595 1 0
0.85975 1 0
0.86 1 0
0.86025 1 0
0.8605 1 0
0.86075 1 0
0.861 1 0
0.86125 1 0
0.8615 1 0
0.86175 1 0
0.862 1 0
0.86225 1 0
0.8625 1 0
0.86275 1 0
0.863 1 0
0.86325 1 0
0.8635 1 0
0.86375 1 0
0.864 1 0
0.86425 1 0
0.8645 1 0
0.86475 1 0
0.865 1 0
0.86525 1 0
0.8655 1 0
0.86575 1 0
0.866 1 0
0.86625 1 0
0.8665 1 0
0.86675 1 0
0.867 1 0
0.86725 1 0
0.8675 1 0
0.86775 1 0
0.868 1 0
0.86825 1 0
0.8685 1 0
0.86875 1 0
0.869 1 0
0.86925 1 0
0.8695 1 0
0.86975 1 0
0.87 1 0
0.87025 1 0
0.8705 1 0
0.87075 1 0
0.871 1 0
0.87125 1 0
0.8715 1 0
0.87175 1 0
0.872 1 0
0.87225 1 0
0.8725 1 0
0.87275 1 0
0.873 1 0
0.87325 1 0
0.8735 1 0
0.87375 1 0
0.874 1 0
0.87425 1 0
0.8745 1 0
0.87475 1 0
0.875 1 0
0.87525 1 0
0.8755 1 0
0.87575 1 0
0.876 1 0
0.87625 1 0
0.8765 1 0
0.87675 1 0
0.877 1 0
0.87725 1 0
0.8775 1 0
0.87775 1 0
0.878 1 0
0.87825 1 0
0.8785 1 0
0.87875 1 0
0.879 1 0
0.87925 1 0
0.8795 1 0
0.87975 1 0
0.88 1 0
0.88025 1 0
0.8805 1 0
0.88075 1 0
0.881 1 0
0.88125 1 0
0.8815 1 0
0.88175 1 0
0.882 1 0
0.88225 1 0
0.8825 1 0
0.88275 1 0
0.883 1 0
0.88325 1 0
0.8835 1 0
0.88375 1 0
0.884 1 0
0.88425 1 0
0.8845 1 0
0.88475 1 0
0.885 1 0
0.88525 1 0
0.8855 1 0
0.88575 1 0
0.886 1 0
0.88625 1 0
0.8865 1 0
0.88675 1 0
0.887 1 0
0.88725 1 0
0.8875 1 0
0.88775 1 0
0.888 1 0
0.88825 1 0
0.8885 1 0
0.88875 1 0
0.889 1 0
0.88925 1 0
0.8895 1 0
0.88975 1 0
0.89 1 0
0.89025 1 0
0.8905 1 0
0.89075 1 0
0.891 1 0
0.89125 1 0
0.8915 1 0
0.89175 1 0
0.892 1 0
0.89225 1 0
0.8925 1 0
0.89275 1 0
0.893 1 0
0.89325 1 0
0.8935 1 0
0.89375 1 0
0.894 1 0
0.89425 1 0
0.8945 1 0
0.89475 1 0
0.895 1 0
0.89525 1 0
0.8955 1 0
0.89575 1 0
0.896 1 0
0.89625 1 0
0.8965 1 0
0.89675 1 0
0.897 1 0
0.89725 1 0
0.8975 1 0
0.89775 1 0
0.898 1 0
0.89825 1 0
0.8985 1 0
0.89875 1 0
0.899 1 0
0.89925 1 0
0.8995 1 0
0.89975 1 0
0.9 1 0
0.90025 1 0
0.9005 1 0
0.90075 1 0
0.901 1 0
0.90125 1 0
0.9015 1 0
0.90175 1 0
0.902 1 0
0.90225 1 0
0.9025 1 0
0.90275 1 0
0.903 1 0
0.90325 1 0
0.9035 1 0
0.90375 1 0
0.904 1 0
0.90425 1 0
0.9045 1 0
0.90475 1 0
0.905 1 0
0.90525 1 0
0.9055 1 0
0.90575 1 0
0.906 1 0
0.90625 1 0
0.9065 1 0
0.90675 1 0
0.907 1 0
0.90725 1 0
0.9075 1 0
0.90775 1 0
0.908 1 0
0.90825 1 0
0.9085 1 0
0.90875 1 0
0.909 1 0
0.90925 1 0
0.9095 1 0
0.90975 1 0
0.91 1 0
0.91025 1 0
0.9105 1 0
0.91075 1 0
0.911 1 0
0.91125 1 0
0.9115 1 0
0.91175 1 0
0.912 1 0
0.91225 1 0
0.9125 1 0
0.91275 1 0
0.913 1 0
0.91325 1 0
0.9135 1 0
0.91375 1 0
0.914 1 0
0.91425 1 0
0.9145 1 0
0.91475 1 0
0.915 1 0
0.91525 1 0
0.9155 1 0
0.91575 1 0
0.916 1 0
0.91625 1 0
0.9165 1 0
0.91675 1 0
0.917 1 0
0.91725 1 0
0.9175 1 0
0.91775 1 0
0.918 1 0
0.91825 1 0
0.9185 1 0
0.91875 1 0
0.919 1 0
0.91925 1 0
0.9195 1 0
0.91975 1 0
0.92 1 0
0.92025 1 0
0.9205 1 0
0.92075 1 0
0.921 1 0
0.92125 1 0
0.9215 1 0
0.92175 1 0
0.922 1 0
0.92225 1 0
0.9225 1 0
0.92275 1 0
0.923 1 0
0.92325 1 0
0.9235 1 0
0.92375 1 0
0.924 1 0
0.92425 1 0
0.9245 1 0
0.92475 1 0
0.925 1 0
0.92525 1 0
0.9255 1 0
0.92575 1 0
0.926 1 0
0.92625 1 0
0.9265 1 0
0.92675 1 0
0.927 1 0
0.92725 1 0
0.9275 1 0
0.92775 1 0
0.928 1 0
0.92825 1 0
0.9285 1 0
0.92875 1 0
0.929 1 0
0.92925 1 0
0.9295 1 0
0.92975 1 0
0.93 1 0
0.93025 1 0
0.9305 1 0
0.93075 1 0
0.931 1 0
0.93125 1 0
0.9315 1 0
0.93175 1 0
0.932 1 0
0.93225 1 0
0.9325 1 0
0.93275 1 0
0.933 1 0
0.93325 1 0
0.9335 1 0
0.93375 1 0
0.934 1 0
0.93425 1 0
0.9345 1 0
0.93475 1 0
0.935 1 0
0.93525 1 0
0.9355 1 0
0.93575 1 0
0.936 1 0
0.93625 1 0
0.9365 1 0
0.93675 1 0
0.937 1 0
0.93725 1 0
0.9375 1 0
0.93775 1 0
0.938 1 0
0.93825 1 0
0.9385 1 0
0.93875 1 0
0.939 1 0
0.93925 1 0
0.9395 1 0
0.93975 1 0
0.94 1 0
0.94025 1 0
0.9405 1 0
0.94075 1 0
0.941 1 0
0.94125 1 0
0.9415 1 0
0.94175 1 0
0.942 1 0
0.94225 1 0
0.9425 1 0
0.94275 1 0
0.943 1 0
0.94325 1 0
0.9435 1 0
0.94375 1 0
0.944 1 0
0.94425 1 0
0.9445 1 0
0.94475 1 0
0.945 1 0
0.94525 1 0
0.9455 1 0
0.94575 1 0
0.946 1 0
0.94625 1 0
0.9465 1 0
0.94675 1 0
0.947 1 0
0.94725 1 0
0.9475 1 0
0.94775 1 0
0.948 1 0
0.94825 1 0
0.9485 1 0
0.94875 1 0
0.949 1 0
0.94925 1 0
0.9495 1 0
0.94975 1 0
0.95 1 0
0.95025 1 0
0.9505 1 0
0.95075 1 0
0.951 1 0
0.95125 1 0
0.9515 1 0
0.95175 1 0
0.952 1 0
0.95225 1 0
0.9525 1 0
0.95275 1 0
0.953 1 0
0.95325 1 0
0.9535 1 0
0.95375 1 0
0.954 1 0
0.95425 1 0
0.9545 1 0
0.95475 1 0
0.955 1 0
0.95525 1 0
0.9555 1 0
0.95575 1 0
0.956 1 0
0.95625 1 0
0.9565 1 0
0.95675 1 0
0.957 1 0
0.95725 1 0
0.9575 1 0
0.95775 1 0
0.958 1 0
0.95825 1 0
0.9585 1 0
0.95875 1 0
0.959 1 0
0.95925 1 0
0.9595 1 0
0.95975 1 0
0.96 1 0
0.96025 1 0
0.9605 1 0
0.96075 1 0
0.961 1 0
0.96125 1 0
0.9615 1 0
0.96175 1 0
0.962 1 0
0.96225 1 0
0.9625 1 0
0.96275 1 0
0.963 1 0
0.96325 1 0
0.9635 1 0
0.96375 1 0
0.964 1 0
0.96425 1 0
0.9645 1 0
0.96475 1 0
0.965 1 0
0.96525 1 0
0.9655 1 0
0.96575 1 0
0.966 1 0
0.96625 1 0
0.9665 1 0
0.96675 1 0
0.967 1 0
0.96725 1 0
0.9675 1 0
0.96775 1 0
0.968 1 0
0.96825 1 0
0.9685 1 0
0.96875 1 0
0.969 1 0
0.96925 1 0
0.9695 1 0
0.96975 1 0
0.97 1 0
0.97025 1 0
0.9705 1 0
0.97075 1 0
0.971 1 0
0.97125 1 0
0.9715 1 0
0.97175 1 0
0.972 1 0
0.97225 1 0
0.9725 1 0
0.97275 1 0
0.973 1 0
0.97325 1 0
0.9735 1 0
0.97375 1 0
0.974 1 0
0.97425 1 0
0.9745 1 0
0.97475 1 0
0.975 1 0
0.97525 1 0
0.9755 1 0
0.97575 1 0
0.976 1 0
0.97625 1 0
0.9765 1 0
0.97675 1 0
0.977 1 0
0.97725 1 0
0.9775 1 0
0.97775 1 0
0.978 1 0
0.97825 1 0
0.9785 1 0
0.97875 1 0
0.979 1 0
0.97925 1 0
0.9795 1 0
0.97975 1 0
0.98 1 0
0.98025 1 0
0.9805 1 0
0.98075 1 0
0.981 1 0
0.98125 1 0
0.9815 1 0
0.98175 1 0
0.982 1 0
0.98225 1 0
0.9825 1 0
0.98275 1 0
0.983 1 0
0.98325 1 0
0.9835 1 0
0.98375 1 0
0.984 1 0
0.98425 1 0
0.9845 1 0
0.98475 1 0
0.985 1 0
0.98525 1 0
0.9855 1 0
0.98575 1 0
0.986 1 0
0.98625 1 0
0.9865 1 0
0.98675 1 0
0.987 1 0
0.98725 1 0
0.9875 1 0
0.98775 1 0
0.988 1 0
0.98825 1 0
0.9885 1 0
0.98875 1 0
0.989 1 0
0.98925 1 0
0.9895 1 0
0.98975 1 0
0.99 1 0
0.99025 1 0
0.9905 1 0
0.99075 1 0
0.991 1 0
0.99125 1 0
0.9915 1 0
0.99175 1 0
0.992 1 0
0.99225 1 0
0.9925 1 0
0.99275 1 0
0.993 1 0
0.99325 1 0
0.9935 1 0
0.99375 1 0
0.994 1 0
0.99425 1 0
0.9945 1 0
0.99475 1 0
0.995 1 0
0.99525 1 0
0.9955 1 0
0.99575 1 0
0.996 1 0
0.99625 1 0
0.9965 1 0
0.99675 1 0
0.997 1 0
0.99725 1 0
0.9975 1 0
0.99775 1 0
0.998 1 0
0.99825 1 0
0.9985 1 0
0.99875 1 0
0.999 1 0
0.99925 1 0
0.9995 1 0
0.99975 1 0
1 1 0
