x s line cubic deg11 deg11ridge
-3.5 0.350783 -0.842342 0.978658 18.7629 2.75869
-3.48 0.331985 -0.837275 0.92935 16.5963 2.53468
-3.46 0.313054 -0.832208 0.880807 14.6418 2.32454
-3.44 0.293998 -0.827141 0.833023 12.8819 2.12749
-3.42 0.274825 -0.822074 0.785996 11.3001 1.94278
-3.4 0.255541 -0.817007 0.73972 9.88109 1.76972
-3.38 0.236155 -0.81194 0.694191 8.61077 1.60765
-3.36 0.216675 -0.806873 0.649404 7.47592 1.45591
-3.34 0.197108 -0.801806 0.605354 6.46435 1.31391
-3.32 0.177462 -0.796739 0.562039 5.56473 1.18107
-3.3 0.157746 -0.791672 0.519452 4.76663 1.05685
-3.28 0.137966 -0.786605 0.47759 4.06039 0.940726
-3.26 0.118131 -0.781538 0.436448 3.43711 0.832206
-3.24 0.0982486 -0.776471 0.396022 2.88857 0.730822
-3.22 0.078327 -0.771403 0.356307 2.40724 0.636132
-3.2 0.0583741 -0.766336 0.317299 1.9862 0.547717
-3.18 0.0383979 -0.761269 0.278993 1.61908 0.465177
-3.16 0.0184063 -0.756202 0.241385 1.30009 0.388138
-3.14 -0.00159265 -0.751135 0.204471 1.02389 0.316243
-3.12 -0.021591 -0.746068 0.168245 0.785667 0.249156
-3.1 -0.0415807 -0.741001 0.132704 0.580993 0.186558
-3.08 -0.0615537 -0.735934 0.097843 0.40587 0.128148
-3.06 -0.0815022 -0.730867 0.0636578 0.256669 0.0736441
-3.04 -0.101418 -0.7258 0.0301437 0.13011 0.0227785
-3.02 -0.121293 -0.720733 -0.00270365 0.0232354 -0.0247008
-3 -0.14112 -0.715666 -0.0348887 -0.0666129 -0.0690308
-2.98 -0.16089 -0.710599 -0.0664159 -0.141819 -0.110435
-2.96 -0.180596 -0.705532 -0.0972896 -0.204514 -0.149122
-2.94 -0.20023 -0.700465 -0.127514 -0.256595 -0.185289
-2.92 -0.219784 -0.695398 -0.157095 -0.299744 -0.219122
-2.9 -0.239249 -0.690331 -0.186035 -0.335447 -0.250794
-2.88 -0.258619 -0.685263 -0.21434 -0.365012 -0.280466
-2.86 -0.277886 -0.680196 -0.242013 -0.389582 -0.308291
-2.84 -0.297041 -0.675129 -0.26906 -0.410149 -0.334411
-2.82 -0.316078 -0.670062 -0.295484 -0.427573 -0.358958
-2.8 -0.334988 -0.664995 -0.321291 -0.44259 -0.382056
-2.78 -0.353764 -0.659928 -0.346484 -0.455824 -0.40382
-2.76 -0.372399 -0.654861 -0.371069 -0.467802 -0.424356
-2.74 -0.390885 -0.649794 -0.395048 -0.478959 -0.443766
-2.72 -0.409214 -0.644727 -0.418428 -0.489653 -0.46214
-2.7 -0.42738 -0.63966 -0.441212 -0.50017 -0.479565
-2.68 -0.445375 -0.634593 -0.463406 -0.510732 -0.496119
-2.66 -0.463191 -0.629526 -0.485012 -0.521509 -0.511875
-2.64 -0.480823 -0.624459 -0.506036 -0.53262 -0.5269
-2.62 -0.498262 -0.619392 -0.526483 -0.544144 -0.541257
-2.6 -0.515501 -0.614325 -0.546356 -0.556125 -0.555001
-2.58 -0.532535 -0.609258 -0.56566 -0.568573 -0.568185
-2.56 -0.549355 -0.60419 -0.584399 -0.581476 -0.580856
-2.54 -0.565956 -0.599123 -0.602579 -0.594799 -0.593056
-2.52 -0.582331 -0.594056 -0.620203 -0.60849 -0.604825
-2.5 -0.598472 -0.588989 -0.637276 -0.622483 -0.616198
-2.48 -0.614374 -0.583922 -0.653803 -0.636703 -0.627207
-2.46 -0.630031 -0.578855 -0.669787 -0.651066 -0.637881
-2.44 -0.645435 -0.573788 -0.685233 -0.665484 -0.648244
-2.42 -0.660581 -0.568721 -0.700146 -0.679866 -0.658319
-2.4 -0.675463 -0.563654 -0.714531 -0.694121 -0.668126
-2.38 -0.690075 -0.558587 -0.72839 -0.708157 -0.677683
-2.36 -0.704411 -0.55352 -0.74173 -0.721888 -0.687003
-2.34 -0.718465 -0.548453 -0.754555 -0.735229 -0.696101
-2.32 -0.732231 -0.543386 -0.766868 -0.7481 -0.704988
-2.3 -0.745705 -0.538319 -0.778675 -0.760429 -0.713671
-2.28 -0.758881 -0.533252 -0.789979 -0.772149 -0.722158
-2.26 -0.771753 -0.528185 -0.800786 -0.783201 -0.730456
-2.24 -0.784316 -0.523118 -0.811099 -0.793531 -0.738569
-2.22 -0.796565 -0.51805 -0.820924 -0.803095 -0.746499
-2.2 -0.808496 -0.512983 -0.830264 -0.811858 -0.754248
-2.18 -0.820104 -0.507916 -0.839124 -0.81979 -0.761817
-2.16 -0.831383 -0.502849 -0.847509 -0.82687 -0.769206
-2.14 -0.84233 -0.497782 -0.855423 -0.833087 -0.776414
-2.12 -0.85294 -0.492715 -0.86287 -0.838433 -0.783438
-2.1 -0.863209 -0.487648 -0.869855 -0.842912 -0.790277
-2.08 -0.873133 -0.482581 -0.876382 -0.846531 -0.796925
-2.06 -0.882707 -0.477514 -0.882456 -0.849308 -0.803381
-2.04 -0.891929 -0.472447 -0.888081 -0.851263 -0.809639
-2.02 -0.900793 -0.46738 -0.893262 -0.852424 -0.815694
-2 -0.909297 -0.462313 -0.898003 -0.852823 -0.821542
-1.98 -0.917438 -0.457246 -0.902309 -0.852498 -0.827176
-1.96 -0.925212 -0.452179 -0.906183 -0.851491 -0.832592
-1.94 -0.932615 -0.447112 -0.909631 -0.849848 -0.837782
-1.92 -0.939645 -0.442045 -0.912657 -0.847616 -0.842741
-1.9 -0.9463 -0.436977 -0.915265 -0.844847 -0.847464
-1.88 -0.952576 -0.43191 -0.91746 -0.841595 -0.851942
-1.86 -0.958471 -0.426843 -0.919246 -0.837915 -0.856171
-1.84 -0.963983 -0.421776 -0.920628 -0.833862 -0.860144
-1.82 -0.969109 -0.416709 -0.92161 -0.829495 -0.863854
-1.8 -0.973848 -0.411642 -0.922197 -0.824868 -0.867295
-1.78 -0.978197 -0.406575 -0.922392 -0.820041 -0.870462
-1.76 -0.982154 -0.401508 -0.922201 -0.815067 -0.873347
-1.74 -0.985719 -0.396441 -0.921628 -0.810003 -0.875946
-1.72 -0.98889 -0.391374 -0.920678 -0.8049 -0.878252
-1.7 -0.991665 -0.386307 -0.919354 -0.799811 -0.88026
-1.68 -0.994043 -0.38124 -0.917661 -0.794784 -0.881965
-1.66 -0.996024 -0.376173 -0.915604 -0.789866 -0.883361
-1.64 -0.997606 -0.371106 -0.913187 -0.7851 -0.884444
-1.62 -0.99879 -0.366039 -0.910415 -0.780526 -0.885208
-1.6 -0.999574 -0.360972 -0.907292 -0.776182 -0.885649
-1.58 -0.999958 -0.355905 -0.903822 -0.7721 -0.885764
-1.56 -0.999942 -0.350837 -0.900011 -0.768311 -0.885547
-1.54 -0.999526 -0.34577 -0.895861 -0.764841 -0.884996
-1.52 -0.99871 -0.340703 -0.891379 -0.76171 -0.884107
-1.5 -0.997495 -0.335636 -0.886568 -0.758938 -0.882876
-1.48 -0.995881 -0.330569 -0.881432 -0.756537 -0.881301
-1.46 -0.993868 -0.325502 -0.875977 -0.754516 -0.87938
-1.44 -0.991458 -0.320435 -0.870207 -0.752883 -0.87711
-1.42 -0.988652 -0.315368 -0.864125 -0.751636 -0.874488
-1.4 -0.98545 -0.310301 -0.857737 -0.750774 -0.871514
-1.38 -0.981854 -0.305234 -0.851047 -0.750289 -0.868186
-1.36 -0.977865 -0.300167 -0.844059 -0.750169 -0.864502
-1.34 -0.973485 -0.2951 -0.836779 -0.750402 -0.860461
-1.32 -0.968715 -0.290033 -0.829209 -0.750967 -0.856064
-1.3 -0.963558 -0.284966 -0.821356 -0.751842 -0.85131
-1.28 -0.958016 -0.279899 -0.813222 -0.753002 -0.846198
-1.26 -0.95209 -0.274832 -0.804813 -0.754417 -0.840729
-1.24 -0.945784 -0.269764 -0.796134 -0.756057 -0.834903
-1.22 -0.939099 -0.264697 -0.787188 -0.757885 -0.828721
-1.2 -0.932039 -0.25963 -0.77798 -0.759865 -0.822184
-1.18 -0.924606 -0.254563 -0.768514 -0.761957 -0.815293
-1.16 -0.916803 -0.249496 -0.758795 -0.764118 -0.80805
-1.14 -0.908633 -0.244429 -0.748828 -0.766305 -0.800457
-1.12 -0.9001 -0.239362 -0.738616 -0.768472 -0.792514
-1.1 -0.891207 -0.234295 -0.728165 -0.770571 -0.784225
-1.08 -0.881958 -0.229228 -0.717478 -0.772556 -0.775593
-1.06 -0.872355 -0.224161 -0.706561 -0.774376 -0.766618
-1.04 -0.862404 -0.219094 -0.695417 -0.775982 -0.757305
-1.02 -0.852108 -0.214027 -0.684051 -0.777324 -0.747657
-1 -0.841471 -0.20896 -0.672468 -0.778351 -0.737676
-0.98 -0.830497 -0.203893 -0.660671 -0.779014 -0.727367
-0.96 -0.819192 -0.198826 -0.648666 -0.779262 -0.716732
-0.94 -0.807558 -0.193759 -0.636457 -0.779047 -0.705776
-0.92 -0.795602 -0.188691 -0.624048 -0.77832 -0.694503
-0.9 -0.783327 -0.183624 -0.611444 -0.777035 -0.682917
-0.88 -0.770739 -0.178557 -0.598649 -0.775146 -0.671022
-0.86 -0.757843 -0.17349 -0.585667 -0.772609 -0.658823
-0.84 -0.744643 -0.168423 -0.572504 -0.769382 -0.646324
-0.82 -0.731146 -0.163356 -0.559163 -0.765425 -0.633531
-0.8 -0.717356 -0.158289 -0.545649 -0.760699 -0.620448
-0.78 -0.703279 -0.153222 -0.531967 -0.755169 -0.60708
-0.76 -0.688921 -0.148155 -0.51812 -0.748802 -0.593434
-0.74 -0.674288 -0.143088 -0.504114 -0.741569 -0.579513
-0.72 -0.659385 -0.138021 -0.489952 -0.733441 -0.565324
-0.7 -0.644218 -0.132954 -0.47564 -0.724394 -0.550872
-0.68 -0.628793 -0.127887 -0.461181 -0.714407 -0.536164
-0.66 -0.613117 -0.12282 -0.446581 -0.703463 -0.521204
-0.64 -0.597195 -0.117753 -0.431843 -0.691546 -0.505999
-0.62 -0.581035 -0.112686 -0.416972 -0.678645 -0.490555
-0.6 -0.564642 -0.107619 -0.401972 -0.664752 -0.474879
-0.58 -0.548024 -0.102551 -0.386848 -0.649864 -0.458976
-0.56 -0.531186 -0.0974844 -0.371605 -0.633979 -0.442853
-0.54 -0.514136 -0.0924173 -0.356246 -0.6171 -0.426516
-0.52 -0.49688 -0.0873503 -0.340777 -0.599233 -0.409972
-0.5 -0.479426 -0.0822832 -0.325201 -0.580389 -0.393227
-0.48 -0.461779 -0.0772162 -0.309524 -0.560581 -0.376289
-0.46 -0.443948 -0.0721491 -0.293749 -0.539825 -0.359163
-0.44 -0.425939 -0.067082 -0.277881 -0.518143 -0.341858
-0.42 -0.40776 -0.062015 -0.261925 -0.495557 -0.324378
-0.4 -0.389418 -0.0569479 -0.245884 -0.472095 -0.306733
-0.38 -0.37092 -0.0518809 -0.229764 -0.447787 -0.288928
-0.36 -0.352274 -0.0468138 -0.213569 -0.422665 -0.270971
-0.34 -0.333487 -0.0417467 -0.197303 -0.396766 -0.252868
-0.32 -0.314567 -0.0366797 -0.18097 -0.370129 -0.234628
-0.3 -0.29552 -0.0316126 -0.164576 -0.342796 -0.216256
-0.28 -0.276356 -0.0265456 -0.148124 -0.314809 -0.197761
-0.26 -0.257081 -0.0214785 -0.13162 -0.286216 -0.17915
-0.24 -0.237703 -0.0164114 -0.115067 -0.257066 -0.160429
-0.22 -0.21823 -0.0113444 -0.0984698 -0.227408 -0.141607
-0.2 -0.198669 -0.00627731 -0.0818331 -0.197295 -0.122691
-0.18 -0.17903 -0.00121025 -0.0651613 -0.166782 -0.103687
-0.16 -0.159318 0.00385681 -0.0484588 -0.135922 -0.0846045
-0.14 -0.139543 0.00892387 -0.03173 -0.104773 -0.0654497
-0.12 -0.119712 0.0139909 -0.0149794 -0.0733926 -0.0462304
-0.1 -0.0998334 0.019058 0.00178855 -0.0418385 -0.026954
-0.08 -0.0799147 0.0241251 0.0185694 -0.0101696 -0.00762813
-0.06 -0.059964 0.0291921 0.0353587 0.0215549 0.0117397
-0.04 -0.0399893 0.0342592 0.0521521 0.0532759 0.031142
-0.02 -0.0199987 0.0393262 0.068945 0.0849343 0.0505711
0 0 0.0443933 0.085733 0.116471 0.0700195
0.02 0.0199987 0.0494604 0.102512 0.147829 0.0894797
0.04 0.0399893 0.0545274 0.119277 0.17895 0.108944
0.06 0.059964 0.0595945 0.136023 0.209777 0.128405
0.08 0.0799147 0.0646615 0.152747 0.240256 0.147855
0.1 0.0998334 0.0697286 0.169444 0.270333 0.167286
0.12 0.119712 0.0747957 0.18611 0.299955 0.186691
0.14 0.139543 0.0798627 0.202739 0.329073 0.206063
0.16 0.159318 0.0849298 0.219328 0.357638 0.225393
0.18 0.17903 0.0899968 0.235872 0.385604 0.244674
0.2 0.198669 0.0950639 0.252366 0.412927 0.263898
0.22 0.21823 0.100131 0.268807 0.439566 0.283059
0.24 0.237703 0.105198 0.28519 0.465483 0.302148
0.26 0.257081 0.110265 0.301509 0.490641 0.321158
0.28 0.276356 0.115332 0.317762 0.515008 0.340081
0.3 0.29552 0.120399 0.333943 0.538554 0.358911
0.32 0.314567 0.125466 0.350048 0.561253 0.377638
0.34 0.333487 0.130533 0.366073 0.583082 0.396257
0.36 0.352274 0.1356 0.382012 0.604019 0.414759
0.38 0.37092 0.140667 0.397863 0.62405 0.433137
0.4 0.389418 0.145735 0.413619 0.64316 0.451383
0.42 0.40776 0.150802 0.429277 0.661341 0.469491
0.44 0.425939 0.155869 0.444832 0.678587 0.487453
0.46 0.443948 0.160936 0.460281 0.694894 0.505261
0.48 0.461779 0.166003 0.475617 0.710264 0.522908
0.5 0.479426 0.17107 0.490838 0.724702 0.540388
0.52 0.49688 0.176137 0.505937 0.738216 0.557692
0.54 0.514136 0.181204 0.520912 0.750817 0.574813
0.56 0.531186 0.186271 0.535758 0.762521 0.591745
0.58 0.548024 0.191338 0.55047 0.773346 0.608479
0.6 0.564642 0.196405 0.565043 0.783312 0.62501
0.62 0.581035 0.201472 0.579474 0.792445 0.641329
0.64 0.597195 0.206539 0.593757 0.800772 0.657431
0.66 0.613117 0.211606 0.607889 0.808324 0.673307
0.68 0.628793 0.216673 0.621864 0.815133 0.688951
0.7 0.644218 0.22174 0.635679 0.821235 0.704356
0.72 0.659385 0.226807 0.649329 0.826667 0.719514
0.74 0.674288 0.231875 0.66281 0.83147 0.73442
0.76 0.688921 0.236942 0.676117 0.835685 0.749067
0.78 0.703279 0.242009 0.689245 0.839357 0.763447
0.8 0.717356 0.247076 0.702191 0.842529 0.777554
0.82 0.731146 0.252143 0.714949 0.845249 0.791381
0.84 0.744643 0.25721 0.727516 0.847564 0.804922
0.86 0.757843 0.262277 0.739886 0.849521 0.818171
0.88 0.770739 0.267344 0.752056 0.85117 0.83112
0.9 0.783327 0.272411 0.764021 0.852559 0.843763
0.92 0.795602 0.277478 0.775776 0.853738 0.856095
0.94 0.807558 0.282545 0.787318 0.854754 0.868108
0.96 0.819192 0.287612 0.798641 0.855655 0.879797
0.98 0.830497 0.292679 0.809741 0.856489 0.891155
1 0.841471 0.297746 0.820614 0.857302 0.902176
1.02 0.852108 0.302813 0.831255 0.858138 0.912855
1.04 0.862404 0.30788 0.84166 0.85904 0.923186
1.06 0.872355 0.312948 0.851825 0.860049 0.933162
1.08 0.881958 0.318015 0.861744 0.861204 0.942777
1.1 0.891207 0.323082 0.871414 0.862541 0.952027
1.12 0.9001 0.328149 0.88083 0.864094 0.960906
1.14 0.908633 0.333216 0.889987 0.865893 0.969408
1.16 0.916803 0.338283 0.898882 0.867967 0.977528
1.18 0.924606 0.34335 0.907509 0.870338 0.98526
1.2 0.932039 0.348417 0.915865 0.873029 0.9926
1.22 0.939099 0.353484 0.923944 0.876054 0.999543
1.24 0.945784 0.358551 0.931743 0.879428 1.00608
1.26 0.95209 0.363618 0.939257 0.883158 1.01221
1.28 0.958016 0.368685 0.946481 0.88725 1.01794
1.3 0.963558 0.373752 0.953411 0.891703 1.02324
1.32 0.968715 0.378819 0.960043 0.896513 1.02812
1.34 0.973485 0.383886 0.966372 0.901671 1.03258
1.36 0.977865 0.388953 0.972393 0.907164 1.03661
1.38 0.981854 0.39402 0.978103 0.912974 1.0402
1.4 0.98545 0.399088 0.983496 0.919078 1.04336
1.42 0.988652 0.404155 0.988569 0.92545 1.04607
1.44 0.991458 0.409222 0.993317 0.932057 1.04835
1.46 0.993868 0.414289 0.997735 0.938863 1.05017
1.48 0.995881 0.419356 1.00182 0.94583 1.05154
1.5 0.997495 0.424423 1.00556 0.952911 1.05246
1.52 0.99871 0.42949 1.00897 0.96006 1.05292
1.54 0.999526 0.434557 1.01202 0.967224 1.05292
1.56 0.999942 0.439624 1.01473 0.974348 1.05246
1.58 0.999958 0.444691 1.01707 0.981374 1.05154
1.6 0.999574 0.449758 1.01906 0.98824 1.05015
1.62 0.99879 0.454825 1.02068 0.994883 1.04829
1.64 0.997606 0.459892 1.02193 1.00124 1.04596
1.66 0.996024 0.464959 1.02281 1.00723 1.04317
1.68 0.994043 0.470026 1.02331 1.01281 1.0399
1.7 0.991665 0.475093 1.02343 1.01788 1.03615
1.72 0.98889 0.480161 1.02315 1.0224 1.03194
1.74 0.985719 0.485228 1.02249 1.02627 1.02725
1.76 0.982154 0.490295 1.02143 1.02945 1.02209
1.78 0.978197 0.495362 1.01997 1.03185 1.01646
1.8 0.973848 0.500429 1.01811 1.03342 1.01036
1.82 0.969109 0.505496 1.01583 1.0341 1.00378
1.84 0.963983 0.510563 1.01314 1.03381 0.996737
1.86 0.958471 0.51563 1.01004 1.03251 0.989225
1.88 0.952576 0.520697 1.0065 1.03014 0.981247
1.9 0.9463 0.525764 1.00255 1.02666 0.972807
1.92 0.939645 0.530831 0.998157 1.02204 0.963905
1.94 0.932615 0.535898 0.993331 1.01622 0.954547
1.96 0.925212 0.540965 0.988064 1.0092 0.944735
1.98 0.917438 0.546032 0.982352 1.00095 0.934474
2 0.909297 0.551099 0.97619 0.991453 0.923767
2.02 0.900793 0.556166 0.969574 0.980717 0.912619
2.04 0.891929 0.561233 0.9625 0.968746 0.901037
2.06 0.882707 0.566301 0.954962 0.95556 0.889025
2.08 0.873133 0.571368 0.946957 0.941186 0.876589
2.1 0.863209 0.576435 0.93848 0.925663 0.863737
2.12 0.85294 0.581502 0.929527 0.909043 0.850475
2.14 0.84233 0.586569 0.920093 0.891386 0.836811
2.16 0.831383 0.591636 0.910174 0.872766 0.822753
2.18 0.820104 0.596703 0.899765 0.853268 0.80831
2.2 0.808496 0.60177 0.888862 0.832989 0.79349
2.22 0.796565 0.606837 0.87746 0.812036 0.778305
2.24 0.784316 0.611904 0.865556 0.790528 0.762763
2.26 0.771753 0.616971 0.853143 0.768595 0.746876
2.28 0.758881 0.622038 0.840219 0.746377 0.730655
2.3 0.745705 0.627105 0.826779 0.724022 0.714111
2.32 0.732231 0.632172 0.812817 0.701687 0.697259
2.34 0.718465 0.637239 0.798331 0.679536 0.68011
2.36 0.704411 0.642306 0.783314 0.657738 0.662679
2.38 0.690075 0.647374 0.767764 0.636467 0.644979
2.4 0.675463 0.652441 0.751674 0.615896 0.627026
2.42 0.660581 0.657508 0.735042 0.596201 0.608836
2.44 0.645435 0.662575 0.717862 0.577554 0.590424
2.46 0.630031 0.667642 0.700131 0.560119 0.571807
2.48 0.614374 0.672709 0.681842 0.544052 0.553004
2.5 0.598472 0.677776 0.662993 0.529498 0.534031
2.52 0.582331 0.682843 0.643579 0.516583 0.514908
2.54 0.565956 0.68791 0.623595 0.50541 0.495654
2.56 0.549355 0.692977 0.603037 0.49606 0.476289
2.58 0.532535 0.698044 0.5819 0.488578 0.456834
2.6 0.515501 0.703111 0.56018 0.482973 0.437309
2.62 0.498262 0.708178 0.537872 0.47921 0.417738
2.64 0.480823 0.713245 0.514972 0.4772 0.398141
2.66 0.463191 0.718312 0.491476 0.476797 0.378543
2.68 0.445375 0.723379 0.467379 0.477787 0.358967
2.7 0.42738 0.728446 0.442677 0.479878 0.339437
2.72 0.409214 0.733514 0.417365 0.48269 0.319978
2.74 0.390885 0.738581 0.391438 0.485749 0.300616
2.76 0.372399 0.743648 0.364893 0.48847 0.281375
2.78 0.353764 0.748715 0.337725 0.490145 0.262282
2.8 0.334988 0.753782 0.309929 0.489935 0.243365
2.82 0.316078 0.758849 0.281502 0.486849 0.22465
2.84 0.297041 0.763916 0.252437 0.479734 0.206165
2.86 0.277886 0.768983 0.222732 0.467257 0.187937
2.88 0.258619 0.77405 0.192382 0.447884 0.169996
2.9 0.239249 0.779117 0.161381 0.41987 0.152368
2.92 0.219784 0.784184 0.129727 0.38123 0.135085
2.94 0.20023 0.789251 0.0974132 0.329722 0.118173
2.96 0.180596 0.794318 0.0644366 0.262829 0.101663
2.98 0.16089 0.799385 0.0307924 0.177725 0.0855823
3 0.14112 0.804452 -0.00352378 0.0712605 0.0699615
3.02 0.121293 0.809519 -0.0385165 -0.0600721 0.0548289
3.04 0.101418 0.814587 -0.0741902 -0.220162 0.0402134
3.06 0.0815022 0.819654 -0.110549 -0.413314 0.0261437
3.08 0.0615537 0.824721 -0.147598 -0.644276 0.0126479
3.1 0.0415807 0.829788 -0.185342 -0.918274 -0.00024606
3.12 0.021591 0.834855 -0.223784 -1.24105 -0.012511
3.14 0.00159265 0.839922 -0.262929 -1.6189 -0.0241201
3.16 -0.0184063 0.844989 -0.302782 -2.0587 -0.0350476
3.18 -0.0383979 0.850056 -0.343347 -2.56798 -0.0452684
3.2 -0.0583741 0.855123 -0.384628 -3.15492 -0.0547583
3.22 -0.078327 0.86019 -0.42663 -3.82844 -0.0634946
3.24 -0.0982486 0.865257 -0.469358 -4.59823 -0.0714554
3.26 -0.118131 0.870324 -0.512816 -5.47479 -0.0786206
3.28 -0.137966 0.875391 -0.557008 -6.46951 -0.0849715
3.3 -0.157746 0.880458 -0.601939 -7.59471 -0.0904913
3.32 -0.177462 0.885525 -0.647613 -8.86368 -0.0951649
3.34 -0.197108 0.890592 -0.694035 -10.2908 -0.0989796
3.36 -0.216675 0.895659 -0.741209 -11.8915 -0.101925
3.38 -0.236155 0.900727 -0.78914 -13.6825 -0.103993
3.4 -0.255541 0.905794 -0.837831 -15.6818 -0.105178
3.42 -0.274825 0.910861 -0.887288 -17.9084 -0.105479
3.44 -0.293998 0.915928 -0.937515 -20.3832 -0.104896
3.46 -0.313054 0.920995 -0.988516 -23.1282 -0.103435
3.48 -0.331985 0.926062 -1.0403 -26.1673 -0.101102
3.5 -0.350783 0.931129 -1.09286 -29.5257 -0.0979114
