x c0 c1 c2 f kp
0 0.366267 -0.00340905 2.42232e-06 0.36286 4.00653e-05
0.0025 0.373445 -0.00357921 2.61884e-06 0.369868 4.29785e-05
0.005 0.380671 -0.00375693 2.8306e-06 0.376917 4.60924e-05
0.0075 0.387942 -0.00394252 3.05874e-06 0.384003 4.94197e-05
0.01 0.395256 -0.00413627 3.30446e-06 0.391123 5.29743e-05
0.0125 0.402609 -0.00433848 3.56906e-06 0.398274 5.67708e-05
0.015 0.409999 -0.00454946 3.85389e-06 0.405453 6.08244e-05
0.0175 0.417423 -0.00476954 4.16044e-06 0.412657 6.51516e-05
0.02 0.424877 -0.00499905 4.49028e-06 0.419882 6.97696e-05
0.0225 0.432359 -0.00523832 4.84509e-06 0.427125 7.46967e-05
0.025 0.439865 -0.0054877 5.22665e-06 0.434382 7.99522e-05
0.0275 0.447392 -0.00574755 5.63689e-06 0.44165 8.55565e-05
0.03 0.454937 -0.00601824 6.07784e-06 0.448925 9.15314e-05
0.0325 0.462496 -0.00630013 6.55169e-06 0.456203 9.78997e-05
0.035 0.470066 -0.00659362 7.06075e-06 0.46348 0.000104685
0.0375 0.477644 -0.0068991 7.60752e-06 0.470752 0.000111914
0.04 0.485225 -0.00721697 8.19462e-06 0.478016 0.000119613
0.0425 0.492806 -0.00754764 8.82487e-06 0.485267 0.00012781
0.045 0.500383 -0.00789153 9.50128e-06 0.492501 0.000136536
0.0475 0.507953 -0.00824908 1.0227e-05 0.499714 0.000145821
0.05 0.515511 -0.00862073 1.10055e-05 0.506901 0.0001557
0.0525 0.523054 -0.00900692 1.18404e-05 0.514059 0.000166208
0.055 0.530578 -0.00940811 1.27355e-05 0.521183 0.000177382
0.0575 0.538079 -0.00982477 1.3695e-05 0.528268 0.00018926
0.06 0.545553 -0.0102574 1.47231e-05 0.53531 0.000201885
0.0625 0.552995 -0.0107064 1.58245e-05 0.542304 0.000215299
0.065 0.560402 -0.0111724 1.70042e-05 0.549247 0.000229549
0.0675 0.56777 -0.0116558 1.82673e-05 0.556132 0.000244682
0.07 0.575094 -0.0121572 1.96195e-05 0.562957 0.000260749
0.0725 0.582371 -0.012677 2.10667e-05 0.569715 0.000277803
0.075 0.589595 -0.0132158 2.2615e-05 0.576402 0.0002959
0.0775 0.596764 -0.0137742 2.42713e-05 0.583014 0.0003151
0.08 0.603872 -0.0143527 2.60424e-05 0.589545 0.000335463
0.0825 0.610915 -0.0149518 2.79361e-05 0.595992 0.000357055
0.085 0.61789 -0.0155721 2.996e-05 0.602348 0.000379943
0.0875 0.624792 -0.0162141 3.21228e-05 0.60861 0.000404201
0.09 0.631617 -0.0168786 3.44333e-05 0.614773 0.000429902
0.0925 0.638361 -0.0175659 3.6901e-05 0.620832 0.000457126
0.095 0.645019 -0.0182768 3.95359e-05 0.626782 0.000485955
0.0975 0.651587 -0.0190119 4.23485e-05 0.632618 0.000516476
0.1 0.658062 -0.0197716 4.53502e-05 0.638336 0.00054878
0.1025 0.664439 -0.0205567 4.85528e-05 0.643931 0.000582963
0.105 0.670714 -0.0213678 5.19689e-05 0.649398 0.000619123
0.1075 0.676882 -0.0222054 5.56118e-05 0.654733 0.000657365
0.11 0.682941 -0.0230703 5.94954e-05 0.65993 0.0006978
0.1125 0.688886 -0.0239629 6.36348e-05 0.664987 0.000740541
0.115 0.694713 -0.0248841 6.80455e-05 0.669897 0.000785708
0.1175 0.700418 -0.0258343 7.27442e-05 0.674656 0.000833426
0.12 0.705998 -0.0268143 7.77484e-05 0.679261 0.000883826
0.1225 0.711448 -0.0278247 8.30765e-05 0.683706 0.000937046
0.125 0.716765 -0.028866 8.87481e-05 0.687988 0.000993228
0.1275 0.721946 -0.0299391 9.47837e-05 0.692102 0.00105252
0.13 0.726987 -0.0310444 0.000101205 0.696044 0.00111508
0.1325 0.731884 -0.0321827 0.000108035 0.69981 0.00118107
0.135 0.736635 -0.0333546 0.000115298 0.703395 0.00125066
0.1375 0.741235 -0.0345608 0.000123019 0.706797 0.00132403
0.14 0.745682 -0.0358018 0.000131225 0.710011 0.00140136
0.1425 0.749972 -0.0370783 0.000139945 0.713034 0.00148284
0.145 0.754104 -0.038391 0.000149207 0.715862 0.00156868
0.1475 0.758072 -0.0397404 0.000159043 0.718491 0.00165908
0.15 0.761876 -0.0411272 0.000169487 0.720918 0.00175427
0.1525 0.765512 -0.042552 0.000180572 0.72314 0.00185446
0.155 0.768977 -0.0440154 0.000192335 0.725154 0.0019599
0.1575 0.772269 -0.0455181 0.000204815 0.726956 0.00207082
0.16 0.775387 -0.0470606 0.000218051 0.728544 0.00218749
0.1625 0.778326 -0.0486434 0.000232085 0.729915 0.00231017
0.165 0.781087 -0.0502672 0.000246963 0.731066 0.00243913
0.1675 0.783665 -0.0519326 0.000262731 0.731995 0.00257466
0.17 0.78606 -0.05364 0.000279436 0.7327 0.00271706
0.1725 0.78827 -0.05539 0.000297132 0.733178 0.00286664
0.175 0.790294 -0.0571832 0.000315871 0.733426 0.00302371
0.1775 0.792129 -0.0590199 0.000335709 0.733445 0.00318861
0.18 0.793774 -0.0609009 0.000356707 0.73323 0.00336169
0.1825 0.795229 -0.0628264 0.000378926 0.732782 0.00354329
0.185 0.796492 -0.064797 0.00040243 0.732098 0.00373379
0.1875 0.797562 -0.0668131 0.000427288 0.731177 0.00393357
0.19 0.798439 -0.0688751 0.00045357 0.730018 0.00414303
0.1925 0.799122 -0.0709834 0.000481351 0.72862 0.00436258
0.195 0.799609 -0.0731384 0.00051071 0.726982 0.00459264
0.1975 0.799902 -0.0753404 0.000541727 0.725104 0.00483365
0.2 0.8 -0.0775897 0.000574487 0.722985 0.00508607
0.2025 0.799902 -0.0798867 0.00060908 0.720625 0.00535036
0.205 0.799609 -0.0822317 0.000645598 0.718023 0.00562702
0.2075 0.799122 -0.0846248 0.000684138 0.715181 0.00591653
0.21 0.798439 -0.0870663 0.000724803 0.712098 0.00621942
0.2125 0.797562 -0.0895563 0.000767697 0.708774 0.00653622
0.215 0.796492 -0.0920951 0.00081293 0.70521 0.00686749
0.2175 0.795229 -0.0946827 0.000860619 0.701407 0.00721378
0.22 0.793774 -0.0973193 0.000910884 0.697366 0.00757568
0.2225 0.792129 -0.100005 0.000963848 0.693088 0.00795379
0.225 0.790294 -0.10274 0.00101964 0.688574 0.00834874
0.2275 0.78827 -0.105523 0.00107841 0.683826 0.00876116
0.23 0.78606 -0.108356 0.00114027 0.678845 0.00919171
0.2325 0.783665 -0.111237 0.0012054 0.673633 0.00964107
0.235 0.781087 -0.114167 0.00127393 0.668193 0.0101099
0.2375 0.778326 -0.117146 0.00134603 0.662526 0.010599
0.24 0.775387 -0.120173 0.00142187 0.656635 0.011109
0.2425 0.772269 -0.123249 0.00150161 0.650522 0.0116407
0.245 0.768977 -0.126372 0.00158544 0.644191 0.0121949
0.2475 0.765512 -0.129542 0.00167353 0.637643 0.0127723
0.25 0.761876 -0.13276 0.00176609 0.630882 0.0133739
0.2525 0.758072 -0.136025 0.00186332 0.623911 0.0140003
0.255 0.754104 -0.139335 0.00196541 0.616734 0.0146525
0.2575 0.749972 -0.142692 0.0020726 0.609353 0.0153313
0.26 0.745682 -0.146094 0.0021851 0.601773 0.0160377
0.2625 0.741235 -0.14954 0.00230314 0.593998 0.0167725
0.265 0.736635 -0.15303 0.00242696 0.586032 0.0175367
0.2675 0.731884 -0.156563 0.00255682 0.577878 0.0183313
0.27 0.726987 -0.160139 0.00269297 0.569541 0.0191572
0.2725 0.721946 -0.163757 0.00283567 0.561025 0.0200154
0.275 0.716765 -0.167415 0.00298521 0.552335 0.0209069
0.2775 0.711448 -0.171114 0.00314187 0.543476 0.0218328
0.28 0.705998 -0.174851 0.00330595 0.534452 0.0227942
0.2825 0.700418 -0.178627 0.00347774 0.525269 0.0237921
0.285 0.694713 -0.182439 0.00365756 0.515931 0.0248276
0.2875 0.688886 -0.186287 0.00384575 0.506444 0.0259018
0.29 0.682941 -0.19017 0.00404263 0.496814 0.0270159
0.2925 0.676882 -0.194087 0.00424855 0.487044 0.0281711
0.295 0.670714 -0.198036 0.00446387 0.477142 0.0293685
0.2975 0.664439 -0.202015 0.00468895 0.467112 0.0306093
0.3 0.658062 -0.206025 0.00492419 0.456961 0.0318948
0.3025 0.651587 -0.210063 0.00516996 0.446695 0.0332261
0.305 0.645019 -0.214128 0.00542668 0.436318 0.0346046
0.3075 0.638361 -0.218218 0.00569476 0.425838 0.0360314
0.31 0.631617 -0.222331 0.00597461 0.41526 0.0375079
0.3125 0.624792 -0.226468 0.00626669 0.404591 0.0390354
0.315 0.61789 -0.230624 0.00657145 0.393837 0.0406152
0.3175 0.610915 -0.2348 0.00688934 0.383005 0.0422486
0.32 0.603872 -0.238993 0.00722085 0.372099 0.0439369
0.3225 0.596764 -0.243202 0.00756646 0.361128 0.0456816
0.325 0.589595 -0.247424 0.00792668 0.350098 0.047484
0.3275 0.582371 -0.251658 0.00830202 0.339015 0.0493454
0.33 0.575094 -0.255902 0.00869301 0.327885 0.0512673
0.3325 0.56777 -0.260154 0.00910019 0.316716 0.053251
0.335 0.560402 -0.264412 0.00952412 0.305514 0.0552979
0.3375 0.552995 -0.268674 0.00996537 0.294286 0.0574096
0.34 0.545553 -0.272939 0.0104245 0.283038 0.0595873
0.3425 0.538079 -0.277203 0.0109021 0.271778 0.0618326
0.345 0.530578 -0.281465 0.0113989 0.260512 0.0641467
0.3475 0.523054 -0.285723 0.0119153 0.249246 0.0665313
0.35 0.515511 -0.289975 0.0124522 0.237988 0.0689876
0.3525 0.507953 -0.294218 0.01301 0.226745 0.0715172
0.355 0.500383 -0.29845 0.0135895 0.215522 0.0741214
0.3575 0.492806 -0.302669 0.0141913 0.204327 0.0768017
0.36 0.485225 -0.306873 0.0148162 0.193167 0.0795595
0.3625 0.477644 -0.31106 0.0154648 0.182049 0.0823962
0.365 0.470066 -0.315226 0.0161379 0.170978 0.0853132
0.3675 0.462496 -0.319371 0.0168362 0.159962 0.0883119
0.37 0.454937 -0.32349 0.0175604 0.149007 0.0913938
0.3725 0.447392 -0.327583 0.0183112 0.13812 0.09456
0.375 0.439865 -0.331647 0.0190895 0.127307 0.0978121
0.3775 0.432359 -0.335679 0.0198961 0.116575 0.101151
0.38 0.424877 -0.339678 0.0207316 0.105931 0.104579
0.3825 0.417423 -0.34364 0.021597 0.0953796 0.108096
0.385 0.409999 -0.347563 0.022493 0.0849287 0.111705
0.3875 0.402609 -0.351446 0.0234204 0.0745839 0.115406
0.39 0.395256 -0.355285 0.0243801 0.0643514 0.1192
0.3925 0.387942 -0.359078 0.025373 0.0542374 0.123089
0.395 0.380671 -0.362823 0.0263999 0.0442479 0.127074
0.3975 0.373445 -0.366518 0.0274616 0.0343887 0.131155
0.4 0.366267 -0.37016 0.028559 0.0246658 0.135335
0.4025 0.359139 -0.373747 0.029693 0.0150848 0.139614
0.405 0.352063 -0.377276 0.0308646 0.00565147 0.143993
0.4075 0.345043 -0.380746 0.0320745 -0.00362872 0.148474
0.41 0.33808 -0.384154 0.0333237 -0.0127503 0.153056
0.4125 0.331177 -0.387498 0.0346131 -0.0217079 0.157741
0.415 0.324336 -0.390776 0.0359437 -0.0304964 0.16253
0.4175 0.317558 -0.393985 0.0373162 -0.0391105 0.167423
0.42 0.310847 -0.397124 0.0387318 -0.0475453 0.172422
0.4225 0.304202 -0.400189 0.0401912 -0.055796 0.177526
0.425 0.297627 -0.40318 0.0416954 -0.0638578 0.182737
0.4275 0.291123 -0.406095 0.0432453 -0.0717259 0.188055
0.43 0.284692 -0.40893 0.044842 -0.079396 0.193481
0.4325 0.278335 -0.411685 0.0464862 -0.0868637 0.199014
0.435 0.272053 -0.414357 0.0481789 -0.0941247 0.204656
0.4375 0.265849 -0.416945 0.0499211 -0.101175 0.210406
0.44 0.259722 -0.419446 0.0517137 -0.10801 0.216265
0.4425 0.253675 -0.42186 0.0535575 -0.114627 0.222233
0.445 0.247707 -0.424183 0.0554536 -0.121022 0.22831
0.4475 0.241822 -0.426416 0.0574028 -0.127191 0.234496
0.45 0.236018 -0.428555 0.0594059 -0.133131 0.24079
0.4525 0.230298 -0.4306 0.061464 -0.138839 0.247194
0.455 0.224661 -0.43255 0.0635779 -0.144311 0.253705
0.4575 0.219109 -0.434402 0.0657484 -0.149544 0.260325
0.46 0.213641 -0.436155 0.0679764 -0.154537 0.267052
0.4625 0.20826 -0.437809 0.0702627 -0.159286 0.273886
0.465 0.202964 -0.439361 0.0726082 -0.163789 0.280826
0.4675 0.197755 -0.440812 0.0750137 -0.168043 0.287872
0.47 0.192632 -0.442159 0.07748 -0.172047 0.295023
0.4725 0.187597 -0.443402 0.0800078 -0.175798 0.302277
0.475 0.182648 -0.44454 0.0825979 -0.179294 0.309634
0.4775 0.177787 -0.445572 0.085251 -0.182535 0.317093
0.48 0.173012 -0.446498 0.0879679 -0.185518 0.324652
0.4825 0.168325 -0.447316 0.0907493 -0.188242 0.332311
0.485 0.163725 -0.448027 0.0935957 -0.190707 0.340067
0.4875 0.159211 -0.448629 0.0965078 -0.19291 0.347919
0.49 0.154784 -0.449122 0.0994862 -0.194851 0.355865
0.4925 0.150444 -0.449506 0.102532 -0.19653 0.363904
0.495 0.14619 -0.44978 0.105644 -0.197946 0.372034
0.4975 0.142021 -0.449945 0.108825 -0.199099 0.380253
0.5 0.137937 -0.45 0.112074 -0.199989 0.388558
0.5025 0.133938 -0.449945 0.115392 -0.200615 0.396948
0.505 0.130024 -0.44978 0.118779 -0.200977 0.40542
0.5075 0.126193 -0.449506 0.122236 -0.201077 0.413972
0.51 0.122445 -0.449122 0.125762 -0.200915 0.4226
0.5125 0.118779 -0.448629 0.129359 -0.200491 0.431304
0.515 0.115195 -0.448027 0.133026 -0.199806 0.440079
0.5175 0.111691 -0.447316 0.136764 -0.198861 0.448923
0.52 0.108268 -0.446498 0.140572 -0.197657 0.457833
0.5225 0.104924 -0.445572 0.144452 -0.196197 0.466806
0.525 0.101659 -0.44454 0.148402 -0.19448 0.475839
0.5275 0.0984711 -0.443402 0.152422 -0.192509 0.484928
0.53 0.0953599 -0.442159 0.156514 -0.190285 0.49407
0.5325 0.0923245 -0.440812 0.160676 -0.187811 0.503261
0.535 0.0893639 -0.439361 0.164908 -0.185089 0.512499
0.5375 0.0864772 -0.437809 0.169211 -0.18212 0.521778
0.54 0.0836632 -0.436155 0.173584 -0.178908 0.531096
0.5425 0.0809211 -0.434402 0.178026 -0.175455 0.540448
0.545 0.0782497 -0.43255 0.182537 -0.171763 0.549831
0.5475 0.075648 -0.4306 0.187117 -0.167835 0.55924
0.55 0.073115 -0.428555 0.191765 -0.163675 0.568671
0.5525 0.0706496 -0.426416 0.19648 -0.159286 0.57812
0.555 0.0682506 -0.424183 0.201262 -0.15467 0.587583
0.5575 0.065917 -0.42186 0.206111 -0.149832 0.597054
0.56 0.0636476 -0.419446 0.211024 -0.144774 0.606531
0.5625 0.0614414 -0.416945 0.216002 -0.139501 0.616007
0.565 0.0592971 -0.414357 0.221043 -0.134017 0.625479
0.5675 0.0572138 -0.411685 0.226147 -0.128324 0.634941
0.57 0.0551901 -0.40893 0.231312 -0.122428 0.644389
0.5725 0.053225 -0.406095 0.236538 -0.116332 0.653818
0.575 0.0513174 -0.40318 0.241822 -0.110041 0.663223
0.5775 0.049466 -0.400189 0.247164 -0.103559 0.672599
0.58 0.0476699 -0.397124 0.252563 -0.096891 0.681941
0.5825 0.0459277 -0.393985 0.258016 -0.0900413 0.691244
0.585 0.0442384 -0.390776 0.263523 -0.0830146 0.700503
0.5875 0.0426008 -0.387498 0.269082 -0.075816 0.709712
0.59 0.0410138 -0.384154 0.27469 -0.0684503 0.718868
0.5925 0.0394763 -0.380746 0.280348 -0.0609225 0.727963
0.595 0.0379872 -0.377276 0.286051 -0.0532378 0.736994
0.5975 0.0365453 -0.373747 0.2918 -0.0454014 0.745954
0.6 0.0351495 -0.37016 0.297592 -0.0374187 0.75484
0.6025 0.0337989 -0.366518 0.303424 -0.0292949 0.763644
0.605 0.0324921 -0.362823 0.309295 -0.0210357 0.772363
0.6075 0.0312283 -0.359078 0.315203 -0.0126465 0.78099
0.61 0.0300063 -0.355285 0.321145 -0.00413289 0.789522
0.6125 0.0288251 -0.351446 0.32712 0.00449936 0.797951
0.615 0.0276837 -0.347563 0.333124 0.0132445 0.806274
0.6175 0.0265809 -0.34364 0.339156 0.0220968 0.814484
0.62 0.0255158 -0.339678 0.345212 0.0310504 0.822578
0.6225 0.0244875 -0.335679 0.351291 0.0400993 0.830549
0.625 0.0234948 -0.331647 0.35739 0.0492377 0.838392
0.6275 0.0225369 -0.327583 0.363506 0.0584594 0.846103
0.63 0.0216128 -0.32349 0.369636 0.0677585 0.853676
0.6325 0.0207214 -0.319371 0.375778 0.077129 0.861107
0.635 0.0198621 -0.315226 0.381929 0.0865646 0.868391
0.6375 0.0190336 -0.31106 0.388085 0.0960593 0.875522
0.64 0.0182353 -0.306873 0.394245 0.105607 0.882497
0.6425 0.0174663 -0.302669 0.400405 0.115201 0.88931
0.645 0.0167255 -0.29845 0.406561 0.124836 0.895957
0.6475 0.0160123 -0.294218 0.412711 0.134506 0.902433
0.65 0.0153257 -0.289975 0.418853 0.144203 0.908734
0.6525 0.014665 -0.285723 0.424981 0.153923 0.914855
0.655 0.0140294 -0.281465 0.431095 0.163659 0.920793
0.6575 0.013418 -0.277203 0.437189 0.173404 0.926544
0.66 0.0128302 -0.272939 0.443261 0.183153 0.932102
0.6625 0.0122651 -0.268674 0.449308 0.192899 0.937466
0.665 0.011722 -0.264412 0.455327 0.202637 0.942629
0.6675 0.0112002 -0.260154 0.461313 0.212359 0.94759
0.67 0.0106991 -0.255902 0.467264 0.222061 0.952345
0.6725 0.0102179 -0.251658 0.473176 0.231736 0.956889
0.675 0.00975591 -0.247424 0.479046 0.241378 0.961221
0.6775 0.00931257 -0.243202 0.48487 0.250981 0.965337
0.68 0.0088872 -0.238993 0.490646 0.26054 0.969233
0.6825 0.00847919 -0.2348 0.496369 0.270048 0.972908
0.685 0.00808794 -0.230624 0.502036 0.279499 0.976358
0.6875 0.00771285 -0.226468 0.507644 0.288889 0.979581
0.69 0.00735337 -0.222331 0.513189 0.298211 0.982575
0.6925 0.00700893 -0.218218 0.518668 0.30746 0.985338
0.695 0.00667899 -0.214128 0.524078 0.316629 0.987867
0.6975 0.00636303 -0.210063 0.529415 0.325715 0.990161
0.7 0.00606054 -0.206025 0.534675 0.334711 0.992218
0.7025 0.00577102 -0.202015 0.539857 0.343612 0.994036
0.705 0.00549399 -0.198036 0.544955 0.352413 0.995615
0.7075 0.00522898 -0.194087 0.549967 0.361109 0.996953
0.71 0.00497554 -0.19017 0.55489 0.369695 0.998049
0.7125 0.00473323 -0.186287 0.55972 0.378166 0.998902
0.715 0.00450161 -0.182439 0.564454 0.386517 0.999512
0.7175 0.00428029 -0.178627 0.56909 0.394743 0.999878
0.72 0.00406886 -0.174851 0.573623 0.402841 1
0.7225 0.00386692 -0.171114 0.578051 0.410805 0.999878
0.725 0.00367411 -0.167415 0.582372 0.418631 0.999512
0.7275 0.00349006 -0.163757 0.586581 0.426314 0.998902
0.73 0.00331442 -0.160139 0.590677 0.433852 0.998049
0.7325 0.00314686 -0.156563 0.594656 0.441239 0.996953
0.735 0.00298703 -0.15303 0.598516 0.448473 0.995615
0.7375 0.00283463 -0.14954 0.602253 0.455548 0.994036
0.74 0.00268935 -0.146094 0.605867 0.462462 0.992218
0.7425 0.00255089 -0.142692 0.609353 0.469212 0.990161
0.745 0.00241897 -0.139335 0.612709 0.475793 0.987867
0.7475 0.00229331 -0.136025 0.615934 0.482202 0.985338
0.75 0.00217365 -0.13276 0.619024 0.488438 0.982575
0.7525 0.00205973 -0.129542 0.621978 0.494495 0.979581
0.755 0.00195131 -0.126372 0.624794 0.500373 0.976358
0.7575 0.00184814 -0.123249 0.627469 0.506068 0.972908
0.76 0.00174999 -0.120173 0.630002 0.511578 0.969233
0.7625 0.00165666 -0.117146 0.63239 0.516901 0.965337
0.765 0.00156792 -0.114167 0.634633 0.522033 0.961221
0.7675 0.00148357 -0.111237 0.636728 0.526974 0.956889
0.77 0.00140342 -0.108356 0.638674 0.531722 0.952345
0.7725 0.00132727 -0.105523 0.64047 0.536274 0.94759
0.775 0.00125495 -0.10274 0.642114 0.540629 0.942629
0.7775 0.00118627 -0.100005 0.643605 0.544786 0.937466
0.78 0.00112109 -0.0973193 0.644942 0.548743 0.932102
0.7825 0.00105922 -0.0946827 0.646124 0.5525 0.926544
0.785 0.00100053 -0.0920951 0.64715 0.556055 0.920793
0.7875 0.000944857 -0.0895563 0.648019 0.559408 0.914855
0.79 0.000892065 -0.0870663 0.648732 0.562558 0.908734
0.7925 0.000842017 -0.0846248 0.649286 0.565504 0.902433
0.795 0.000794582 -0.0822317 0.649683 0.568246 0.895957
0.7975 0.000749637 -0.0798867 0.649921 0.570784 0.88931
0.8 0.000707061 -0.0775897 0.65 0.573117 0.882497
0.8025 0.000666741 -0.0753404 0.649921 0.575247 0.875522
0.805 0.000628566 -0.0731384 0.649683 0.577173 0.868391
0.8075 0.000592433 -0.0709834 0.649286 0.578895 0.861107
0.81 0.00055824 -0.0688751 0.648732 0.580415 0.853676
0.8125 0.000525892 -0.0668131 0.648019 0.581732 0.846103
0.815 0.000495298 -0.064797 0.64715 0.582848 0.838392
0.8175 0.00046637 -0.0628264 0.646124 0.583764 0.830549
0.82 0.000439024 -0.0609009 0.644942 0.58448 0.822578
0.8225 0.000413181 -0.0590199 0.643605 0.584998 0.814484
0.825 0.000388764 -0.0571832 0.642114 0.585319 0.806274
0.8275 0.000365701 -0.05539 0.64047 0.585445 0.797951
0.83 0.000343922 -0.05364 0.638674 0.585378 0.789522
0.8325 0.000323361 -0.0519326 0.636728 0.585119 0.78099
0.835 0.000303955 -0.0502672 0.634633 0.58467 0.772363
0.8375 0.000285644 -0.0486434 0.63239 0.584032 0.763644
0.84 0.00026837 -0.0470606 0.630002 0.583209 0.75484
0.8425 0.00025208 -0.0455181 0.627469 0.582203 0.745954
0.845 0.00023672 -0.0440154 0.624794 0.581015 0.736994
0.8475 0.000222242 -0.042552 0.621978 0.579648 0.727963
0.85 0.000208599 -0.0411272 0.619024 0.578106 0.718868
0.8525 0.000195745 -0.0397404 0.615934 0.576389 0.709712
0.855 0.000183639 -0.038391 0.612709 0.574502 0.700503
0.8575 0.000172239 -0.0370783 0.609353 0.572447 0.691244
0.86 0.000161508 -0.0358018 0.605867 0.570226 0.681941
0.8625 0.000151408 -0.0345608 0.602253 0.567844 0.672599
0.865 0.000141905 -0.0333546 0.598516 0.565303 0.663223
0.8675 0.000132966 -0.0321827 0.594656 0.562606 0.653818
0.87 0.00012456 -0.0310444 0.590677 0.559757 0.644389
0.8725 0.000116657 -0.0299391 0.586581 0.556759 0.634941
0.875 0.000109228 -0.028866 0.582372 0.553615 0.625479
0.8775 0.000102248 -0.0278247 0.578051 0.550329 0.616007
0.88 9.56903e-05 -0.0268143 0.573623 0.546904 0.606531
0.8825 8.95313e-05 -0.0258343 0.56909 0.543345 0.597054
0.885 8.37483e-05 -0.0248841 0.564454 0.539654 0.587583
0.8875 7.83197e-05 -0.0239629 0.55972 0.535835 0.57812
0.89 7.32251e-05 -0.0230703 0.55489 0.531893 0.568671
0.8925 6.84452e-05 -0.0222054 0.549967 0.52783 0.55924
0.895 6.39617e-05 -0.0213678 0.544955 0.523651 0.549831
0.8975 5.97573e-05 -0.0205567 0.539857 0.51936 0.540448
0.9 5.58157e-05 -0.0197716 0.534675 0.51496 0.531096
0.9025 5.21213e-05 -0.0190119 0.529415 0.510455 0.521778
0.905 4.86595e-05 -0.0182768 0.524078 0.50585 0.512499
0.9075 4.54166e-05 -0.0175659 0.518668 0.501148 0.503261
0.91 4.23795e-05 -0.0168786 0.513189 0.496353 0.49407
0.9125 3.95358e-05 -0.0162141 0.507644 0.491469 0.484928
0.915 3.68739e-05 -0.0155721 0.502036 0.486501 0.475839
0.9175 3.43828e-05 -0.0149518 0.496369 0.481451 0.466806
0.92 3.20522e-05 -0.0143527 0.490646 0.476325 0.457833
0.9225 2.98723e-05 -0.0137742 0.48487 0.471126 0.448923
0.925 2.78339e-05 -0.0132158 0.479046 0.465858 0.440079
0.9275 2.59282e-05 -0.012677 0.473176 0.460525 0.431304
0.93 2.41471e-05 -0.0121572 0.467264 0.455131 0.4226
0.9325 2.24828e-05 -0.0116558 0.461313 0.44968 0.413972
0.935 2.09282e-05 -0.0111724 0.455327 0.444175 0.40542
0.9375 1.94763e-05 -0.0107064 0.449308 0.438622 0.396948
0.94 1.81207e-05 -0.0102574 0.443261 0.433022 0.388558
0.9425 1.68553e-05 -0.00982477 0.437189 0.427381 0.380253
0.945 1.56745e-05 -0.00940811 0.431095 0.421702 0.372034
0.9475 1.45728e-05 -0.00900692 0.424981 0.415989 0.363904
0.95 1.35453e-05 -0.00862073 0.418853 0.410245 0.355865
0.9525 1.25871e-05 -0.00824908 0.412711 0.404475 0.347919
0.955 1.16939e-05 -0.00789153 0.406561 0.398681 0.340067
0.9575 1.08614e-05 -0.00754764 0.400405 0.392868 0.332311
0.96 1.00857e-05 -0.00721697 0.394245 0.387038 0.324652
0.9625 9.3631e-06 -0.0068991 0.388085 0.381196 0.317093
0.965 8.69016e-06 -0.00659362 0.381929 0.375344 0.309634
0.9675 8.06362e-06 -0.00630013 0.375778 0.369486 0.302277
0.97 7.48042e-06 -0.00601824 0.369636 0.363625 0.295023
0.9725 6.93771e-06 -0.00574755 0.363506 0.357765 0.287872
0.975 6.4328e-06 -0.0054877 0.35739 0.351909 0.280826
0.9775 5.96318e-06 -0.00523832 0.351291 0.346059 0.273886
0.98 5.5265e-06 -0.00499905 0.345212 0.340219 0.267052
0.9825 5.12054e-06 -0.00476954 0.339156 0.334391 0.260325
0.985 4.74325e-06 -0.00454946 0.333124 0.328579 0.253705
0.9875 4.39268e-06 -0.00433848 0.32712 0.322786 0.247194
0.99 4.06703e-06 -0.00413627 0.321145 0.317013 0.24079
0.9925 3.76461e-06 -0.00394252 0.315203 0.311264 0.234496
0.995 3.48382e-06 -0.00375693 0.309295 0.305542 0.22831
0.9975 3.22318e-06 -0.00357921 0.303424 0.299848 0.222233
1 2.98132e-06 -0.00340905 0.297592 0.294186 0.216265
