x v gap
0 0 0
0.0025 0.0168104 0.000467614
0.005 0.0336208 0.000930673
0.0075 0.0504312 0.00138463
0.01 0.0672415 0.00182493
0.0125 0.0840519 0.00224703
0.015 0.100862 0.00264641
0.0175 0.117673 0.00301853
0.02 0.134483 0.00335888
0.0225 0.151293 0.00366295
0.025 0.168104 0.00392626
0.0275 0.184914 0.00414435
0.03 0.201725 0.00431275
0.0325 0.218535 0.00442704
0.035 0.235345 0.00448281
0.0375 0.252156 0.00447567
0.04 0.268966 0.00440126
0.0425 0.285777 0.00425525
0.045 0.302587 0.00403333
0.0475 0.319397 0.00373124
0.05 0.336208 0.00334473
0.0525 0.353018 0.00286959
0.055 0.369829 0.00230167
0.0575 0.386639 0.00163681
0.06 0.403449 0.000870942
0.0625 0.42026 0
0.065 0.4344 0.00169014
0.0675 0.44854 0.00326723
0.07 0.46268 0.00472736
0.0725 0.476821 0.00606665
0.075 0.490961 0.00728129
0.0775 0.505101 0.00836749
0.08 0.519241 0.00932153
0.0825 0.533381 0.0101398
0.085 0.547522 0.0108185
0.0875 0.561662 0.0113543
0.09 0.575802 0.0117436
0.0925 0.589942 0.011983
0.095 0.604083 0.0120691
0.0975 0.618223 0.0119985
0.1 0.632363 0.011768
0.1025 0.646503 0.0113745
0.105 0.660644 0.0108147
0.1075 0.674784 0.0100856
0.11 0.688924 0.00918434
0.1125 0.703064 0.00810784
0.115 0.717204 0.00685329
0.1175 0.731345 0.00541791
0.12 0.745485 0.00379899
0.1225 0.759625 0.00199387
0.125 0.773765 0
0.1275 0.783221 0.00249912
0.13 0.792677 0.00480458
0.1325 0.802133 0.00691403
0.135 0.811589 0.0088252
0.1375 0.821045 0.0105359
0.14 0.830501 0.0120441
0.1425 0.839957 0.0133476
0.145 0.849413 0.0144446
0.1475 0.858869 0.0153332
0.15 0.868325 0.0160116
0.1525 0.877781 0.0164781
0.155 0.887237 0.0167311
0.1575 0.896693 0.0167689
0.16 0.906149 0.0165903
0.1625 0.915605 0.0161937
0.165 0.925061 0.0155779
0.1675 0.934517 0.0147417
0.17 0.943973 0.013684
0.1725 0.953429 0.0124037
0.175 0.962885 0.0108998
0.1775 0.972341 0.00917155
0.18 0.981797 0.0072181
0.1825 0.991253 0.00503876
0.185 1.00071 0.0026329
0.1875 1.01017 0
0.19 1.01404 0.00271792
0.1925 1.01792 0.00520799
0.195 1.0218 0.00746993
0.1975 1.02568 0.00950354
0.2 1.02955 0.0113087
0.2025 1.03343 0.0128854
0.205 1.03731 0.0142337
0.2075 1.04119 0.0153538
0.21 1.04506 0.0162458
0.2125 1.04894 0.01691
0.215 1.05282 0.0173469
0.2175 1.0567 0.017557
0.22 1.06057 0.0175407
0.2225 1.06445 0.0172987
0.225 1.06833 0.0168317
0.2275 1.07221 0.0161406
0.23 1.07609 0.0152261
0.2325 1.07996 0.0140892
0.235 1.08384 0.012731
0.2375 1.08772 0.0111525
0.24 1.0916 0.00935492
0.2425 1.09547 0.00733953
0.245 1.09935 0.00510764
0.2475 1.10323 0.00266064
0.25 1.10711 0
0.2525 1.10577 0.00233938
0.255 1.10444 0.00446828
0.2575 1.1031 0.00638837
0.26 1.10177 0.0081014
0.2625 1.10043 0.00960919
0.265 1.0991 0.0109136
0.2675 1.09777 0.0120166
0.27 1.09643 0.0129202
0.2725 1.0951 0.0136265
0.275 1.09376 0.0141375
0.2775 1.09243 0.0144556
0.28 1.09109 0.0145828
0.2825 1.08976 0.0145216
0.285 1.08842 0.0142744
0.2875 1.08709 0.0138434
0.29 1.08576 0.0132312
0.2925 1.08442 0.0124404
0.295 1.08309 0.0114735
0.2975 1.08175 0.010333
0.3 1.08042 0.00902179
0.3025 1.07908 0.00754245
0.305 1.07775 0.00589778
0.3075 1.07641 0.00409057
0.31 1.07508 0.00212369
0.3125 1.07375 0
0.315 1.06861 0.00152143
0.3175 1.06348 0.00289195
0.32 1.05835 0.00411455
0.3225 1.05321 0.00519227
0.325 1.04808 0.00612818
0.3275 1.04294 0.00692536
0.33 1.03781 0.00758693
0.3325 1.03268 0.00811606
0.335 1.02754 0.00851592
0.3375 1.02241 0.00878971
0.34 1.01728 0.00894065
0.3425 1.01214 0.00897198
0.345 1.00701 0.00888698
0.3475 1.00188 0.00868892
0.35 0.996744 0.00838111
0.3525 0.991611 0.00796684
0.355 0.986477 0.00744946
0.3575 0.981344 0.00683229
0.36 0.97621 0.00611869
0.3625 0.971077 0.005312
0.365 0.965943 0.00441559
0.3675 0.96081 0.00343281
0.37 0.955677 0.00236704
0.3725 0.950543 0.00122165
0.375 0.94541 0
0.3775 0.93845 0.000532103
0.38 0.931489 0.000994679
0.3825 0.924529 0.00139109
0.385 0.917569 0.00172467
0.3875 0.910609 0.00199878
0.39 0.903649 0.00221675
0.3925 0.896689 0.0023819
0.395 0.889729 0.00249753
0.3975 0.882769 0.00256694
0.4 0.875809 0.0025934
0.4025 0.868849 0.00258019
0.405 0.861889 0.00253053
0.4075 0.854929 0.00244765
0.41 0.847969 0.00233475
0.4125 0.841008 0.002195
0.415 0.834048 0.00203156
0.4175 0.827088 0.00184754
0.42 0.820128 0.00164604
0.4225 0.813168 0.00143014
0.425 0.806208 0.00120287
0.4275 0.799248 0.000967238
0.43 0.792288 0.000726212
0.4325 0.785328 0.000482734
0.435 0.778368 0.000239707
0.4375 0.771408 0
0.44 0.764551 -0.000337331
0.4425 0.757695 -0.000665724
0.445 0.750839 -0.000982428
0.4475 0.743982 -0.00128473
0.45 0.737126 -0.00156997
0.4525 0.73027 -0.00183553
0.455 0.723414 -0.00207881
0.4575 0.716557 -0.0022973
0.46 0.709701 -0.00248849
0.4625 0.702845 -0.00264996
0.465 0.695988 -0.00277931
0.4675 0.689132 -0.00287419
0.47 0.682276 -0.00293232
0.4725 0.675419 -0.00295146
0.475 0.668563 -0.0029294
0.4775 0.661707 -0.00286402
0.48 0.65485 -0.00275323
0.4825 0.647994 -0.002595
0.485 0.641138 -0.00238735
0.4875 0.634282 -0.00212836
0.49 0.627425 -0.00181616
0.4925 0.620569 -0.00144896
0.495 0.613713 -0.00102498
0.4975 0.606856 -0.00054254
0.5 0.6 0
0.5025 0.59461 -0.000862524
0.505 0.589221 -0.00166185
0.5075 0.583831 -0.00239651
0.51 0.578442 -0.0030651
0.5125 0.573052 -0.00366629
0.515 0.567663 -0.00419878
0.5175 0.562273 -0.00466136
0.52 0.556883 -0.00505286
0.5225 0.551494 -0.00537218
0.525 0.546104 -0.00561827
0.5275 0.540715 -0.00579017
0.53 0.535325 -0.00588694
0.5325 0.529936 -0.00590772
0.535 0.524546 -0.00585172
0.5375 0.519157 -0.0057182
0.54 0.513767 -0.00550649
0.5425 0.508377 -0.00521595
0.545 0.502988 -0.00484604
0.5475 0.497598 -0.00439626
0.55 0.492209 -0.00386617
0.5525 0.486819 -0.0032554
0.555 0.48143 -0.00256363
0.5575 0.47604 -0.00179059
0.56 0.47065 -0.000936097
0.5625 0.465261 0
0.565 0.461839 -0.000950312
0.5675 0.458418 -0.00181891
0.57 0.454997 -0.00260583
0.5725 0.451575 -0.00331116
0.575 0.448154 -0.00393505
0.5775 0.444732 -0.00447768
0.58 0.441311 -0.00493932
0.5825 0.437889 -0.00532027
0.585 0.434468 -0.00562091
0.5875 0.431046 -0.00584163
0.59 0.427625 -0.00598292
0.5925 0.424203 -0.00604529
0.595 0.420782 -0.00602931
0.5975 0.41736 -0.00593561
0.6 0.413939 -0.00576485
0.6025 0.410517 -0.00551774
0.605 0.407096 -0.00519507
0.6075 0.403675 -0.00479764
0.61 0.400253 -0.0043263
0.6125 0.396832 -0.00378197
0.615 0.39341 -0.00316558
0.6175 0.389989 -0.00247814
0.62 0.386567 -0.00172068
0.6225 0.383146 -0.000894256
0.625 0.379724 0
0.6275 0.377921 -0.000657236
0.63 0.376118 -0.00124898
0.6325 0.374314 -0.00177646
0.635 0.372511 -0.00224093
0.6375 0.370708 -0.00264371
0.64 0.368904 -0.00298611
0.6425 0.367101 -0.00326951
0.645 0.365298 -0.0034953
0.6475 0.363495 -0.00366491
0.65 0.361691 -0.00377978
0.6525 0.359888 -0.00384142
0.655 0.358085 -0.00385132
0.6575 0.356281 -0.00381102
0.66 0.354478 -0.00372208
0.6625 0.352675 -0.00358608
0.665 0.350872 -0.00340463
0.6675 0.349068 -0.00317935
0.67 0.347265 -0.00291188
0.6725 0.345462 -0.00260389
0.675 0.343658 -0.00225706
0.6775 0.341855 -0.00187307
0.68 0.340052 -0.00145365
0.6825 0.338249 -0.0010005
0.685 0.336445 -0.000515374
0.6875 0.334642 0
0.69 0.333541 -0.000158021
0.6925 0.332439 -0.000289314
0.695 0.331338 -0.000395646
0.6975 0.330236 -0.000478789
0.7 0.329135 -0.000540521
0.7025 0.328034 -0.000582623
0.705 0.326932 -0.000606875
0.7075 0.325831 -0.00061506
0.71 0.324729 -0.00060896
0.7125 0.323628 -0.000590353
0.715 0.322526 -0.000561016
0.7175 0.321425 -0.000522719
0.72 0.320324 -0.000477229
0.7225 0.319222 -0.000426305
0.725 0.318121 -0.000371696
0.7275 0.317019 -0.000315145
0.73 0.315918 -0.000258382
0.7325 0.314817 -0.000203126
0.735 0.313715 -0.000151084
0.7375 0.312614 -0.000103949
0.74 0.311512 -6.33983e-05
0.7425 0.310411 -3.10928e-05
0.745 0.30931 -8.67722e-06
0.7475 0.308208 2.22261e-06
0.75 0.307107 0
0.7525 0.305665 0.000323476
0.755 0.304223 0.000630679
0.7575 0.302781 0.000920066
0.76 0.30134 0.00119012
0.7625 0.299898 0.00143934
0.765 0.298456 0.00166626
0.7675 0.297014 0.00186944
0.77 0.295572 0.00204746
0.7725 0.29413 0.00219893
0.775 0.292689 0.00232249
0.7775 0.291247 0.00241682
0.78 0.289805 0.00248062
0.7825 0.288363 0.0025126
0.785 0.286921 0.00251155
0.7875 0.28548 0.00247626
0.79 0.284038 0.00240555
0.7925 0.282596 0.00229829
0.795 0.281154 0.00215338
0.7975 0.279712 0.00196976
0.8 0.27827 0.0017464
0.8025 0.276829 0.0014823
0.805 0.275387 0.00117651
0.8075 0.273945 0.000828105
0.81 0.272503 0.000436217
0.8125 0.271061 0
0.815 0.268542 0.000596099
0.8175 0.266023 0.00114631
0.82 0.263504 0.0016499
0.8225 0.260984 0.00210621
0.825 0.258465 0.00251458
0.8275 0.255946 0.00287441
0.83 0.253427 0.00318516
0.8325 0.250907 0.0034463
0.835 0.248388 0.00365736
0.8375 0.245869 0.0038179
0.84 0.24335 0.00392754
0.8425 0.24083 0.00398593
0.845 0.238311 0.00399276
0.8475 0.235792 0.00394777
0.85 0.233273 0.00385073
0.8525 0.230753 0.00370148
0.855 0.228234 0.00349988
0.8575 0.225715 0.00324582
0.86 0.223195 0.00293927
0.8625 0.220676 0.00258021
0.865 0.218157 0.00216868
0.8675 0.215638 0.00170476
0.87 0.213118 0.00118856
0.8725 0.210599 0.000620236
0.875 0.20808 0
0.8775 0.204321 0.000567511
0.88 0.200563 0.00108363
0.8825 0.196804 0.00154868
0.885 0.193045 0.00196304
0.8875 0.189287 0.00232709
0.89 0.185528 0.00264129
0.8925 0.181769 0.00290611
0.895 0.17801 0.00312209
0.8975 0.174252 0.00328977
0.9 0.170493 0.00340976
0.9025 0.166734 0.00348268
0.905 0.162976 0.00350921
0.9075 0.159217 0.00349006
0.91 0.155458 0.00342597
0.9125 0.1517 0.0033177
0.915 0.147941 0.00316608
0.9175 0.144182 0.00297194
0.92 0.140424 0.00273617
0.9225 0.136665 0.00245966
0.925 0.132906 0.00214337
0.9275 0.129148 0.00178825
0.93 0.125389 0.00139531
0.9325 0.12163 0.000965585
0.935 0.117872 0.000500119
0.9375 0.114113 0
0.94 0.109548 0.000272176
0.9425 0.104984 0.000511944
0.945 0.100419 0.000720466
0.9475 0.0958549 0.000898926
0.95 0.0912903 0.00104853
0.9525 0.0867258 0.00117051
0.955 0.0821613 0.0012661
0.9575 0.0775968 0.0013366
0.96 0.0730323 0.00138327
0.9625 0.0684678 0.00140743
0.965 0.0639032 0.00141039
0.9675 0.0593387 0.00139351
0.97 0.0547742 0.00135814
0.9725 0.0502097 0.00130564
0.975 0.0456452 0.00123739
0.9775 0.0410807 0.00115479
0.98 0.0365161 0.00105925
0.9825 0.0319516 0.000952168
0.985 0.0273871 0.000834978
0.9875 0.0228226 0.000709108
0.99 0.0182581 0.000575993
0.9925 0.0136936 0.000437077
0.995 0.00912903 0.000293806
0.9975 0.00456452 0.00014763
1 7.34788e-17 0
