x v gap
0 0 0
0.0025 0.0110711 0.00620693
0.005 0.0221421 0.0124093
0.0075 0.0332132 0.0186026
0.01 0.0442843 0.0247822
0.0125 0.0553553 0.0309436
0.015 0.0664264 0.0370823
0.0175 0.0774975 0.0431938
0.02 0.0885685 0.0492734
0.0225 0.0996396 0.0553168
0.025 0.110711 0.0613195
0.0275 0.121782 0.0672769
0.03 0.132853 0.0731846
0.0325 0.143924 0.0790382
0.035 0.154995 0.0848333
0.0375 0.166066 0.0905655
0.04 0.177137 0.0962304
0.0425 0.188208 0.101824
0.045 0.199279 0.107341
0.0475 0.21035 0.112778
0.05 0.221421 0.118131
0.0525 0.232492 0.123395
0.055 0.243563 0.128567
0.0575 0.254635 0.133641
0.06 0.265706 0.138615
0.0625 0.276777 0.143483
0.065 0.287848 0.148242
0.0675 0.298919 0.152889
0.07 0.30999 0.157418
0.0725 0.321061 0.161826
0.075 0.332132 0.16611
0.0775 0.343203 0.170265
0.08 0.354274 0.174289
0.0825 0.365345 0.178176
0.085 0.376416 0.181924
0.0875 0.387487 0.185529
0.09 0.398558 0.188987
0.0925 0.40963 0.192296
0.095 0.420701 0.195451
0.0975 0.431772 0.19845
0.1 0.442843 0.201288
0.1025 0.453914 0.203964
0.105 0.464985 0.206473
0.1075 0.476056 0.208814
0.11 0.487127 0.210981
0.1125 0.498198 0.212974
0.115 0.509269 0.214789
0.1175 0.52034 0.216422
0.12 0.531411 0.217873
0.1225 0.542482 0.219137
0.125 0.553553 0.220212
0.1275 0.564624 0.221096
0.13 0.575696 0.221786
0.1325 0.586767 0.222281
0.135 0.597838 0.222577
0.1375 0.608909 0.222672
0.14 0.61998 0.222566
0.1425 0.631051 0.222254
0.145 0.642122 0.221736
0.1475 0.653193 0.221009
0.15 0.664264 0.220073
0.1525 0.675335 0.218924
0.155 0.686406 0.217562
0.1575 0.697477 0.215985
0.16 0.708548 0.214191
0.1625 0.719619 0.212179
0.165 0.73069 0.209949
0.1675 0.741762 0.207497
0.17 0.752833 0.204825
0.1725 0.763904 0.201929
0.175 0.774975 0.19881
0.1775 0.786046 0.195467
0.18 0.797117 0.191898
0.1825 0.808188 0.188104
0.185 0.819259 0.184083
0.1875 0.83033 0.179835
0.19 0.841401 0.175359
0.1925 0.852472 0.170656
0.195 0.863543 0.165725
0.1975 0.874614 0.160565
0.2 0.885685 0.155177
0.2025 0.896756 0.14956
0.205 0.907828 0.143715
0.2075 0.918899 0.137642
0.21 0.92997 0.13134
0.2125 0.941041 0.124811
0.215 0.952112 0.118055
0.2175 0.963183 0.111071
0.22 0.974254 0.103861
0.2225 0.985325 0.0964261
0.225 0.996396 0.0887657
0.2275 1.00747 0.0808811
0.23 1.01854 0.0727732
0.2325 1.02961 0.064443
0.235 1.04068 0.0558914
0.2375 1.05175 0.0471195
0.24 1.06282 0.0381285
0.2425 1.07389 0.0289197
0.245 1.08496 0.0194944
0.2475 1.09604 0.00985404
0.25 1.10711 0
0.2525 1.10204 0.006076
0.255 1.09696 0.0119415
0.2575 1.09189 0.0175982
0.26 1.08682 0.0230479
0.2625 1.08175 0.0282923
0.265 1.07668 0.0333333
0.2675 1.07161 0.038173
0.27 1.06654 0.0428132
0.2725 1.06147 0.047256
0.275 1.0564 0.0515037
0.2775 1.05133 0.0555584
0.28 1.04625 0.0594223
0.2825 1.04118 0.0630977
0.285 1.03611 0.066587
0.2875 1.03104 0.0698927
0.29 1.02597 0.0730172
0.2925 1.0209 0.0759629
0.295 1.01583 0.0787326
0.2975 1.01076 0.0813288
0.3 1.00569 0.0837542
0.3025 1.00061 0.0860115
0.305 0.995543 0.0881034
0.3075 0.990472 0.0900328
0.31 0.985401 0.0918025
0.3125 0.98033 0.0934155
0.315 0.975259 0.0948745
0.3175 0.970188 0.0961827
0.32 0.965117 0.0973429
0.3225 0.960046 0.0983583
0.325 0.954975 0.0992318
0.3275 0.949904 0.0999666
0.33 0.944833 0.100566
0.3325 0.939762 0.101033
0.335 0.93469 0.10137
0.3375 0.929619 0.101582
0.34 0.924548 0.10167
0.3425 0.919477 0.101639
0.345 0.914406 0.101492
0.3475 0.909335 0.101231
0.35 0.904264 0.100861
0.3525 0.899193 0.100384
0.355 0.894122 0.0998047
0.3575 0.889051 0.0991251
0.36 0.88398 0.0983492
0.3625 0.878909 0.0974801
0.365 0.873838 0.0965213
0.3675 0.868767 0.0954762
0.37 0.863696 0.094348
0.3725 0.858624 0.0931403
0.375 0.853553 0.0918563
0.3775 0.848482 0.0904994
0.38 0.843411 0.0890729
0.3825 0.83834 0.0875803
0.385 0.833269 0.0860249
0.3875 0.828198 0.08441
0.39 0.823127 0.0827389
0.3925 0.818056 0.0810151
0.395 0.812985 0.0792417
0.3975 0.807914 0.0774221
0.4 0.802843 0.0755596
0.4025 0.797772 0.0736573
0.405 0.792701 0.0717187
0.4075 0.78763 0.0697468
0.41 0.782558 0.0677449
0.4125 0.777487 0.0657161
0.415 0.772416 0.0636636
0.4175 0.767345 0.0615906
0.42 0.762274 0.0595001
0.4225 0.757203 0.0573952
0.425 0.752132 0.0552789
0.4275 0.747061 0.0531543
0.43 0.74199 0.0510242
0.4325 0.736919 0.0488917
0.435 0.731848 0.0467597
0.4375 0.726777 0.044631
0.44 0.721706 0.0425084
0.4425 0.716635 0.0403948
0.445 0.711563 0.0382928
0.4475 0.706492 0.0362053
0.45 0.701421 0.0341348
0.4525 0.69635 0.032084
0.455 0.691279 0.0300555
0.4575 0.686208 0.0280518
0.46 0.681137 0.0260753
0.4625 0.676066 0.0241286
0.465 0.670995 0.022214
0.4675 0.665924 0.0203339
0.47 0.660853 0.0184905
0.4725 0.655782 0.0166862
0.475 0.650711 0.014923
0.4775 0.64564 0.0132031
0.48 0.640569 0.0115287
0.4825 0.635497 0.00990168
0.485 0.630426 0.00832409
0.4875 0.625355 0.00679784
0.49 0.620284 0.00532479
0.4925 0.615213 0.00390676
0.495 0.610142 0.0025455
0.4975 0.605071 0.0012427
0.5 0.6 0
0.5025 0.597071 -0.00332315
0.505 0.594142 -0.00658311
0.5075 0.591213 -0.0097784
0.51 0.588284 -0.0129076
0.5125 0.585355 -0.0159694
0.515 0.582426 -0.0189626
0.5175 0.579497 -0.0218858
0.52 0.576569 -0.0247379
0.5225 0.57364 -0.0275179
0.525 0.570711 -0.0302246
0.5275 0.567782 -0.0328571
0.53 0.564853 -0.0354145
0.5325 0.561924 -0.0378959
0.535 0.558995 -0.0403006
0.5375 0.556066 -0.0426277
0.54 0.553137 -0.0448766
0.5425 0.550208 -0.0470467
0.545 0.547279 -0.0491374
0.5475 0.54435 -0.0511482
0.55 0.541421 -0.0530788
0.5525 0.538492 -0.0549286
0.555 0.535563 -0.0566975
0.5575 0.532635 -0.0583851
0.56 0.529706 -0.0599912
0.5625 0.526777 -0.0615158
0.565 0.523848 -0.0629586
0.5675 0.520919 -0.0643198
0.57 0.51799 -0.0655992
0.5725 0.515061 -0.0667971
0.575 0.512132 -0.0679135
0.5775 0.509203 -0.0689487
0.58 0.506274 -0.0699028
0.5825 0.503345 -0.0707763
0.585 0.500416 -0.0715695
0.5875 0.497487 -0.0722828
0.59 0.494558 -0.0729166
0.5925 0.49163 -0.0734715
0.595 0.488701 -0.073948
0.5975 0.485772 -0.0743469
0.6 0.482843 -0.0746687
0.6025 0.479914 -0.0749141
0.605 0.476985 -0.0750839
0.6075 0.474056 -0.075179
0.61 0.471127 -0.0752002
0.6125 0.468198 -0.0751485
0.615 0.465269 -0.0750246
0.6175 0.46234 -0.0748297
0.62 0.459411 -0.0745648
0.6225 0.456482 -0.0742309
0.625 0.453553 -0.0738292
0.6275 0.450624 -0.0733608
0.63 0.447696 -0.0728269
0.6325 0.444767 -0.0722287
0.635 0.441838 -0.0715675
0.6375 0.438909 -0.0708447
0.64 0.43598 -0.0700614
0.6425 0.433051 -0.0692192
0.645 0.430122 -0.0683193
0.6475 0.427193 -0.0673633
0.65 0.424264 -0.0663525
0.6525 0.421335 -0.0652885
0.655 0.418406 -0.0641728
0.6575 0.415477 -0.0630069
0.66 0.412548 -0.0617923
0.6625 0.409619 -0.0605306
0.665 0.40669 -0.0592235
0.6675 0.403762 -0.0578726
0.67 0.400833 -0.0564795
0.6725 0.397904 -0.0550459
0.675 0.394975 -0.0535734
0.6775 0.392046 -0.0520638
0.68 0.389117 -0.0505187
0.6825 0.386188 -0.0489399
0.685 0.383259 -0.0473292
0.6875 0.38033 -0.0456881
0.69 0.377401 -0.0440186
0.6925 0.374472 -0.0423224
0.695 0.371543 -0.0406012
0.6975 0.368614 -0.0388568
0.7 0.365685 -0.037091
0.7025 0.362756 -0.0353056
0.705 0.359828 -0.0335023
0.7075 0.356899 -0.031683
0.71 0.35397 -0.0298494
0.7125 0.351041 -0.0280032
0.715 0.348112 -0.0261464
0.7175 0.345183 -0.0242806
0.72 0.342254 -0.0224075
0.7225 0.339325 -0.0205291
0.725 0.336396 -0.018647
0.7275 0.333467 -0.0167629
0.73 0.330538 -0.0148786
0.7325 0.327609 -0.0129958
0.735 0.32468 -0.0111162
0.7375 0.321751 -0.00924158
0.74 0.318823 -0.0073735
0.7425 0.315894 -0.00551367
0.745 0.312965 -0.00366373
0.7475 0.310036 -0.0018253
0.75 0.307107 0
0.7525 0.304036 0.00195273
0.755 0.300965 0.00388919
0.7575 0.297894 0.00580783
0.76 0.294823 0.00770713
0.7625 0.291751 0.00958561
0.765 0.28868 0.0114418
0.7675 0.285609 0.0132742
0.77 0.282538 0.0150815
0.7725 0.279467 0.0168622
0.775 0.276396 0.018615
0.7775 0.273325 0.0203386
0.78 0.270254 0.0220317
0.7825 0.267183 0.0236929
0.785 0.264112 0.0253211
0.7875 0.261041 0.0269151
0.79 0.25797 0.0284736
0.7925 0.254899 0.0299956
0.795 0.251828 0.03148
0.7975 0.248756 0.0329256
0.8 0.245685 0.0343315
0.8025 0.242614 0.0356966
0.805 0.239543 0.0370201
0.8075 0.236472 0.0383009
0.81 0.233401 0.0395383
0.8125 0.23033 0.0407313
0.815 0.227259 0.0418793
0.8175 0.224188 0.0429813
0.82 0.221117 0.0440367
0.8225 0.218046 0.0450448
0.825 0.214975 0.046005
0.8275 0.211904 0.0469166
0.83 0.208833 0.0477792
0.8325 0.205762 0.0485921
0.835 0.20269 0.049355
0.8375 0.199619 0.0500673
0.84 0.196548 0.0507288
0.8425 0.193477 0.051339
0.845 0.190406 0.0518976
0.8475 0.187335 0.0524044
0.85 0.184264 0.0528592
0.8525 0.181193 0.0532618
0.855 0.178122 0.053612
0.8575 0.175051 0.0539097
0.86 0.17198 0.054155
0.8625 0.168909 0.0543477
0.865 0.165838 0.054488
0.8675 0.162767 0.0545759
0.87 0.159696 0.0546115
0.8725 0.156624 0.054595
0.875 0.153553 0.0545265
0.8775 0.150482 0.0544064
0.88 0.147411 0.054235
0.8825 0.14434 0.0540124
0.885 0.141269 0.0537391
0.8875 0.138198 0.0534156
0.89 0.135127 0.0530422
0.8925 0.132056 0.0526194
0.895 0.128985 0.0521477
0.8975 0.125914 0.0516278
0.9 0.122843 0.0510602
0.9025 0.119772 0.0504455
0.905 0.116701 0.0497844
0.9075 0.11363 0.0490776
0.91 0.110558 0.0483259
0.9125 0.107487 0.0475301
0.915 0.104416 0.0466908
0.9175 0.101345 0.0458091
0.92 0.0982742 0.0448857
0.9225 0.0952031 0.0439216
0.925 0.092132 0.0429177
0.9275 0.089061 0.0418749
0.93 0.0859899 0.0407944
0.9325 0.0829188 0.039677
0.935 0.0798478 0.038524
0.9375 0.0767767 0.0373362
0.94 0.0737056 0.036115
0.9425 0.0706346 0.0348613
0.945 0.0675635 0.0335764
0.9475 0.0644924 0.0322614
0.95 0.0614214 0.0309175
0.9525 0.0583503 0.029546
0.955 0.0552792 0.0281482
0.9575 0.0522082 0.0267252
0.96 0.0491371 0.0252785
0.9625 0.046066 0.0238092
0.965 0.0429949 0.0223187
0.9675 0.0399239 0.0208084
0.97 0.0368528 0.0192795
0.9725 0.0337817 0.0177336
0.975 0.0307107 0.0161719
0.9775 0.0276396 0.0145958
0.98 0.0245685 0.0130068
0.9825 0.0214975 0.0114063
0.985 0.0184264 0.00979567
0.9875 0.0153553 0.00817635
0.99 0.0122843 0.00654979
0.9925 0.0092132 0.00491743
0.995 0.00614214 0.0032807
0.9975 0.00307107 0.00164108
1 7.34788e-17 0
