x v gap
0 0 0
0.0025 0.003 0.014278
0.005 0.006 0.0285514
0.0075 0.009 0.0428158
0.01 0.012 0.0570665
0.0125 0.015 0.071299
0.015 0.018 0.0855087
0.0175 0.021 0.0996912
0.02 0.024 0.113842
0.0225 0.027 0.127956
0.025 0.03 0.14203
0.0275 0.033 0.156059
0.03 0.036 0.170037
0.0325 0.039 0.183962
0.035 0.042 0.197828
0.0375 0.045 0.211631
0.04 0.048 0.225367
0.0425 0.051 0.239032
0.045 0.054 0.25262
0.0475 0.057 0.266129
0.05 0.06 0.279552
0.0525 0.063 0.292888
0.055 0.066 0.30613
0.0575 0.069 0.319276
0.06 0.072 0.33232
0.0625 0.075 0.34526
0.065 0.078 0.35809
0.0675 0.081 0.370807
0.07 0.084 0.383408
0.0725 0.087 0.395887
0.075 0.09 0.408242
0.0775 0.093 0.420469
0.08 0.096 0.432563
0.0825 0.099 0.444521
0.085 0.102 0.45634
0.0875 0.105 0.468016
0.09 0.108 0.479546
0.0925 0.111 0.490925
0.095 0.114 0.502152
0.0975 0.117 0.513221
0.1 0.12 0.524131
0.1025 0.123 0.534878
0.105 0.126 0.545458
0.1075 0.129 0.555869
0.11 0.132 0.566108
0.1125 0.135 0.576172
0.115 0.138 0.586058
0.1175 0.141 0.595763
0.12 0.144 0.605284
0.1225 0.147 0.614619
0.125 0.15 0.623765
0.1275 0.153 0.63272
0.13 0.156 0.641482
0.1325 0.159 0.650047
0.135 0.162 0.658415
0.1375 0.165 0.666581
0.14 0.168 0.674545
0.1425 0.171 0.682305
0.145 0.174 0.689858
0.1475 0.177 0.697202
0.15 0.18 0.704337
0.1525 0.183 0.711259
0.155 0.186 0.717968
0.1575 0.189 0.724462
0.16 0.192 0.730739
0.1625 0.195 0.736799
0.165 0.198 0.742639
0.1675 0.201 0.748259
0.17 0.204 0.753657
0.1725 0.207 0.758833
0.175 0.21 0.763785
0.1775 0.213 0.768513
0.18 0.216 0.773015
0.1825 0.219 0.777292
0.185 0.222 0.781342
0.1875 0.225 0.785165
0.19 0.228 0.788761
0.1925 0.231 0.792128
0.195 0.234 0.795268
0.1975 0.237 0.798179
0.2 0.24 0.800862
0.2025 0.243 0.803316
0.205 0.246 0.805542
0.2075 0.249 0.80754
0.21 0.252 0.80931
0.2125 0.255 0.810852
0.215 0.258 0.812166
0.2175 0.261 0.813254
0.22 0.264 0.814115
0.2225 0.267 0.814751
0.225 0.27 0.815162
0.2275 0.273 0.815348
0.23 0.276 0.815311
0.2325 0.279 0.815052
0.235 0.282 0.814572
0.2375 0.285 0.813871
0.24 0.288 0.812951
0.2425 0.291 0.811813
0.245 0.294 0.810459
0.2475 0.297 0.80889
0.25 0.3 0.807107
0.2525 0.303 0.805112
0.255 0.306 0.802906
0.2575 0.309 0.800492
0.26 0.312 0.79787
0.2625 0.315 0.795044
0.265 0.318 0.792014
0.2675 0.321 0.788782
0.27 0.324 0.785351
0.2725 0.327 0.781723
0.275 0.33 0.7779
0.2775 0.333 0.773883
0.28 0.336 0.769676
0.2825 0.339 0.765281
0.285 0.342 0.760699
0.2875 0.345 0.755933
0.29 0.348 0.750987
0.2925 0.351 0.745862
0.295 0.354 0.74056
0.2975 0.357 0.735085
0.3 0.36 0.72944
0.3025 0.363 0.723626
0.305 0.366 0.717647
0.3075 0.369 0.711505
0.31 0.372 0.705204
0.3125 0.375 0.698746
0.315 0.378 0.692134
0.3175 0.381 0.685371
0.32 0.384 0.67846
0.3225 0.387 0.671404
0.325 0.39 0.664207
0.3275 0.393 0.65687
0.33 0.396 0.649398
0.3325 0.399 0.641794
0.335 0.402 0.634061
0.3375 0.405 0.626201
0.34 0.408 0.618218
0.3425 0.411 0.610116
0.345 0.414 0.601898
0.3475 0.417 0.593566
0.35 0.42 0.585125
0.3525 0.423 0.576577
0.355 0.426 0.567927
0.3575 0.429 0.559176
0.36 0.432 0.550329
0.3625 0.435 0.541389
0.365 0.438 0.532359
0.3675 0.441 0.523243
0.37 0.444 0.514044
0.3725 0.447 0.504765
0.375 0.45 0.49541
0.3775 0.453 0.485982
0.38 0.456 0.476484
0.3825 0.459 0.46692
0.385 0.462 0.457294
0.3875 0.465 0.447608
0.39 0.468 0.437866
0.3925 0.471 0.428071
0.395 0.474 0.418227
0.3975 0.477 0.408336
0.4 0.48 0.398402
0.4025 0.483 0.388429
0.405 0.486 0.378419
0.4075 0.489 0.368376
0.41 0.492 0.358303
0.4125 0.495 0.348203
0.415 0.498 0.33808
0.4175 0.501 0.327936
0.42 0.504 0.317774
0.4225 0.507 0.307598
0.425 0.51 0.297411
0.4275 0.513 0.287215
0.43 0.516 0.277014
0.4325 0.519 0.266811
0.435 0.522 0.256607
0.4375 0.525 0.246408
0.44 0.528 0.236214
0.4425 0.531 0.226029
0.445 0.534 0.215856
0.4475 0.537 0.205698
0.45 0.54 0.195556
0.4525 0.543 0.185434
0.455 0.546 0.175335
0.4575 0.549 0.16526
0.46 0.552 0.155212
0.4625 0.555 0.145195
0.465 0.558 0.135209
0.4675 0.561 0.125258
0.47 0.564 0.115343
0.4725 0.567 0.105468
0.475 0.57 0.0956337
0.4775 0.573 0.0858427
0.48 0.576 0.0760972
0.4825 0.579 0.0663992
0.485 0.582 0.0567505
0.4875 0.585 0.0471532
0.49 0.588 0.0376091
0.4925 0.591 0.02812
0.495 0.594 0.0186876
0.4975 0.597 0.00931377
0.5 0.6 0
0.5025 0.597 -0.00325209
0.505 0.594 -0.00644097
0.5075 0.591 -0.0095652
0.51 0.588 -0.0126234
0.5125 0.585 -0.0156141
0.515 0.582 -0.0185362
0.5175 0.579 -0.0213883
0.52 0.576 -0.0241694
0.5225 0.573 -0.0268782
0.525 0.57 -0.0295139
0.5275 0.567 -0.0320754
0.53 0.564 -0.0345617
0.5325 0.561 -0.036972
0.535 0.558 -0.0393056
0.5375 0.555 -0.0415616
0.54 0.552 -0.0437395
0.5425 0.549 -0.0458385
0.545 0.546 -0.0478582
0.5475 0.543 -0.049798
0.55 0.54 -0.0516574
0.5525 0.537 -0.0534362
0.555 0.534 -0.055134
0.5575 0.531 -0.0567505
0.56 0.528 -0.0582856
0.5625 0.525 -0.0597391
0.565 0.522 -0.0611109
0.5675 0.519 -0.0624009
0.57 0.516 -0.0636093
0.5725 0.513 -0.0647361
0.575 0.51 -0.0657815
0.5775 0.507 -0.0667456
0.58 0.504 -0.0676287
0.5825 0.501 -0.0684311
0.585 0.498 -0.0691532
0.5875 0.495 -0.0697954
0.59 0.492 -0.0703581
0.5925 0.489 -0.070842
0.595 0.486 -0.0712475
0.5975 0.483 -0.0715752
0.6 0.48 -0.0718259
0.6025 0.477 -0.0720003
0.605 0.474 -0.0720991
0.6075 0.471 -0.0721231
0.61 0.468 -0.0720733
0.6125 0.465 -0.0719504
0.615 0.462 -0.0717555
0.6175 0.459 -0.0714895
0.62 0.456 -0.0711535
0.6225 0.453 -0.0707486
0.625 0.45 -0.0702758
0.6275 0.447 -0.0697363
0.63 0.444 -0.0691313
0.6325 0.441 -0.0684621
0.635 0.438 -0.0677299
0.6375 0.435 -0.0669359
0.64 0.432 -0.0660816
0.6425 0.429 -0.0651683
0.645 0.426 -0.0641974
0.6475 0.423 -0.0631703
0.65 0.42 -0.0620885
0.6525 0.417 -0.0609534
0.655 0.414 -0.0597666
0.6575 0.411 -0.0585296
0.66 0.408 -0.0572439
0.6625 0.405 -0.0559112
0.665 0.402 -0.0545331
0.6675 0.399 -0.0531111
0.67 0.396 -0.0516469
0.6725 0.393 -0.0501422
0.675 0.39 -0.0485987
0.6775 0.387 -0.047018
0.68 0.384 -0.0454018
0.6825 0.381 -0.043752
0.685 0.378 -0.0420701
0.6875 0.375 -0.0403581
0.69 0.372 -0.0386175
0.6925 0.369 -0.0368502
0.695 0.366 -0.0350579
0.6975 0.363 -0.0332425
0.7 0.36 -0.0314056
0.7025 0.357 -0.0295491
0.705 0.354 -0.0276748
0.7075 0.351 -0.0257844
0.71 0.348 -0.0238797
0.7125 0.345 -0.0219625
0.715 0.342 -0.0200345
0.7175 0.339 -0.0180977
0.72 0.336 -0.0161536
0.7225 0.333 -0.0142041
0.725 0.33 -0.0122509
0.7275 0.327 -0.0102957
0.73 0.324 -0.00834035
0.7325 0.321 -0.0063865
0.735 0.318 -0.00443586
0.7375 0.315 -0.00249014
0.74 0.312 -0.000550991
0.7425 0.309 0.00137991
0.745 0.306 0.00330092
0.7475 0.303 0.00521041
0.75 0.3 0.00710678
0.7525 0.297 0.00898844
0.755 0.294 0.0108538
0.7575 0.291 0.0127014
0.76 0.288 0.0145296
0.7625 0.285 0.016337
0.765 0.282 0.0181222
0.7675 0.279 0.0198835
0.77 0.276 0.0216197
0.7725 0.273 0.0233294
0.775 0.27 0.0250111
0.7775 0.267 0.0266636
0.78 0.264 0.0282856
0.7825 0.261 0.0298758
0.785 0.258 0.0314329
0.7875 0.255 0.0329558
0.79 0.252 0.0344433
0.7925 0.249 0.0358942
0.795 0.246 0.0373075
0.7975 0.243 0.0386821
0.8 0.24 0.0400169
0.8025 0.237 0.041311
0.805 0.234 0.0425634
0.8075 0.231 0.0437732
0.81 0.228 0.0449395
0.8125 0.225 0.0460614
0.815 0.222 0.0471383
0.8175 0.219 0.0481692
0.82 0.216 0.0491536
0.8225 0.213 0.0500906
0.825 0.21 0.0509797
0.8275 0.207 0.0518203
0.83 0.204 0.0526118
0.8325 0.201 0.0533537
0.835 0.198 0.0540455
0.8375 0.195 0.0546867
0.84 0.192 0.0552771
0.8425 0.189 0.0558162
0.845 0.186 0.0563038
0.8475 0.183 0.0567396
0.85 0.18 0.0571233
0.8525 0.177 0.0574548
0.855 0.174 0.0577339
0.8575 0.171 0.0579606
0.86 0.168 0.0581348
0.8625 0.165 0.0582565
0.865 0.162 0.0583257
0.8675 0.159 0.0583425
0.87 0.156 0.058307
0.8725 0.153 0.0582194
0.875 0.15 0.0580799
0.8775 0.147 0.0578888
0.88 0.144 0.0576462
0.8825 0.141 0.0573526
0.885 0.138 0.0570083
0.8875 0.135 0.0566136
0.89 0.132 0.0561691
0.8925 0.129 0.0556753
0.895 0.126 0.0551326
0.8975 0.123 0.0545416
0.9 0.12 0.0539029
0.9025 0.117 0.0532171
0.905 0.114 0.052485
0.9075 0.111 0.0517072
0.91 0.108 0.0508844
0.9125 0.105 0.0500174
0.915 0.102 0.0491071
0.9175 0.099 0.0481543
0.92 0.096 0.0471599
0.9225 0.093 0.0461247
0.925 0.09 0.0450497
0.9275 0.087 0.0439359
0.93 0.084 0.0427843
0.9325 0.081 0.0415959
0.935 0.078 0.0403717
0.9375 0.075 0.0391129
0.94 0.072 0.0378206
0.9425 0.069 0.0364958
0.945 0.066 0.0351398
0.9475 0.063 0.0337538
0.95 0.06 0.0323389
0.9525 0.057 0.0308963
0.955 0.054 0.0294274
0.9575 0.051 0.0279334
0.96 0.048 0.0264155
0.9625 0.045 0.0248752
0.965 0.042 0.0233136
0.9675 0.039 0.0217322
0.97 0.036 0.0201323
0.9725 0.033 0.0185153
0.975 0.03 0.0168826
0.9775 0.027 0.0152354
0.98 0.024 0.0135754
0.9825 0.021 0.0119038
0.985 0.018 0.0102221
0.9875 0.015 0.00853169
0.99 0.012 0.00683406
0.9925 0.009 0.00513063
0.995 0.006 0.00342284
0.9975 0.003 0.00171215
1 7.34788e-17 0
