x v gap
0 0 0
0.0025 0.0154753 0.00180269
0.005 0.0309506 0.00360083
0.0075 0.0464259 0.00538987
0.01 0.0619012 0.00716525
0.0125 0.0773765 0.00892243
0.015 0.0928518 0.0106569
0.0175 0.108327 0.0123641
0.02 0.123802 0.0140395
0.0225 0.139278 0.0156787
0.025 0.154753 0.0172771
0.0275 0.170228 0.0188302
0.03 0.185704 0.0203337
0.0325 0.201179 0.0217831
0.035 0.216654 0.0231739
0.0375 0.23213 0.0245019
0.04 0.247605 0.0257625
0.0425 0.26308 0.0269516
0.045 0.278556 0.0280648
0.0475 0.294031 0.0290978
0.05 0.309506 0.0300463
0.0525 0.324981 0.0309063
0.055 0.340457 0.0316734
0.0575 0.355932 0.0323436
0.06 0.371407 0.0329129
0.0625 0.386883 0.033377
0.065 0.402358 0.0337321
0.0675 0.417833 0.0339741
0.07 0.433309 0.0340991
0.0725 0.448784 0.0341033
0.075 0.464259 0.0339829
0.0775 0.479735 0.033734
0.08 0.49521 0.033353
0.0825 0.510685 0.0328361
0.085 0.52616 0.0321798
0.0875 0.541636 0.0313805
0.09 0.557111 0.0304348
0.0925 0.572586 0.029339
0.095 0.588062 0.02809
0.0975 0.603537 0.0266844
0.1 0.619012 0.0251188
0.1025 0.634488 0.0233902
0.105 0.649963 0.0214953
0.1075 0.665438 0.0194312
0.11 0.680914 0.0171948
0.1125 0.696389 0.0147832
0.115 0.711864 0.0121936
0.1175 0.727339 0.00942315
0.12 0.742815 0.00646914
0.1225 0.75829 0.00332895
0.125 0.773765 0
0.1275 0.780432 0.00528828
0.13 0.787099 0.0103829
0.1325 0.793766 0.0152815
0.135 0.800433 0.0199818
0.1375 0.8071 0.0244817
0.14 0.813766 0.028779
0.1425 0.820433 0.0328717
0.145 0.8271 0.0367579
0.1475 0.833767 0.0404357
0.15 0.840434 0.0439032
0.1525 0.8471 0.0471589
0.155 0.853767 0.050201
0.1575 0.860434 0.053028
0.16 0.867101 0.0556385
0.1625 0.873768 0.0580311
0.165 0.880435 0.0602045
0.1675 0.887101 0.0621574
0.17 0.893768 0.0638888
0.1725 0.900435 0.0653977
0.175 0.907102 0.066683
0.1775 0.913769 0.0677439
0.18 0.920436 0.0685796
0.1825 0.927102 0.0691894
0.185 0.933769 0.0695727
0.1875 0.940436 0.069729
0.19 0.947103 0.0696577
0.1925 0.95377 0.0693587
0.195 0.960437 0.0688314
0.1975 0.967103 0.0680759
0.2 0.97377 0.0670919
0.2025 0.980437 0.0658794
0.205 0.987104 0.0644386
0.2075 0.993771 0.0627695
0.21 1.00044 0.0608723
0.2125 1.0071 0.0587474
0.215 1.01377 0.0563952
0.2175 1.02044 0.053816
0.22 1.0271 0.0510106
0.2225 1.03377 0.0479794
0.225 1.04044 0.0447233
0.2275 1.04711 0.041243
0.23 1.05377 0.0375393
0.2325 1.06044 0.0336133
0.235 1.06711 0.0294659
0.2375 1.07377 0.0250983
0.24 1.08044 0.0205116
0.2425 1.08711 0.015707
0.245 1.09377 0.010686
0.2475 1.10044 0.0054498
0.25 1.10711 0
0.2525 1.10387 0.00423888
0.255 1.10064 0.00826727
0.2575 1.0974 0.0120869
0.26 1.09417 0.0156994
0.2625 1.09094 0.0191067
0.265 1.0877 0.0223106
0.2675 1.08447 0.0253131
0.27 1.08124 0.0281162
0.2725 1.078 0.0307219
0.275 1.07477 0.0331325
0.2775 1.07153 0.03535
0.28 1.0683 0.0373768
0.2825 1.06507 0.0392151
0.285 1.06183 0.0408673
0.2875 1.0586 0.0423358
0.29 1.05536 0.0436232
0.2925 1.05213 0.0447318
0.295 1.0489 0.0456644
0.2975 1.04566 0.0464234
0.3 1.04243 0.0470117
0.3025 1.03919 0.0474318
0.305 1.03596 0.0476866
0.3075 1.03273 0.0477789
0.31 1.02949 0.0477115
0.3125 1.02626 0.0474874
0.315 1.02302 0.0471093
0.3175 1.01979 0.0465803
0.32 1.01656 0.0459034
0.3225 1.01332 0.0450816
0.325 1.01009 0.0441181
0.3275 1.00685 0.0430157
0.33 1.00362 0.0417778
0.3325 1.00039 0.0404075
0.335 0.997153 0.0389078
0.3375 0.993919 0.0372821
0.34 0.990685 0.0355336
0.3425 0.987451 0.0336654
0.345 0.984217 0.0316809
0.3475 0.980983 0.0295834
0.35 0.977749 0.027376
0.3525 0.974515 0.0250623
0.355 0.971281 0.0226454
0.3575 0.968047 0.0201288
0.36 0.964813 0.0175157
0.3625 0.961579 0.0148095
0.365 0.958345 0.0120136
0.3675 0.955111 0.00913129
0.37 0.951878 0.00616603
0.3725 0.948644 0.00312114
0.375 0.94541 0
0.3775 0.938501 0.000480217
0.38 0.931593 0.000890907
0.3825 0.924685 0.00123543
0.385 0.917777 0.00151713
0.3875 0.910869 0.00173935
0.39 0.90396 0.00190543
0.3925 0.897052 0.00201869
0.395 0.890144 0.00208244
0.3975 0.883236 0.00209996
0.4 0.876328 0.00207454
0.4025 0.86942 0.00200944
0.405 0.862511 0.0019079
0.4075 0.855603 0.00177313
0.41 0.848695 0.00160834
0.4125 0.841787 0.00141671
0.415 0.834879 0.00120138
0.4175 0.82797 0.000965475
0.42 0.821062 0.000712096
0.4225 0.814154 0.000444309
0.425 0.807246 0.000165152
0.4275 0.800338 -0.000122369
0.43 0.793429 -0.000415281
0.4325 0.786521 -0.000710645
0.435 0.779613 -0.00100556
0.4375 0.772705 -0.00129715
0.44 0.765797 -0.0015826
0.4425 0.758888 -0.0018591
0.445 0.75198 -0.00212392
0.4475 0.745072 -0.00237434
0.45 0.738164 -0.0026077
0.4525 0.731256 -0.00282136
0.455 0.724347 -0.00301276
0.4575 0.717439 -0.00317936
0.46 0.710531 -0.00331867
0.4625 0.703623 -0.00342825
0.465 0.696715 -0.00350571
0.4675 0.689807 -0.00354871
0.47 0.682898 -0.00355496
0.4725 0.67599 -0.0035222
0.475 0.669082 -0.00344826
0.4775 0.662174 -0.003331
0.48 0.655266 -0.00316832
0.4825 0.648357 -0.0029582
0.485 0.641449 -0.00269866
0.4875 0.634541 -0.00238779
0.49 0.627633 -0.00202371
0.4925 0.620725 -0.00160461
0.495 0.613816 -0.00112875
0.4975 0.606908 -0.000594426
0.5 0.6 0
0.5025 0.595594 -0.00184657
0.505 0.591189 -0.00362994
0.5075 0.586783 -0.00534865
0.51 0.582378 -0.00700129
0.5125 0.577972 -0.00858652
0.515 0.573567 -0.0101031
0.5175 0.569161 -0.0115497
0.52 0.564756 -0.0129252
0.5225 0.56035 -0.0142286
0.525 0.555945 -0.0154587
0.5275 0.551539 -0.0166147
0.53 0.547134 -0.0176955
0.5325 0.542728 -0.0187003
0.535 0.538323 -0.0196284
0.5375 0.533917 -0.0204789
0.54 0.529512 -0.0212512
0.5425 0.525106 -0.0219448
0.545 0.520701 -0.0225589
0.5475 0.516295 -0.0230932
0.55 0.51189 -0.0235471
0.5525 0.507484 -0.0239204
0.555 0.503079 -0.0242127
0.5575 0.498673 -0.0244237
0.56 0.494268 -0.0245532
0.5625 0.489862 -0.0246012
0.565 0.485457 -0.0245674
0.5675 0.481051 -0.024452
0.57 0.476646 -0.0242549
0.5725 0.47224 -0.0239762
0.575 0.467835 -0.023616
0.5775 0.463429 -0.0231746
0.58 0.459024 -0.0226522
0.5825 0.454618 -0.0220491
0.585 0.450212 -0.0213657
0.5875 0.445807 -0.0206023
0.59 0.441401 -0.0197596
0.5925 0.436996 -0.0188379
0.595 0.43259 -0.0178379
0.5975 0.428185 -0.0167601
0.6 0.423779 -0.0156053
0.6025 0.419374 -0.0143742
0.605 0.414968 -0.0130674
0.6075 0.410563 -0.011686
0.61 0.406157 -0.0102306
0.6125 0.401752 -0.0087022
0.615 0.397346 -0.00710177
0.6175 0.392941 -0.00543028
0.62 0.388535 -0.00368877
0.6225 0.38413 -0.0018783
0.625 0.379724 0
0.6275 0.378272 -0.00100818
0.63 0.37682 -0.00195086
0.6325 0.375367 -0.00282928
0.635 0.373915 -0.0036447
0.6375 0.372462 -0.00439842
0.64 0.37101 -0.00509177
0.6425 0.369558 -0.00572611
0.645 0.368105 -0.00630284
0.6475 0.366653 -0.00682339
0.65 0.365201 -0.00728921
0.6525 0.363748 -0.00770179
0.655 0.362296 -0.00806263
0.6575 0.360844 -0.00837327
0.66 0.359391 -0.00863527
0.6625 0.357939 -0.00885022
0.665 0.356487 -0.00901971
0.6675 0.355034 -0.00914537
0.67 0.353582 -0.00922885
0.6725 0.35213 -0.0092718
0.675 0.350677 -0.00927591
0.6775 0.349225 -0.00924287
0.68 0.347773 -0.00917438
0.6825 0.34632 -0.00907218
0.685 0.344868 -0.00893799
0.6875 0.343416 -0.00877356
0.69 0.341963 -0.00858064
0.6925 0.340511 -0.00836099
0.695 0.339058 -0.00811638
0.6975 0.337606 -0.00784858
0.7 0.336154 -0.00755937
0.7025 0.334701 -0.00725053
0.705 0.333249 -0.00692384
0.7075 0.331797 -0.00658108
0.71 0.330344 -0.00622404
0.7125 0.328892 -0.00585449
0.715 0.32744 -0.00547421
0.7175 0.325987 -0.00508497
0.72 0.324535 -0.00468854
0.7225 0.323083 -0.00428667
0.725 0.32163 -0.00388112
0.7275 0.320178 -0.00347363
0.73 0.318726 -0.00306592
0.7325 0.317273 -0.00265972
0.735 0.315821 -0.00225674
0.7375 0.314369 -0.00185866
0.74 0.312916 -0.00146717
0.7425 0.311464 -0.00108392
0.745 0.310011 -0.000710562
0.7475 0.308559 -0.00034872
0.75 0.307107 0
0.7525 0.305126 0.000862199
0.755 0.303146 0.00170812
0.7575 0.301165 0.00253623
0.76 0.299185 0.00334501
0.7625 0.297204 0.00413295
0.765 0.295224 0.0048986
0.7675 0.293243 0.0056405
0.77 0.291262 0.00635724
0.7725 0.289282 0.00704743
0.775 0.287301 0.00770972
0.7775 0.285321 0.00834277
0.78 0.28334 0.00894529
0.7825 0.28136 0.009516
0.785 0.279379 0.0100537
0.7875 0.277399 0.0105571
0.79 0.275418 0.0110251
0.7925 0.273438 0.0114566
0.795 0.271457 0.0118504
0.7975 0.269477 0.0122055
0.8 0.267496 0.0125209
0.8025 0.265516 0.0127955
0.805 0.263535 0.0130284
0.8075 0.261554 0.0132187
0.81 0.259574 0.0133656
0.8125 0.257593 0.0134681
0.815 0.255613 0.0135254
0.8175 0.253632 0.0135369
0.82 0.251652 0.0135018
0.8225 0.249671 0.0134194
0.825 0.247691 0.013289
0.8275 0.24571 0.0131101
0.83 0.24373 0.0128822
0.8325 0.241749 0.0126046
0.835 0.239769 0.0122769
0.8375 0.237788 0.0118987
0.84 0.235807 0.0114697
0.8425 0.233827 0.0109893
0.845 0.231846 0.0104574
0.8475 0.229866 0.00987372
0.85 0.227885 0.00923796
0.8525 0.225905 0.00854999
0.855 0.223924 0.00780966
0.8575 0.221944 0.00701688
0.86 0.219963 0.00617161
0.8625 0.217983 0.00527383
0.865 0.216002 0.00432357
0.8675 0.214022 0.00332093
0.87 0.212041 0.002266
0.8725 0.21006 0.00115896
0.875 0.20808 0
0.8775 0.203918 0.000970429
0.88 0.199757 0.00188947
0.8825 0.195595 0.00275744
0.885 0.191434 0.00357471
0.8875 0.187272 0.00434168
0.89 0.18311 0.0050588
0.8925 0.178949 0.00572654
0.895 0.174787 0.00634544
0.8975 0.170626 0.00691604
0.9 0.166464 0.00743894
0.9025 0.162302 0.00791478
0.905 0.158141 0.00834424
0.9075 0.153979 0.008728
0.91 0.149818 0.00906682
0.9125 0.145656 0.00936148
0.915 0.141494 0.00961277
0.9175 0.137333 0.00982156
0.92 0.133171 0.0099887
0.9225 0.12901 0.0101151
0.925 0.124848 0.0102017
0.9275 0.120686 0.0102495
0.93 0.116525 0.0102595
0.9325 0.112363 0.0102327
0.935 0.108202 0.0101702
0.9375 0.10404 0.010073
0.94 0.0998784 0.00994222
0.9425 0.0957168 0.00977907
0.945 0.0915552 0.00958467
0.9475 0.0873936 0.00936021
0.95 0.083232 0.0091069
0.9525 0.0790704 0.00882596
0.955 0.0749088 0.00851864
0.9575 0.0707472 0.00818621
0.96 0.0665856 0.00782996
0.9625 0.062424 0.0074512
0.965 0.0582624 0.00705125
0.9675 0.0541008 0.00663145
0.97 0.0499392 0.00619316
0.9725 0.0457776 0.00573774
0.975 0.041616 0.00526658
0.9775 0.0374544 0.00478106
0.98 0.0332928 0.00428259
0.9825 0.0291312 0.0037726
0.985 0.0249696 0.00325249
0.9875 0.020808 0.0027237
0.99 0.0166464 0.00218767
0.9925 0.0124848 0.00164583
0.995 0.0083232 0.00109964
0.9975 0.0041616 0.000550548
1 7.34788e-17 0
