x u g
0 0 -0.528563
0.0025 0.017278 -0.506403
0.005 0.0345514 -0.484126
0.0075 0.0518158 -0.461752
0.01 0.0690665 -0.439301
0.0125 0.086299 -0.416791
0.015 0.103509 -0.394241
0.0175 0.120691 -0.371672
0.02 0.137842 -0.349102
0.0225 0.154956 -0.326549
0.025 0.17203 -0.304032
0.0275 0.189059 -0.281569
0.03 0.206037 -0.259178
0.0325 0.222962 -0.236878
0.035 0.239828 -0.214684
0.0375 0.256631 -0.192615
0.04 0.273367 -0.170685
0.0425 0.290032 -0.148913
0.045 0.30662 -0.127312
0.0475 0.323129 -0.105898
0.05 0.339552 -0.0846848
0.0525 0.355888 -0.0636875
0.055 0.37213 -0.0429188
0.0575 0.388276 -0.0223916
0.06 0.40432 -0.00211791
0.0625 0.42026 0.0178907
0.065 0.43609 0.0376234
0.0675 0.451807 0.05707
0.07 0.467408 0.076221
0.0725 0.482887 0.0950676
0.075 0.498242 0.113602
0.0775 0.513469 0.131816
0.08 0.528563 0.149704
0.0825 0.543521 0.167259
0.085 0.55834 0.184477
0.0875 0.573016 0.201353
0.09 0.587546 0.217884
0.0925 0.601925 0.234065
0.095 0.616152 0.249896
0.0975 0.630221 0.265375
0.1 0.644131 0.2805
0.1025 0.657878 0.295273
0.105 0.671458 0.309693
0.1075 0.684869 0.323763
0.11 0.698108 0.337483
0.1125 0.711172 0.350858
0.115 0.724058 0.36389
0.1175 0.736763 0.376584
0.12 0.749284 0.388944
0.1225 0.761619 0.400976
0.125 0.773765 0.412686
0.1275 0.78572 0.42408
0.13 0.797482 0.435166
0.1325 0.809047 0.445951
0.135 0.820415 0.456443
0.1375 0.831581 0.466651
0.14 0.842545 0.476583
0.1425 0.853305 0.486251
0.145 0.863858 0.495662
0.1475 0.874202 0.504829
0.15 0.884337 0.51376
0.1525 0.894259 0.522468
0.155 0.903968 0.530964
0.1575 0.913462 0.539258
0.16 0.922739 0.547363
0.1625 0.931799 0.55529
0.165 0.940639 0.563052
0.1675 0.949259 0.57066
0.17 0.957657 0.578127
0.1725 0.965833 0.585465
0.175 0.973785 0.592687
0.1775 0.981513 0.599803
0.18 0.989015 0.606828
0.1825 0.996292 0.613772
0.185 1.00334 0.620648
0.1875 1.01017 0.627467
0.19 1.01676 0.634241
0.1925 1.02313 0.640983
0.195 1.02927 0.647702
0.1975 1.03518 0.654409
0.2 1.04086 0.661116
0.2025 1.04632 0.667833
0.205 1.05154 0.674569
0.2075 1.05654 0.681334
0.21 1.06131 0.688137
0.2125 1.06585 0.694986
0.215 1.07017 0.701891
0.2175 1.07425 0.708859
0.22 1.07812 0.715896
0.2225 1.08175 0.72301
0.225 1.08516 0.730207
0.2275 1.08835 0.737492
0.23 1.09131 0.74487
0.2325 1.09405 0.752347
0.235 1.09657 0.759924
0.2375 1.09887 0.767607
0.24 1.10095 0.775396
0.2425 1.10281 0.783295
0.245 1.10446 0.791305
0.2475 1.10589 0.799425
0.25 1.10711 0.807657
0.2525 1.10811 0.815999
0.255 1.10891 0.824451
0.2575 1.10949 0.833009
0.26 1.10987 0.841672
0.2625 1.11004 0.850436
0.265 1.11001 0.859298
0.2675 1.10978 0.868252
0.27 1.10935 0.877294
0.2725 1.10872 0.886418
0.275 1.1079 0.895617
0.2775 1.10688 0.904885
0.28 1.10568 0.914213
0.2825 1.10428 0.923594
0.285 1.1027 0.933019
0.2875 1.10093 0.942479
0.29 1.09899 0.951965
0.2925 1.09686 0.961465
0.295 1.09456 0.97097
0.2975 1.09209 0.980468
0.3 1.08944 0.989948
0.3025 1.08663 0.999398
0.305 1.08365 1.00881
0.3075 1.08051 1.01816
0.31 1.0772 1.02744
0.3125 1.07375 1.03665
0.315 1.07013 1.04576
0.3175 1.06637 1.05476
0.32 1.06246 1.06365
0.3225 1.0584 1.0724
0.325 1.05421 1.08099
0.3275 1.04987 1.08943
0.33 1.0454 1.09769
0.3325 1.04079 1.10576
0.335 1.03606 1.11362
0.3375 1.0312 1.12126
0.34 1.02622 1.12867
0.3425 1.02112 1.13583
0.345 1.0159 1.14274
0.3475 1.01057 1.14936
0.35 1.00513 1.1557
0.3525 0.999577 1.16174
0.355 0.993927 1.16747
0.3575 0.988176 1.17287
0.36 0.982329 1.17794
0.3625 0.976389 1.18266
0.365 0.970359 1.18701
0.3675 0.964243 1.191
0.37 0.958044 1.1946
0.3725 0.951765 1.19781
0.375 0.94541 1.20063
0.3775 0.938982 1.20303
0.38 0.932484 1.20502
0.3825 0.92592 1.20658
0.385 0.919294 1.20771
0.3875 0.912608 1.2084
0.39 0.905866 1.20865
0.3925 0.899071 1.20845
0.395 0.892227 1.2078
0.3975 0.885336 1.20669
0.4 0.878402 1.20512
0.4025 0.871429 1.20309
0.405 0.864419 1.20059
0.4075 0.857376 1.19764
0.41 0.850303 1.19422
0.4125 0.843203 1.19033
0.415 0.83608 1.18599
0.4175 0.828936 1.18118
0.42 0.821774 1.17592
0.4225 0.814598 1.17021
0.425 0.807411 1.16405
0.4275 0.800215 1.15745
0.43 0.793014 1.15041
0.4325 0.785811 1.14295
0.435 0.778607 1.13506
0.4375 0.771408 1.12676
0.44 0.764214 1.11805
0.4425 0.757029 1.10895
0.445 0.749856 1.09947
0.4475 0.742698 1.08961
0.45 0.735556 1.0794
0.4525 0.728434 1.06883
0.455 0.721335 1.05793
0.4575 0.71426 1.0467
0.46 0.707212 1.03517
0.4625 0.700195 1.02334
0.465 0.693209 1.01123
0.4675 0.686258 0.998859
0.47 0.679343 0.98624
0.4725 0.672468 0.97339
0.475 0.665634 0.960325
0.4775 0.658843 0.947063
0.48 0.652097 0.933621
0.4825 0.645399 0.920017
0.485 0.63875 0.906268
0.4875 0.632153 0.892393
0.49 0.625609 0.87841
0.4925 0.61912 0.864339
0.495 0.612688 0.850196
0.4975 0.606314 0.836002
0.5 0.6 0.821774
0.5025 0.593748 0.807532
0.505 0.587559 0.793295
0.5075 0.581435 0.77908
0.51 0.575377 0.764907
0.5125 0.569386 0.750794
0.515 0.563464 0.736759
0.5175 0.557612 0.72282
0.52 0.551831 0.708995
0.5225 0.546122 0.695302
0.525 0.540486 0.681758
0.5275 0.534925 0.668379
0.53 0.529438 0.655182
0.5325 0.524028 0.642184
0.535 0.518694 0.629399
0.5375 0.513438 0.616843
0.54 0.508261 0.60453
0.5425 0.503161 0.592476
0.545 0.498142 0.580692
0.5475 0.493202 0.569193
0.55 0.488343 0.557991
0.5525 0.483564 0.547097
0.555 0.478866 0.536522
0.5575 0.474249 0.526278
0.56 0.469714 0.516373
0.5625 0.465261 0.506817
0.565 0.460889 0.497618
0.5675 0.456599 0.488784
0.57 0.452391 0.480322
0.5725 0.448264 0.472237
0.575 0.444219 0.464534
0.5775 0.440254 0.45722
0.58 0.436371 0.450296
0.5825 0.432569 0.443766
0.585 0.428847 0.437633
0.5875 0.425205 0.431897
0.59 0.421642 0.426559
0.5925 0.418158 0.42162
0.595 0.414753 0.417076
0.5975 0.411425 0.412928
0.6 0.408174 0.409172
0.6025 0.405 0.405805
0.605 0.401901 0.402823
0.6075 0.398877 0.400221
0.61 0.395927 0.397992
0.6125 0.39305 0.396132
0.615 0.390245 0.394632
0.6175 0.38751 0.393486
0.62 0.384846 0.392684
0.6225 0.382251 0.392217
0.625 0.379724 0.392076
0.6275 0.377264 0.39225
0.63 0.374869 0.392729
0.6325 0.372538 0.393501
0.635 0.37027 0.394553
0.6375 0.368064 0.395875
0.64 0.365918 0.397451
0.6425 0.363832 0.39927
0.645 0.361803 0.401317
0.6475 0.35983 0.403578
0.65 0.357912 0.406038
0.6525 0.356047 0.408683
0.655 0.354233 0.411497
0.6575 0.35247 0.414465
0.66 0.350756 0.417571
0.6625 0.349089 0.4208
0.665 0.347467 0.424135
0.6675 0.345889 0.427561
0.67 0.344353 0.43106
0.6725 0.342858 0.434618
0.675 0.341401 0.438218
0.6775 0.339982 0.441843
0.68 0.338598 0.445478
0.6825 0.337248 0.449106
0.685 0.33593 0.452712
0.6875 0.334642 0.456279
0.69 0.333383 0.459794
0.6925 0.33215 0.463239
0.695 0.330942 0.466601
0.6975 0.329758 0.469864
0.7 0.328594 0.473014
0.7025 0.327451 0.476038
0.705 0.326325 0.478921
0.7075 0.325216 0.481651
0.71 0.32412 0.484214
0.7125 0.323038 0.486599
0.715 0.321965 0.488793
0.7175 0.320902 0.490787
0.72 0.319846 0.492568
0.7225 0.318796 0.494126
0.725 0.317749 0.495454
0.7275 0.316704 0.49654
0.73 0.31566 0.497378
0.7325 0.314613 0.497959
0.735 0.313564 0.498277
0.7375 0.31251 0.498326
0.74 0.311449 0.498099
0.7425 0.31038 0.497592
0.745 0.309301 0.496801
0.7475 0.30821 0.495722
0.75 0.307107 0.494353
0.7525 0.305988 0.492691
0.755 0.304854 0.490736
0.7575 0.303701 0.488486
0.76 0.30253 0.485941
0.7625 0.301337 0.483104
0.765 0.300122 0.479974
0.7675 0.298884 0.476555
0.77 0.29762 0.472849
0.7725 0.296329 0.46886
0.775 0.295011 0.464593
0.7775 0.293664 0.460052
0.78 0.292286 0.455244
0.7825 0.290876 0.450173
0.785 0.289433 0.444848
0.7875 0.287956 0.439277
0.79 0.286443 0.433466
0.7925 0.284894 0.427424
0.795 0.283308 0.421162
0.7975 0.281682 0.414689
0.8 0.280017 0.408014
0.8025 0.278311 0.401149
0.805 0.276563 0.394105
0.8075 0.274773 0.386894
0.81 0.272939 0.379527
0.8125 0.271061 0.372016
0.815 0.269138 0.364375
0.8175 0.267169 0.356616
0.82 0.265154 0.348752
0.8225 0.263091 0.340798
0.825 0.26098 0.332766
0.8275 0.25882 0.324671
0.83 0.256612 0.316525
0.8325 0.254354 0.308345
0.835 0.252045 0.300142
0.8375 0.249687 0.291933
0.84 0.247277 0.28373
0.8425 0.244816 0.275548
0.845 0.242304 0.267401
0.8475 0.23974 0.259303
0.85 0.237123 0.251267
0.8525 0.234455 0.243308
0.855 0.231734 0.235439
0.8575 0.228961 0.227673
0.86 0.226135 0.220023
0.8625 0.223256 0.212501
0.865 0.220326 0.20512
0.8675 0.217342 0.197893
0.87 0.214307 0.19083
0.8725 0.211219 0.183942
0.875 0.20808 0.177241
0.8775 0.204889 0.170737
0.88 0.201646 0.16444
0.8825 0.198353 0.158358
0.885 0.195008 0.152501
0.8875 0.191614 0.146877
0.89 0.188169 0.141493
0.8925 0.184675 0.136357
0.895 0.181133 0.131475
0.8975 0.177542 0.126853
0.9 0.173903 0.122495
0.9025 0.170217 0.118407
0.905 0.166485 0.114592
0.9075 0.162707 0.111054
0.91 0.158884 0.107795
0.9125 0.155017 0.104816
0.915 0.151107 0.102119
0.9175 0.147154 0.0997052
0.92 0.14316 0.0975731
0.9225 0.139125 0.0957221
0.925 0.13505 0.0941506
0.9275 0.130936 0.0928561
0.93 0.126784 0.0918358
0.9325 0.122596 0.0910858
0.935 0.118372 0.0906018
0.9375 0.114113 0.0903786
0.94 0.109821 0.0904107
0.9425 0.105496 0.0906916
0.945 0.10114 0.0912144
0.9475 0.0967538 0.0919714
0.95 0.0923389 0.0929545
0.9525 0.0878963 0.0941549
0.955 0.0834274 0.0955633
0.9575 0.0789334 0.0971698
0.96 0.0744155 0.0989641
0.9625 0.0698752 0.100935
0.965 0.0653136 0.103072
0.9675 0.0607322 0.105363
0.97 0.0561323 0.107795
0.9725 0.0515153 0.110356
0.975 0.0468826 0.113034
0.9775 0.0422354 0.115814
0.98 0.0375754 0.118684
0.9825 0.0329038 0.12163
0.985 0.0282221 0.124636
0.9875 0.0235317 0.12769
0.99 0.0188341 0.130777
0.9925 0.0141306 0.133882
0.995 0.00942284 0.136991
0.9975 0.00471215 0.140088
1 7.34788e-17 0.14316
