x f u
0 0 0
0.0025 0.728598 0.017278
0.005 1.4569 0.0345514
0.0075 2.1846 0.0518158
0.01 2.91142 0.0690665
0.0125 3.63705 0.086299
0.015 4.36119 0.103509
0.0175 5.08355 0.120691
0.02 5.80384 0.137842
0.0225 6.52176 0.154956
0.025 7.23703 0.17203
0.0275 7.94934 0.189059
0.03 8.65841 0.206037
0.0325 9.36396 0.222962
0.035 10.0657 0.239828
0.0375 10.7633 0.256631
0.04 11.4566 0.273367
0.0425 12.1452 0.290032
0.045 12.8288 0.30662
0.0475 13.5073 0.323129
0.05 14.1802 0.339552
0.0525 14.8474 0.355888
0.055 15.5086 0.37213
0.0575 16.1635 0.388276
0.06 16.8118 0.40432
0.0625 17.4533 0.42026
0.065 18.0878 0.43609
0.0675 18.7149 0.451807
0.07 19.3345 0.467408
0.0725 19.9463 0.482887
0.075 20.55 0.498242
0.0775 21.1454 0.513469
0.08 21.7323 0.528563
0.0825 22.3105 0.543521
0.085 22.8796 0.55834
0.0875 23.4396 0.573016
0.09 23.9902 0.587546
0.0925 24.5312 0.601925
0.095 25.0623 0.616152
0.0975 25.5834 0.630221
0.1 26.0943 0.644131
0.1025 26.5947 0.657878
0.105 27.0845 0.671458
0.1075 27.5636 0.684869
0.11 28.0317 0.698108
0.1125 28.4886 0.711172
0.115 28.9343 0.724058
0.1175 29.3685 0.736763
0.12 29.791 0.749284
0.1225 30.2018 0.761619
0.125 30.6007 0.773765
0.1275 30.9875 0.78572
0.13 31.3622 0.797482
0.1325 31.7245 0.809047
0.135 32.0744 0.820415
0.1375 32.4117 0.831581
0.14 32.7364 0.842545
0.1425 33.0484 0.853305
0.145 33.3474 0.863858
0.1475 33.6335 0.874202
0.15 33.9066 0.884337
0.1525 34.1666 0.894259
0.155 34.4134 0.903968
0.1575 34.6469 0.913462
0.16 34.8671 0.922739
0.1625 35.0739 0.931799
0.165 35.2674 0.940639
0.1675 35.4473 0.949259
0.17 35.6138 0.957657
0.1725 35.7668 0.965833
0.175 35.9062 0.973785
0.1775 36.0321 0.981513
0.18 36.1444 0.989015
0.1825 36.2431 0.996292
0.185 36.3283 1.00334
0.1875 36.3999 1.01017
0.19 36.4579 1.01676
0.1925 36.5025 1.02313
0.195 36.5335 1.02927
0.1975 36.5511 1.03518
0.2 36.5552 1.04086
0.2025 36.546 1.04632
0.205 36.5235 1.05154
0.2075 36.4877 1.05654
0.21 36.4387 1.06131
0.2125 36.3766 1.06585
0.215 36.3015 1.07017
0.2175 36.2134 1.07425
0.22 36.1124 1.07812
0.2225 35.9986 1.08175
0.225 35.8722 1.08516
0.2275 35.7332 1.08835
0.23 35.5817 1.09131
0.2325 35.4179 1.09405
0.235 35.2418 1.09657
0.2375 35.0537 1.09887
0.24 34.8536 1.10095
0.2425 34.6416 1.10281
0.245 34.418 1.10446
0.2475 34.1829 1.10589
0.25 33.9364 1.10711
0.2525 33.6787 1.10811
0.255 33.4099 1.10891
0.2575 33.1303 1.10949
0.26 32.8399 1.10987
0.2625 32.539 1.11004
0.265 32.2278 1.11001
0.2675 31.9064 1.10978
0.27 31.5751 1.10935
0.2725 31.2339 1.10872
0.275 30.8832 1.1079
0.2775 30.5231 1.10688
0.28 30.1539 1.10568
0.2825 29.7757 1.10428
0.285 29.3887 1.1027
0.2875 28.9933 1.10093
0.29 28.5895 1.09899
0.2925 28.1777 1.09686
0.295 27.758 1.09456
0.2975 27.3307 1.09209
0.3 26.896 1.08944
0.3025 26.4542 1.08663
0.305 26.0054 1.08365
0.3075 25.55 1.08051
0.31 25.0882 1.0772
0.3125 24.6202 1.07375
0.315 24.1462 1.07013
0.3175 23.6666 1.06637
0.32 23.1816 1.06246
0.3225 22.6914 1.0584
0.325 22.1962 1.05421
0.3275 21.6964 1.04987
0.33 21.1922 1.0454
0.3325 20.6839 1.04079
0.335 20.1717 1.03606
0.3375 19.6558 1.0312
0.34 19.1366 1.02622
0.3425 18.6143 1.02112
0.345 18.0892 1.0159
0.3475 17.5615 1.01057
0.35 17.0315 1.00513
0.3525 16.4994 0.999577
0.355 15.9656 0.993927
0.3575 15.4302 0.988176
0.36 14.8936 0.982329
0.3625 14.356 0.976389
0.365 13.8177 0.970359
0.3675 13.2789 0.964243
0.37 12.7399 0.958044
0.3725 12.201 0.951765
0.375 11.6624 0.94541
0.3775 11.1243 0.938982
0.38 10.5871 0.932484
0.3825 10.0509 0.92592
0.385 9.51608 0.919294
0.3875 8.98284 0.912608
0.39 8.45143 0.905866
0.3925 7.92209 0.899071
0.395 7.39508 0.892227
0.3975 6.87064 0.885336
0.4 6.349 0.878402
0.4025 5.8304 0.871429
0.405 5.31509 0.864419
0.4075 4.80328 0.857376
0.41 4.29522 0.850303
0.4125 3.79112 0.843203
0.415 3.29121 0.83608
0.4175 2.79571 0.828936
0.42 2.30484 0.821774
0.4225 1.81881 0.814598
0.425 1.33782 0.807411
0.4275 0.862101 0.800215
0.43 0.391836 0.793014
0.4325 -0.0727708 0.785811
0.435 -0.531524 0.778607
0.4375 -0.984232 0.771408
0.44 -1.43071 0.764214
0.4425 -1.87077 0.757029
0.445 -2.30424 0.749856
0.4475 -2.73095 0.742698
0.45 -3.15071 0.735556
0.4525 -3.56338 0.728434
0.455 -3.96878 0.721335
0.4575 -4.36676 0.71426
0.46 -4.75717 0.707212
0.4625 -5.13986 0.700195
0.465 -5.5147 0.693209
0.4675 -5.88154 0.686258
0.47 -6.24024 0.679343
0.4725 -6.5907 0.672468
0.475 -6.93277 0.665634
0.4775 -7.26635 0.658843
0.48 -7.59133 0.652097
0.4825 -7.90759 0.645399
0.485 -8.21504 0.63875
0.4875 -8.51357 0.632153
0.49 -8.80311 0.625609
0.4925 -9.08356 0.61912
0.495 -9.35484 0.612688
0.4975 -9.61688 0.606314
0.5 -9.8696 0.6
0.5025 -10.113 0.593748
0.505 -10.3469 0.587559
0.5075 -10.5713 0.581435
0.51 -10.7862 0.575377
0.5125 -10.9915 0.569386
0.515 -11.1872 0.563464
0.5175 -11.3733 0.557612
0.52 -11.5497 0.551831
0.5225 -11.7164 0.546122
0.525 -11.8734 0.540486
0.5275 -12.0207 0.534925
0.53 -12.1583 0.529438
0.5325 -12.2861 0.524028
0.535 -12.4043 0.518694
0.5375 -12.5127 0.513438
0.54 -12.6115 0.508261
0.5425 -12.7006 0.503161
0.545 -12.7801 0.498142
0.5475 -12.85 0.493202
0.55 -12.9103 0.488343
0.5525 -12.9611 0.483564
0.555 -13.0025 0.478866
0.5575 -13.0345 0.474249
0.56 -13.0571 0.469714
0.5625 -13.0704 0.465261
0.565 -13.0745 0.460889
0.5675 -13.0695 0.456599
0.57 -13.0554 0.452391
0.5725 -13.0324 0.448264
0.575 -13.0004 0.444219
0.5775 -12.9597 0.440254
0.58 -12.9103 0.436371
0.5825 -12.8522 0.432569
0.585 -12.7857 0.428847
0.5875 -12.7108 0.425205
0.59 -12.6277 0.421642
0.5925 -12.5364 0.418158
0.595 -12.437 0.414753
0.5975 -12.3298 0.411425
0.6 -12.2149 0.408174
0.6025 -12.0923 0.405
0.605 -11.9622 0.401901
0.6075 -11.8248 0.398877
0.61 -11.6802 0.395927
0.6125 -11.5285 0.39305
0.615 -11.37 0.390245
0.6175 -11.2047 0.38751
0.62 -11.0328 0.384846
0.6225 -10.8545 0.382251
0.625 -10.67 0.379724
0.6275 -10.4794 0.377264
0.63 -10.2829 0.374869
0.6325 -10.0806 0.372538
0.635 -9.87284 0.37027
0.6375 -9.65966 0.368064
0.64 -9.44128 0.365918
0.6425 -9.21788 0.363832
0.645 -8.98966 0.361803
0.6475 -8.7568 0.35983
0.65 -8.51948 0.357912
0.6525 -8.27791 0.356047
0.655 -8.03226 0.354233
0.6575 -7.78274 0.35247
0.66 -7.52954 0.350756
0.6625 -7.27286 0.349089
0.665 -7.0129 0.347467
0.6675 -6.74985 0.345889
0.67 -6.48391 0.344353
0.6725 -6.21529 0.342858
0.675 -5.94419 0.341401
0.6775 -5.6708 0.339982
0.68 -5.39533 0.338598
0.6825 -5.11798 0.337248
0.685 -4.83896 0.33593
0.6875 -4.55846 0.334642
0.69 -4.2767 0.333383
0.6925 -3.99386 0.33215
0.695 -3.71016 0.330942
0.6975 -3.4258 0.329758
0.7 -3.14096 0.328594
0.7025 -2.85587 0.327451
0.705 -2.57071 0.326325
0.7075 -2.28569 0.325216
0.71 -2.00099 0.32412
0.7125 -1.71683 0.323038
0.715 -1.43338 0.321965
0.7175 -1.15086 0.320902
0.72 -0.869437 0.319846
0.7225 -0.589318 0.318796
0.725 -0.310687 0.317749
0.7275 -0.0337307 0.316704
0.73 0.241365 0.31566
0.7325 0.514418 0.314613
0.735 0.785247 0.313564
0.7375 1.05367 0.31251
0.74 1.31952 0.311449
0.7425 1.58261 0.31038
0.745 1.84278 0.309301
0.7475 2.09986 0.30821
0.75 2.35368 0.307107
0.7525 2.60408 0.305988
0.755 2.85089 0.304854
0.7575 3.09397 0.303701
0.76 3.33315 0.30253
0.7625 3.56829 0.301337
0.765 3.79924 0.300122
0.7675 4.02585 0.298884
0.77 4.24799 0.29762
0.7725 4.46551 0.296329
0.775 4.67829 0.295011
0.7775 4.88618 0.293664
0.78 5.08908 0.292286
0.7825 5.28685 0.290876
0.785 5.47938 0.289433
0.7875 5.66654 0.287956
0.79 5.84824 0.286443
0.7925 6.02437 0.284894
0.795 6.19481 0.283308
0.7975 6.35948 0.281682
0.8 6.51828 0.280017
0.8025 6.67111 0.278311
0.805 6.81791 0.276563
0.8075 6.95857 0.274773
0.81 7.09303 0.272939
0.8125 7.22122 0.271061
0.815 7.34306 0.269138
0.8175 7.4585 0.267169
0.82 7.56747 0.265154
0.8225 7.66992 0.263091
0.825 7.7658 0.26098
0.8275 7.85506 0.25882
0.83 7.93767 0.256612
0.8325 8.01359 0.254354
0.835 8.08279 0.252045
0.8375 8.14524 0.249687
0.84 8.20091 0.247277
0.8425 8.24981 0.244816
0.845 8.2919 0.242304
0.8475 8.32718 0.23974
0.85 8.35565 0.237123
0.8525 8.37731 0.234455
0.855 8.39217 0.231734
0.8575 8.40023 0.228961
0.86 8.40152 0.226135
0.8625 8.39605 0.223256
0.865 8.38385 0.220326
0.8675 8.36494 0.217342
0.87 8.33936 0.214307
0.8725 8.30715 0.211219
0.875 8.26835 0.20808
0.8775 8.22301 0.204889
0.88 8.17117 0.201646
0.8825 8.1129 0.198353
0.885 8.04826 0.195008
0.8875 7.9773 0.191614
0.89 7.9001 0.188169
0.8925 7.81673 0.184675
0.895 7.72727 0.181133
0.8975 7.63179 0.177542
0.9 7.53039 0.173903
0.9025 7.42314 0.170217
0.905 7.31016 0.166485
0.9075 7.19152 0.162707
0.91 7.06733 0.158884
0.9125 6.93769 0.155017
0.915 6.80272 0.151107
0.9175 6.66252 0.147154
0.92 6.5172 0.14316
0.9225 6.36689 0.139125
0.925 6.21171 0.13505
0.9275 6.05178 0.130936
0.93 5.88722 0.126784
0.9325 5.71818 0.122596
0.935 5.54477 0.118372
0.9375 5.36714 0.114113
0.94 5.18543 0.109821
0.9425 4.99978 0.105496
0.945 4.81033 0.10114
0.9475 4.61723 0.0967538
0.95 4.42063 0.0923389
0.9525 4.22068 0.0878963
0.955 4.01753 0.0834274
0.9575 3.81135 0.0789334
0.96 3.60228 0.0744155
0.9625 3.39049 0.0698752
0.965 3.17613 0.0653136
0.9675 2.95938 0.0607322
0.97 2.7404 0.0561323
0.9725 2.51935 0.0515153
0.975 2.2964 0.0468826
0.9775 2.07172 0.0422354
0.98 1.84547 0.0375754
0.9825 1.61784 0.0329038
0.985 1.38899 0.0282221
0.9875 1.15909 0.0235317
0.99 0.928323 0.0188341
0.9925 0.696854 0.0141306
0.995 0.464861 0.00942284
0.9975 0.232518 0.00471215
1 3.62603e-15 7.34788e-17
